-230.725
-234.496
-196.821
-195.823
-216.902
-228.008
-205.437
-215.546
-218.720
-229.313
-235.614
-233.282
-207.091
-208.613
-210.376
-212.073
-231.028
-157.816
-230.470
-233.112
-226.571
-185.259
-226.965
-231.442
-223.103
-232.382
-197.713
-217.181
-229.356
-233.080
-230.815
-234.576
-230.783
-218.064
-235.840
-214.939
-224.485
-188.206
-234.284
-229.765
-235.193
-239.580
-235.703
-235.679
-235.896
-236.703
-235.780
-234.610
-235.722
-236.240
-236.508
-234.006
-234.644
-235.222
-236.602
-234.485
-236.490
-235.940
-235.042
-236.502
-223.110
-227.002
-234.613
-233.048
-234.981
-232.325
-233.742
-230.171
-232.704
-231.390
-231.638
-230.301
-235.277
-229.932
-230.302
-206.561
-227.637
-234.826
-229.630
-234.867
-229.787
-222.968
-229.928
-226.763
-234.859
-228.483
-234.719
-228.873
-235.940
-236.508
-234.576
-231.697
-231.715
-225.239
-234.211
-233.201
-233.818
-230.462
-225.408
-214.266
-235.608
-235.739
-233.491
-235.061
-239.580
-236.703
-236.602
-236.508
-233.703
-225.818
-229.914
-233.091
-232.348
-222.014
-224.715
-233.732
-227.389
-234.394
-228.108
-232.856
-233.911
-232.047
-234.682
-230.281
-232.068
-228.702
-233.345
-231.753
-231.011
-226.538
-235.638
-205.403
-233.491
-227.732
-229.888
-234.900
-236.508
-232.415
-234.274
-236.703
-229.386
-210.413
-231.313
-223.991
-231.892
-234.795
-231.830
-231.107
-231.218
-234.917
-234.733
-235.558
-239.580
-236.703
-236.602
-236.508
