  ID   Compositions    Enthalpies    Volumes    fitness  SYMM
                       (eV/atom)    (A^3/atom)    ()         
  42  [    17 40  ]     -4.2031     24.0779   -239.5795     0
  46  [    17 40  ]     -4.1527     27.2287   -236.7030     0
  55  [    17 40  ]     -4.1509     27.2287   -236.6021     0
  51  [    17 40  ]     -4.1493     27.2287   -236.5079     0
  60  [    17 40  ]     -4.1492     19.6548   -236.5019     0
  57  [    17 40  ]     -4.1489     27.2287   -236.4899     0
  50  [    17 40  ]     -4.1446     27.2287   -236.2402     0
  58  [    17 40  ]     -4.1393     27.2287   -235.9401     0
  45  [    17 40  ]     -4.1385     27.2287   -235.8963     0
  35  [    17 40  ]     -4.1375     27.2287   -235.8402     0
  47  [    17 40  ]     -4.1365     27.2287   -235.7797     0
 102  [    17 40  ]     -4.1358     27.2287   -235.7386     0
  49  [    17 40  ]     -4.1355     27.2287   -235.7225     0
  43  [    17 40  ]     -4.1351     27.2287   -235.7035     0
  44  [    17 40  ]     -4.1347     27.2287   -235.6788     0
 131  [    17 40  ]     -4.1340     27.2287   -235.6376     0
  11  [    17 40  ]     -4.1336     27.2287   -235.6136     0
 101  [    17 40  ]     -4.1335     27.2287   -235.6077     0
 152  [    17 40  ]     -4.1326     27.2287   -235.5581     0
  73  [    17 40  ]     -4.1277     27.2287   -235.2768     0
