Gen   ID    Origin   Composition    Enthalpy   Volume  Density   Fitness   KPOINTS  SYMM  Q_entr A_order S_order
                                      (eV)     (A^3)  (g/cm^3)
  1    1   Random    [    17 40  ]  -230.725  1552.036   3.011   -230.725 [ 1  1  1]   0  0.239  0.163  2.023
  1    2   Random    [    17 40  ]  -234.496  1552.036   3.011   -234.496 [ 1  1  1]   0  0.172  0.162  2.312
  1    3   Random    [    17 40  ]  -196.821  1552.036   3.011   -196.821 [ 1  1  1]   0  0.206  0.162  3.295
  1    4   Random    [    17 40  ]  -195.823  1552.036   3.011   -195.823 [ 1  1  1]   0  0.155  0.162  3.932
  1    5   Random    [    17 40  ]  -216.902  1552.036   3.011   -216.902 [ 1  1  1]   0  0.175  0.162  2.242
  1    6   Random    [    17 40  ]  -228.008  1552.036   3.011   -228.008 [ 1  1  1]   0  0.217  0.162  2.309
  1    7   Random    [    17 40  ]  -205.437  1552.036   3.011   -205.437 [ 1  1  1]   0  0.164  0.162  3.419
  1    8   Random    [    17 40  ]  -215.546  1552.036   3.011   -215.546 [ 1  1  1]   0  0.215  0.162  3.978
  1    9   Random    [    17 40  ]  -218.720  1552.036   3.011   -218.720 [ 1  1  1]   0  0.190  0.162  2.390
  1   10   Random    [    17 40  ]  -229.313  1552.036   3.011   -229.313 [ 1  1  1]   0  0.026  0.161  3.394
  1   11   Random    [    17 40  ]  -235.614  1552.036   3.011   -235.614 [ 1  1  1]   0  0.158  0.162  3.745
  1   12   Random    [    17 40  ]  -233.282  1552.036   3.011   -233.282 [ 1  1  1]   0  0.251  0.161  2.699
  1   13   Random    [    17 40  ]  -207.091  1552.036   3.011   -207.091 [ 1  1  1]   0  0.161  0.161  3.875
  1   14   Random    [    17 40  ]  -208.613  1552.036   3.011   -208.613 [ 1  1  1]   0  0.089  0.162  3.371
  1   15   Random    [    17 40  ]  -210.376  1552.036   3.011   -210.376 [ 1  1  1]   0  0.267  0.162  2.862
  1   16   Random    [    17 40  ]  -212.073  1552.036   3.011   -212.073 [ 1  1  1]   0  0.184  0.162  2.792
  1   17   Random    [    17 40  ]  -231.028  1552.036   3.011   -231.028 [ 1  1  1]   0  0.218  0.162  2.376
  1   18   Random    [    17 40  ]  -157.816  1552.036   3.011   -157.816 [ 1  1  1]   0  0.089  0.161  8.527
  1   19   Random    [    17 40  ]  -230.470  1552.036   3.011   -230.470 [ 1  1  1]   0  0.257  0.162  1.979
  1   20   Random    [    17 40  ]  -233.112  1552.036   3.011   -233.112 [ 1  1  1]   0  0.123  0.161  2.805
  1   21   Random    [    17 40  ]  -226.571  1552.036   3.011   -226.571 [ 1  1  1]   0  0.174  0.161  6.377
  1   22   Random    [    17 40  ]  -185.259  1552.036   3.011   -185.259 [ 1  1  1]   0  0.179  0.163  5.855
  1   23   Random    [    17 40  ]  -226.965  1552.036   3.011   -226.965 [ 1  1  1]   0  0.239  0.163  2.516
  1   24   Random    [    17 40  ]  -231.442  1552.036   3.011   -231.442 [ 1  1  1]   0  0.223  0.163  1.947
  1   25   Random    [    17 40  ]  -223.103  1552.036   3.011   -223.103 [ 1  1  1]   0  0.261  0.162  2.767
  1   26   Random    [    17 40  ]  -232.382  1552.036   3.011   -232.382 [ 1  1  1]   0  0.122  0.161  3.093
  1   27   Random    [    17 40  ]  -197.713  1552.036   3.011   -197.713 [ 1  1  1]   0  0.199  0.162  2.600
  1   28   Random    [    17 40  ]  -217.181  1552.036   3.011   -217.181 [ 1  1  1]   0  0.247  0.163  2.872
  1   29   Random    [    17 40  ]  -229.356  1552.036   3.011   -229.356 [ 1  1  1]   0  0.216  0.162  2.391
  1   30   Random    [    17 40  ]  -233.080  1552.036   3.011   -233.080 [ 1  1  1]   0  0.162  0.162  2.083
  1   31   Random    [    17 40  ]  -230.815  1552.036   3.011   -230.815 [ 1  1  1]   0  0.176  0.162  2.317
  1   32   Random    [    17 40  ]  -234.576  1552.036   3.011   -234.576 [ 1  1  1]   0  0.191  0.162  2.194
  1   33   Random    [    17 40  ]  -230.783  1552.036   3.011   -230.783 [ 1  1  1]   0  0.096  0.162  3.445
  1   34   Random    [    17 40  ]  -218.064  1552.036   3.011   -218.064 [ 1  1  1]   0  0.236  0.163  3.422
  1   35   Random    [    17 40  ]  -235.840  1552.036   3.011   -235.840 [ 1  1  1]   0  0.172  0.162  2.305
  1   36   Random    [    17 40  ]  -214.939  1552.036   3.011   -214.939 [ 1  1  1]   0  0.190  0.163  3.402
  1   37   Random    [    17 40  ]  -224.485  1552.036   3.011   -224.485 [ 1  1  1]   0  0.214  0.163  4.655
  1   38   Random    [    17 40  ]  -188.206  1552.036   3.011   -188.206 [ 1  1  1]   0  0.176  0.161  7.495
  1   39   Random    [    17 40  ]  -234.284  1552.036   3.011   -234.284 [ 1  1  1]   0  0.168  0.162  4.124
  1   40   Random    [    17 40  ]  -229.765  1552.036   3.011   -229.765 [ 1  1  1]   0  0.150  0.163  2.833
  1   41   Seeds     [    17 40  ]  -235.193  1552.036   3.011   -235.193 [ 1  1  1]   0  0.225  0.162  1.910
  1   42   Seeds     [    17 40  ]  -239.580  1372.438   3.405   -239.580 [ 1  1  1]   0  0.068  0.161  2.600
  1   43   Seeds     [    17 40  ]  -235.703  1552.036   3.011   -235.703 [ 1  1  1]   0  0.211  0.162  1.872
  1   44   Seeds     [    17 40  ]  -235.679  1552.036   3.011   -235.679 [ 1  1  1]   0  0.149  0.163  2.957
  1   45   Seeds     [    17 40  ]  -235.896  1552.036   3.011   -235.896 [ 1  1  1]   0  0.219  0.162  1.862
  1   46   Seeds     [    17 40  ]  -236.703  1552.036   3.011   -236.703 [ 1  1  1]   0  0.205  0.163  2.233
  1   47   Seeds     [    17 40  ]  -235.780  1552.036   3.011   -235.780 [ 1  1  1]   0  0.209  0.162  1.979
  1   48   Seeds     [    17 40  ]  -234.610  1552.036   3.011   -234.610 [ 1  1  1]   0  0.194  0.162  1.884
  1   49   Seeds     [    17 40  ]  -235.722  1552.036   3.011   -235.722 [ 1  1  1]   0  0.259  0.163  2.116
  1   50   Seeds     [    17 40  ]  -236.240  1552.036   3.011   -236.240 [ 1  1  1]   0  0.211  0.163  2.221
  1   51   Seeds     [    17 40  ]  -236.508  1552.036   3.011   -236.508 [ 1  1  1]   0  0.218  0.163  2.497
  1   52   Seeds     [    17 40  ]  -234.006  1552.036   3.011   -234.006 [ 1  1  1]   0  0.198  0.162  1.836
  1   53   Seeds     [    17 40  ]  -234.644  1552.036   3.011   -234.644 [ 1  1  1]   0  0.146  0.162  2.171
  1   54   Seeds     [    17 40  ]  -235.222  1552.036   3.011   -235.222 [ 1  1  1]   0  0.141  0.163  2.596
  1   55   Seeds     [    17 40  ]  -236.602  1552.036   3.011   -236.602 [ 1  1  1]   0  0.212  0.162  2.414
  1   56   Seeds     [    17 40  ]  -234.485  1552.036   3.011   -234.485 [ 1  1  1]   0  0.253  0.162  2.017
  1   57   Seeds     [    17 40  ]  -236.490  1552.036   3.011   -236.490 [ 1  1  1]   0  0.173  0.162  2.583
  1   58   Seeds     [    17 40  ]  -235.940  1552.036   3.011   -235.940 [ 1  1  1]   0  0.245  0.162  2.022
  1   59   Seeds     [    17 40  ]  -235.042  1552.036   3.011   -235.042 [ 1  1  1]   0  0.178  0.162  2.307
  1   60   Seeds     [    17 40  ]  -236.502  1120.322   4.171   -236.502 [ 1  1  1]   0  0.043  0.163  2.445
  2   61 Heredity    [    17 40  ]  -223.110  1552.036   3.011   -223.110 [ 1  1  1]   0  0.231  0.162  2.001
  2   62 Heredity    [    17 40  ]  -227.002  1552.036   3.011   -227.002 [ 1  1  1]   0  0.242  0.162  2.930
  2   63 Heredity    [    17 40  ]  -234.613  1552.036   3.011   -234.613 [ 1  1  1]   0  0.216  0.162  1.846
  2   64 Heredity    [    17 40  ]  -233.048  1552.036   3.011   -233.048 [ 1  1  1]   0  0.247  0.162  2.073
  2   65 Heredity    [    17 40  ]  -234.981  1552.036   3.011   -234.981 [ 1  1  1]   0  0.214  0.162  2.001
  2   66 Heredity    [    17 40  ]  -232.325  1552.036   3.011   -232.325 [ 1  1  1]   0  0.223  0.162  1.925
  2   67 Heredity    [    17 40  ]  -233.742  1552.036   3.011   -233.742 [ 1  1  1]   0  0.237  0.162  1.969
  2   68 Heredity    [    17 40  ]  -230.171  1552.036   3.011   -230.171 [ 1  1  1]   0  0.204  0.163  2.149
  2   69 Heredity    [    17 40  ]  -232.704  1552.036   3.011   -232.704 [ 1  1  1]   0  0.210  0.162  2.145
  2   70 Heredity    [    17 40  ]  -231.390  1552.036   3.011   -231.390 [ 1  1  1]   0  0.227  0.162  1.836
  2   71 Heredity    [    17 40  ]  -231.638  1552.036   3.011   -231.638 [ 1  1  1]   0  0.201  0.161  1.977
  2   72 Heredity    [    17 40  ]  -230.301  1552.036   3.011   -230.301 [ 1  1  1]   0  0.207  0.163  1.952
  2   73 Heredity    [    17 40  ]  -235.277  1552.036   3.011   -235.277 [ 1  1  1]   0  0.242  0.163  2.044
  2   74 Heredity    [    17 40  ]  -229.932  1552.036   3.011   -229.932 [ 1  1  1]   0  0.208  0.162  2.067
  2   75 Heredity    [    17 40  ]  -230.302  1552.036   3.011   -230.302 [ 1  1  1]   0  0.201  0.162  1.962
  2   76 Heredity    [    17 40  ]  -206.561  1552.036   3.011   -206.561 [ 1  1  1]   0  0.232  0.162  2.000
  2   77 Heredity    [    17 40  ]  -227.637  1552.036   3.011   -227.637 [ 1  1  1]   0  0.225  0.163  1.938
  2   78 Heredity    [    17 40  ]  -234.826  1552.036   3.011   -234.826 [ 1  1  1]   0  0.194  0.162  1.859
  2   79 Heredity    [    17 40  ]  -229.630  1552.036   3.011   -229.630 [ 1  1  1]   0  0.244  0.162  2.167
  2   80 Heredity    [    17 40  ]  -234.867  1552.036   3.011   -234.867 [ 1  1  1]   0  0.236  0.162  2.021
  2   81   Random    [    17 40  ]  -229.787  1552.036   3.011   -229.787 [ 1  1  1]   0  0.144  0.162  2.937
  2   82   Random    [    17 40  ]  -222.968  1552.036   3.011   -222.968 [ 1  1  1]   0  0.000  0.162  3.885
  2   83   Random    [    17 40  ]  -229.928  1552.036   3.011   -229.928 [ 1  1  1]   0  0.223  0.162  2.864
  2   84   Random    [    17 40  ]  -226.763  1552.036   3.011   -226.763 [ 1  1  1]   0  0.158  0.163  2.586
  2   85   Random    [    17 40  ]  -234.859  1552.036   3.011   -234.859 [ 1  1  1]   0  0.193  0.162  2.576
  2   86   Random    [    17 40  ]  -228.483  1552.036   3.011   -228.483 [ 1  1  1]   0  0.155  0.162  2.576
  2   87   Random    [    17 40  ]  -234.719  1552.036   3.011   -234.719 [ 1  1  1]   0  0.108  0.163  2.760
  2   88   Random    [    17 40  ]  -228.873  1552.036   3.011   -228.873 [ 1  1  1]   0  0.155  0.162  2.236
  2   89 Permutate   [    17 40  ]  -235.940  1552.036   3.011   -235.844 [ 1  1  1]   0  0.245  0.162  2.022
  2   90 Permutate   [    17 40  ]  -236.508  1552.036   3.011   -236.411 [ 1  1  1]   0  0.218  0.163  2.497
  2   91 Permutate   [    17 40  ]  -234.576  1552.036   3.011   -234.480 [ 1  1  1]   0  0.191  0.162  2.194
  2   92 Permutate   [    17 40  ]  -231.697  1563.230   2.989   -231.697 [ 1  1  1]   0  0.178  0.162  2.724
  2   93 softmutate  [    17 40  ]  -231.715  1552.036   3.011   -231.715 [ 1  1  1]   0  0.222  0.162  2.753
  2   94 softmutate  [    17 40  ]  -225.239  1552.036   3.011   -225.239 [ 1  1  1]   0  0.184  0.162  2.909
  2   95 softmutate  [    17 40  ]  -234.211  1552.036   3.011   -234.211 [ 1  1  1]   0  0.222  0.162  1.973
  2   96 softmutate  [    17 40  ]  -233.201  1552.036   3.011   -233.201 [ 1  1  1]   0  0.222  0.163  1.806
  2   97 softmutate  [    17 40  ]  -233.818  1552.036   3.011   -233.818 [ 1  1  1]   0  0.247  0.162  1.996
  2   98 softmutate  [    17 40  ]  -230.462  1552.036   3.011   -230.462 [ 1  1  1]   0  0.213  0.163  2.415
  2   99 softmutate  [    17 40  ]  -225.408  1552.036   3.011   -225.408 [ 1  1  1]   0  0.232  0.161  3.237
  2  100 softmutate  [    17 40  ]  -214.266  1552.036   3.011   -214.266 [ 1  1  1]   0  0.234  0.161  2.212
  2  101 Transmutate [    17 40  ]  -235.608  1552.036   3.011   -235.608 [ 1  1  1]   0  0.228  0.162  2.185
  2  102 Transmutate [    17 40  ]  -235.739  1552.036   3.011   -235.739 [ 1  1  1]   0  0.229  0.162  1.958
  2  103 Transmutate [    17 40  ]  -233.491  1552.036   3.011   -233.491 [ 1  1  1]   0  0.241  0.162  1.955
  2  104 Transmutate [    17 40  ]  -235.061  1552.036   3.011   -235.061 [ 1  1  1]   0  0.204  0.162  2.069
  2  105 keptBest    [    17 40  ]  -239.580  1372.438   3.405   -239.483 [ 1  1  1]   0  0.068  0.161  2.600
  2  106 keptBest    [    17 40  ]  -236.703  1552.036   3.011   -236.606 [ 1  1  1]   0  0.205  0.163  2.233
  2  107 keptBest    [    17 40  ]  -236.602  1552.036   3.011   -236.505 [ 1  1  1]   0  0.212  0.162  2.414
  2  108 keptBest    [    17 40  ]  -236.508  1552.036   3.011   -236.411 [ 1  1  1]   0  0.218  0.163  2.497
  3  109 Heredity    [    17 40  ]  -233.703  1552.036   3.011   -233.703 [ 1  1  1]   0  0.214  0.162  1.824
  3  110 Heredity    [    17 40  ]  -225.818  1552.036   3.011   -225.818 [ 1  1  1]   0  0.217  0.162  1.872
  3  111 Heredity    [    17 40  ]  -229.914  1552.036   3.011   -229.914 [ 1  1  1]   0  0.259  0.162  2.079
  3  112 Heredity    [    17 40  ]  -233.091  1552.036   3.011   -233.091 [ 1  1  1]   0  0.235  0.162  1.921
  3  113 Heredity    [    17 40  ]  -232.348  1552.036   3.011   -232.348 [ 1  1  1]   0  0.220  0.163  1.971
  3  114 Heredity    [    17 40  ]  -222.014  1552.036   3.011   -222.014 [ 1  1  1]   0  0.248  0.162  2.209
  3  115 Heredity    [    17 40  ]  -224.715  1552.036   3.011   -224.715 [ 1  1  1]   0  0.245  0.163  2.388
  3  116 Heredity    [    17 40  ]  -233.732  1552.036   3.011   -233.732 [ 1  1  1]   0  0.180  0.162  2.000
  3  117 Heredity    [    17 40  ]  -227.389  1552.036   3.011   -227.389 [ 1  1  1]   0  0.229  0.162  1.860
  3  118 Heredity    [    17 40  ]  -234.394  1552.036   3.011   -234.394 [ 1  1  1]   0  0.261  0.163  1.984
  3  119 Heredity    [    17 40  ]  -228.108  1552.036   3.011   -228.108 [ 1  1  1]   0  0.219  0.163  2.142
  3  120 Heredity    [    17 40  ]  -232.856  1552.036   3.011   -232.856 [ 1  1  1]   0  0.232  0.162  1.872
  3  121 Heredity    [    17 40  ]  -233.911  1552.036   3.011   -233.911 [ 1  1  1]   0  0.239  0.162  2.062
  3  122 Heredity    [    17 40  ]  -232.047  1552.036   3.011   -232.047 [ 1  1  1]   0  0.217  0.162  1.883
  3  123 Heredity    [    17 40  ]  -234.682  1552.036   3.011   -234.682 [ 1  1  1]   0  0.237  0.163  1.961
  3  124 Heredity    [    17 40  ]  -230.281  1552.036   3.011   -230.281 [ 1  1  1]   0  0.223  0.162  2.011
  3  125 Heredity    [    17 40  ]  -232.068  1552.036   3.011   -232.068 [ 1  1  1]   0  0.228  0.162  1.899
  3  126 Heredity    [    17 40  ]  -228.702  1552.036   3.011   -228.702 [ 1  1  1]   0  0.262  0.162  2.019
  3  127 Heredity    [    17 40  ]  -233.345  1552.036   3.011   -233.345 [ 1  1  1]   0  0.190  0.162  1.925
  3  128 Heredity    [    17 40  ]  -231.753  1552.036   3.011   -231.753 [ 1  1  1]   0  0.228  0.162  1.874
  3  129   Random    [    17 40  ]  -231.011  1552.036   3.011   -231.011 [ 1  1  1]   0  0.180  0.161  2.972
  3  130   Random    [    17 40  ]  -226.538  1552.036   3.011   -226.538 [ 1  1  1]   0  0.072  0.163  3.035
  3  131   Random    [    17 40  ]  -235.638  1552.036   3.011   -235.638 [ 1  1  1]   0  0.204  0.162  2.198
  3  132   Random    [    17 40  ]  -205.403  1552.036   3.011   -205.403 [ 1  1  1]   0  0.171  0.162  2.500
  3  133   Random    [    17 40  ]  -233.491  1552.036   3.011   -233.491 [ 1  1  1]   0  0.103  0.162  3.743
  3  134   Random    [    17 40  ]  -227.732  1552.036   3.011   -227.732 [ 1  1  1]   0  0.246  0.162  2.095
  3  135   Random    [    17 40  ]  -229.888  1552.036   3.011   -229.888 [ 1  1  1]   0  0.259  0.161  2.114
  3  136   Random    [    17 40  ]  -234.900  1552.036   3.011   -234.900 [ 1  1  1]   0  0.244  0.162  1.847
  3  137 Permutate   [    17 40  ]  -236.508  1552.036   3.011   -236.320 [ 1  1  1]   0  0.218  0.163  2.497
  3  138 Permutate   [    17 40  ]  -232.415  1552.036   3.011   -232.415 [ 1  1  1]   0  0.249  0.162  2.136
  3  139 Permutate   [    17 40  ]  -234.274  1552.036   3.011   -234.274 [ 1  1  1]   0  0.221  0.162  1.913
  3  140 Permutate   [    17 40  ]  -236.703  1552.036   3.011   -236.561 [ 1  1  1]   0  0.205  0.163  2.233
  3  141 softmutate  [    17 40  ]  -229.386  1552.036   3.011   -229.386 [ 1  1  1]   0  0.200  0.161  1.797
  3  142 softmutate  [    17 40  ]  -210.413  1552.036   3.011   -210.413 [ 1  1  1]   0  0.204  0.162  2.560
  3  143 softmutate  [    17 40  ]  -231.313  1552.036   3.011   -231.313 [ 1  1  1]   0  0.169  0.162  1.930
  3  144 softmutate  [    17 40  ]  -223.991  1552.036   3.011   -223.991 [ 1  1  1]   0  0.238  0.162 13.784
  3  145 softmutate  [    17 40  ]  -231.892  1552.036   3.011   -231.892 [ 1  1  1]   0  0.234  0.162  2.081
  3  146 softmutate  [    17 40  ]  -234.795  1552.036   3.011   -234.795 [ 1  1  1]   0  0.221  0.162  1.938
  3  147 softmutate  [    17 40  ]  -231.830  1552.036   3.011   -231.830 [ 1  1  1]   0  0.223  0.163  1.863
  3  148 softmutate  [    17 40  ]  -231.107  1552.036   3.011   -231.107 [ 1  1  1]   0  0.239  0.162  1.949
  3  149 Transmutate [    17 40  ]  -231.218  1563.230   2.989   -231.218 [ 1  1  1]   0  0.232  0.162  2.418
  3  150 Transmutate [    17 40  ]  -234.917  1552.036   3.011   -234.917 [ 1  1  1]   0  0.225  0.162  1.984
  3  151 Transmutate [    17 40  ]  -234.733  1552.036   3.011   -234.733 [ 1  1  1]   0  0.206  0.162  2.009
  3  152 Transmutate [    17 40  ]  -235.558  1552.036   3.011   -235.558 [ 1  1  1]   0  0.205  0.162  1.981
  3  153 keptBest    [    17 40  ]  -239.580  1372.438   3.405   -239.437 [ 1  1  1]   0  0.068  0.161  2.600
  3  154 keptBest    [    17 40  ]  -236.703  1552.036   3.011   -236.561 [ 1  1  1]   0  0.205  0.163  2.233
  3  155 keptBest    [    17 40  ]  -236.602  1552.036   3.011   -236.460 [ 1  1  1]   0  0.212  0.162  2.414
  3  156 keptBest    [    17 40  ]  -236.508  1552.036   3.011   -236.320 [ 1  1  1]   0  0.218  0.163  2.497
