 ID    Origin    Enthalpy   Parent-E   Parent-ID
   1   Random      -4.048    -4.048  [         0]
   2   Random      -4.114    -4.114  [         0]
   3   Random      -3.453    -3.453  [         0]
   4   Random      -3.435    -3.435  [         0]
   5   Random      -3.805    -3.805  [         0]
   6   Random      -4.000    -4.000  [         0]
   7   Random      -3.604    -3.604  [         0]
   8   Random      -3.782    -3.782  [         0]
   9   Random      -3.837    -3.837  [         0]
  10   Random      -4.023    -4.023  [         0]
  11   Random      -4.134    -4.134  [         0]
  12   Random      -4.093    -4.093  [         0]
  13   Random      -3.633    -3.633  [         0]
  14   Random      -3.660    -3.660  [         0]
  15   Random      -3.691    -3.691  [         0]
  16   Random      -3.721    -3.721  [         0]
  17   Random      -4.053    -4.053  [         0]
  18   Random      -2.769    -2.769  [         0]
  19   Random      -4.043    -4.043  [         0]
  20   Random      -4.090    -4.090  [         0]
  21   Random      -3.975    -3.975  [         0]
  22   Random      -3.250    -3.250  [         0]
  23   Random      -3.982    -3.982  [         0]
  24   Random      -4.060    -4.060  [         0]
  25   Random      -3.914    -3.914  [         0]
  26   Random      -4.077    -4.077  [         0]
  27   Random      -3.469    -3.469  [         0]
  28   Random      -3.810    -3.810  [         0]
  29   Random      -4.024    -4.024  [         0]
  30   Random      -4.089    -4.089  [         0]
  31   Random      -4.049    -4.049  [         0]
  32   Random      -4.115    -4.115  [         0]
  33   Random      -4.049    -4.049  [         0]
  34   Random      -3.826    -3.826  [         0]
  35   Random      -4.138    -4.138  [         0]
  36   Random      -3.771    -3.771  [         0]
  37   Random      -3.938    -3.938  [         0]
  38   Random      -3.302    -3.302  [         0]
  39   Random      -4.110    -4.110  [         0]
  40   Random      -4.031    -4.031  [         0]
  41   Seeds       -4.126    [          ]
  42   Seeds       -4.203    [          ]
  43   Seeds       -4.135    [          ]
  44   Seeds       -4.135    [          ]
  45   Seeds       -4.139    [          ]
  46   Seeds       -4.153    [          ]
  47   Seeds       -4.136    [          ]
  48   Seeds       -4.116    [          ]
  49   Seeds       -4.135    [          ]
  50   Seeds       -4.145    [          ]
  51   Seeds       -4.149    [          ]
  52   Seeds       -4.105    [          ]
  53   Seeds       -4.117    [          ]
  54   Seeds       -4.127    [          ]
  55   Seeds       -4.151    [          ]
  56   Seeds       -4.114    [          ]
  57   Seeds       -4.149    [          ]
  58   Seeds       -4.139    [          ]
  59   Seeds       -4.124    [          ]
  60   Seeds       -4.149    [          ]
  61 Heredity      -3.914    -4.136  [    50  54]
  62 Heredity      -3.982    -4.107  [    60  12]
  63 Heredity      -4.116    -4.136  [    51  41]
  64 Heredity      -4.089    -4.092  [    31  44]
  65 Heredity      -4.122    -4.139  [    51  53]
  66 Heredity      -4.076    -4.167  [    42  57]
  67 Heredity      -4.101    -4.125  [    56  58]
  68 Heredity      -4.038    -4.152  [    46  55]
  69 Heredity      -4.083    -4.150  [    57  55]
  70 Heredity      -4.059    -4.138  [    47  58]
  71 Heredity      -4.064    -4.070  [    40  48]
  72 Heredity      -4.040    -4.141  [    51  43]
  73 Heredity      -4.128    -4.141  [    44  50]
  74 Heredity      -4.034    -4.163  [    54  42]
  75 Heredity      -4.040    -4.141  [    46  47]
  76 Heredity      -3.624    -4.170  [    42  35]
  77 Heredity      -3.994    -4.144  [    58  51]
  78 Heredity      -4.120    -4.131  [    51  53]
  79 Heredity      -4.029    -4.117  [    20  58]
  80 Heredity      -4.120    -4.137  [     2  55]
  81   Random      -4.031    -4.031  [         0]
  82   Random      -3.912    -3.912  [         0]
  83   Random      -4.034    -4.034  [         0]
  84   Random      -3.978    -3.978  [         0]
  85   Random      -4.120    -4.120  [         0]
  86   Random      -4.008    -4.008  [         0]
  87   Random      -4.118    -4.118  [         0]
  88   Random      -4.015    -4.015  [         0]
  89 Permutate     -4.139    -4.139  [        58]
  90 Permutate     -4.149    -4.149  [        51]
  91 Permutate     -4.115    -4.115  [        32]
  92 Permutate     -4.065    -4.203  [        42]
  93 softmutate    -4.065    -4.145  [        50]
  94 softmutate    -3.952    -4.127  [        54]
  95 softmutate    -4.109    -4.135  [        49]
  96 softmutate    -4.091    -4.139  [        45]
  97 softmutate    -4.102    -4.139  [        58]
  98 softmutate    -4.043    -4.049  [        31]
  99 softmutate    -3.955    -4.134  [        11]
 100 softmutate    -3.759    -4.124  [        59]
 101 Transmutate   -4.133    -4.127  [        54]
 102 Transmutate   -4.136    -4.135  [        49]
 103 Transmutate   -4.096    -4.105  [        52]
 104 Transmutate   -4.124    -4.151  [        55]
 105 keptBest      -4.203    -4.203  [        42]
 106 keptBest      -4.153    -4.153  [        46]
 107 keptBest      -4.151    -4.151  [        55]
 108 keptBest      -4.149    -4.149  [        51]
 109 Heredity      -4.100    -4.080  [    70  63]
 110 Heredity      -3.962    -4.144  [   78  105]
 111 Heredity      -4.034    -4.144  [  105   80]
 112 Heredity      -4.089    -4.129  [   78  101]
 113 Heredity      -4.076    -4.128  [    91  89]
 114 Heredity      -3.895    -4.084  [    93  80]
 115 Heredity      -3.942    -4.125  [    91  89]
 116 Heredity      -4.101    -4.121  [    87  73]
 117 Heredity      -3.989    -4.117  [   95  101]
 118 Heredity      -4.112    -4.133  [  102   73]
 119 Heredity      -4.002    -4.145  [   73  106]
 120 Heredity      -4.085    -4.091  [    63  92]
 121 Heredity      -4.104    -4.130  [  101   73]
 122 Heredity      -4.071    -4.105  [  102   96]
 123 Heredity      -4.117    -4.109  [    93  90]
 124 Heredity      -4.040    -4.134  [   67  107]
 125 Heredity      -4.071    -4.117  [    78  63]
 126 Heredity      -4.012    -4.140  [    90  73]
 127 Heredity      -4.094    -4.118  [   95  104]
 128 Heredity      -4.066    -4.138  [   89  102]
 129   Random      -4.053    -4.053  [         0]
 130   Random      -3.974    -3.974  [         0]
 131   Random      -4.134    -4.134  [         0]
 132   Random      -3.604    -3.604  [         0]
 133   Random      -4.096    -4.096  [         0]
 134   Random      -3.995    -3.995  [         0]
 135   Random      -4.033    -4.033  [         0]
 136   Random      -4.121    -4.121  [         0]
 137 Permutate     -4.149    -4.149  [        90]
 138 Permutate     -4.077    -4.102  [        97]
 139 Permutate     -4.110    -4.116  [        63]
 140 Permutate     -4.153    -4.153  [       106]
 141 softmutate    -4.024    -4.109  [        95]
 142 softmutate    -3.691    -4.102  [        97]
 143 softmutate    -4.058    -4.118  [        87]
 144 softmutate    -3.930    -4.133  [       101]
 145 softmutate    -4.068    -4.120  [        80]
 146 softmutate    -4.119    -4.122  [        65]
 147 softmutate    -4.067    -4.151  [       107]
 148 softmutate    -4.055    -4.153  [       106]
 149 Transmutate   -4.056    -4.203  [       105]
 150 Transmutate   -4.121    -4.136  [       102]
 151 Transmutate   -4.118    -4.133  [       101]
 152 Transmutate   -4.133    -4.133  [       101]
 153 keptBest      -4.203    -4.203  [       105]
 154 keptBest      -4.153    -4.153  [       106]
 155 keptBest      -4.151    -4.151  [       107]
 156 keptBest      -4.149    -4.149  [        90]
