-247.134
-232.641
-216.445
-232.352
-107.006
-147.085
-252.149
-224.536
-250.794
-109.853
-174.304
-247.482
-244.146
-232.272
-251.725
-211.012
-253.303
-245.362
-243.311
-240.287
-225.118
-238.660
-214.022
-227.307
-237.225
-240.275
-251.902
-237.488
-232.910
-239.600
-246.840
-222.912
-222.925
-249.257
-205.269
-248.987
-244.078
-236.862
-253.091
-245.258
-253.754
-250.323
-250.471
-251.996
-250.717
-240.030
-232.327
-244.735
-240.638
-241.417
-250.189
-247.970
-246.411
-245.083
-251.150
-240.264
-240.133
-243.889
-238.923
-243.511
-251.407
-245.424
-243.593
-240.914
-211.911
-188.916
-218.535
-248.483
-249.247
-220.450
-223.217
-233.229
-252.149
-248.484
-252.352
-252.352
-209.399
-234.280
-223.136
-240.471
-244.221
-221.278
-244.921
-238.712
-250.948
-247.077
-251.131
-239.441
-253.754
-253.303
-253.091
-252.149
-207.463
-245.236
-249.523
-245.016
-211.310
-236.389
-250.187
-219.401
-245.171
-242.677
-247.737
-247.691
-238.744
-241.673
-249.491
-249.317
-247.369
-238.196
-249.749
-212.363
-242.350
-234.467
-160.377
-185.215
-248.933
-250.718
-247.425
-248.401
-243.081
-250.904
-245.924
-250.556
-220.365
-252.697
-229.493
-248.042
-244.062
-251.696
-243.184
-247.531
-251.240
-247.768
-250.892
-250.050
-253.754
-253.303
-253.091
-252.149
