  ID   Compositions    Enthalpies    Volumes    fitness  SYMM
                       (eV/atom)    (A^3/atom)    ()         
  41  [    19 40  ]     -4.3009     16.0946   -253.7536     0
  17  [    19 40  ]     -4.2933     26.3057   -253.3031     0
  39  [    19 40  ]     -4.2897     26.3057   -253.0910     0
 126  [    19 40  ]     -4.2830     26.3057   -252.6970     0
  75  [    19 40  ]     -4.2772     26.3057   -252.3521     0
   7  [    19 40  ]     -4.2737     26.3057   -252.1487     0
  44  [    19 40  ]     -4.2711     24.1419   -251.9962     0
  27  [    19 40  ]     -4.2695     26.3057   -251.9018     0
  15  [    19 40  ]     -4.2665     26.3057   -251.7253     0
 130  [    19 40  ]     -4.2660     26.3057   -251.6961     0
  61  [    19 40  ]     -4.2611     26.3057   -251.4075     0
 133  [    19 40  ]     -4.2583     26.3057   -251.2398     0
  55  [    19 40  ]     -4.2568     26.3057   -251.1496     0
  87  [    19 40  ]     -4.2564     26.3057   -251.1305     0
  85  [    19 40  ]     -4.2534     26.3057   -250.9483     0
 122  [    19 40  ]     -4.2526     26.3057   -250.9043     0
 135  [    19 40  ]     -4.2524     26.3057   -250.8916     0
   9  [    19 40  ]     -4.2507     26.3057   -250.7935     0
 118  [    19 40  ]     -4.2495     26.3057   -250.7179     0
  45  [    19 40  ]     -4.2494     26.3057   -250.7168     0
