Gen   ID    Origin   Composition    Enthalpy   Volume  Density   Fitness   KPOINTS  SYMM  Q_entr A_order S_order
                                      (eV)     (A^3)  (g/cm^3)
  1    1   Random    [    19 40  ]  -247.134  1552.036   3.045   -247.134 [ 1  1  1]   0  0.194  0.192  1.918
  1    2   Random    [    19 40  ]  -232.641  1552.036   3.045   -232.641 [ 1  1  1]   0  0.258  0.191  2.272
  1    3   Random    [    19 40  ]  -216.445  1552.036   3.045   -216.445 [ 1  1  1]   0  0.170  0.193  2.604
  1    4   Random    [    19 40  ]  -232.352  1552.036   3.045   -232.352 [ 1  1  1]   0  0.223  0.192  2.516
  1    5   Random    [    19 40  ]  -107.006  1552.036   3.045   -107.006 [ 1  1  1]   0  0.224  0.192  5.155
  1    6   Random    [    19 40  ]  -147.085  1552.036   3.045   -147.085 [ 1  1  1]   0  0.237  0.192  4.444
  1    7   Random    [    19 40  ]  -252.149  1552.036   3.045   -252.149 [ 1  1  1]   0  0.139  0.192  2.234
  1    8   Random    [    19 40  ]  -224.536  1552.036   3.045   -224.536 [ 1  1  1]   0  0.248  0.192  2.157
  1    9   Random    [    19 40  ]  -250.794  1552.036   3.045   -250.794 [ 1  1  1]   0  0.159  0.191  2.212
  1   10   Random    [    19 40  ]  -109.853  1552.036   3.045   -109.853 [ 1  1  1]   0  0.064  0.192  8.546
  1   11   Random    [    19 40  ]  -174.304  1552.036   3.045   -174.304 [ 1  1  1]   0  0.226  0.192  4.034
  1   12   Random    [    19 40  ]  -247.482  1552.036   3.045   -247.482 [ 1  1  1]   0  0.167  0.193  3.147
  1   13   Random    [    19 40  ]  -244.146  1552.036   3.045   -244.146 [ 1  1  1]   0  0.208  0.192  2.280
  1   14   Random    [    19 40  ]  -232.272  1552.036   3.045   -232.272 [ 1  1  1]   0  0.224  0.192  2.730
  1   15   Random    [    19 40  ]  -251.725  1552.036   3.045   -251.725 [ 1  1  1]   0  0.141  0.193  2.771
  1   16   Random    [    19 40  ]  -211.012  1552.036   3.045   -211.012 [ 1  1  1]   0  0.049  0.192  4.664
  1   17   Random    [    19 40  ]  -253.303  1552.036   3.045   -253.303 [ 1  1  1]   0  0.144  0.193  3.286
  1   18   Random    [    19 40  ]  -245.362  1552.036   3.045   -245.362 [ 1  1  1]   0  0.195  0.192  3.675
  1   19   Random    [    19 40  ]  -243.311  1552.036   3.045   -243.311 [ 1  1  1]   0  0.157  0.191  3.390
  1   20   Random    [    19 40  ]  -240.287  1552.036   3.045   -240.287 [ 1  1  1]   0  0.234  0.192  1.914
  1   21   Random    [    19 40  ]  -225.118  1552.036   3.045   -225.118 [ 1  1  1]   0  0.121  0.192  3.361
  1   22   Random    [    19 40  ]  -238.660  1552.036   3.045   -238.660 [ 1  1  1]   0  0.197  0.193  3.170
  1   23   Random    [    19 40  ]  -214.022  1552.036   3.045   -214.022 [ 1  1  1]   0  0.159  0.192  3.125
  1   24   Random    [    19 40  ]  -227.307  1552.036   3.045   -227.307 [ 1  1  1]   0  0.171  0.192  3.316
  1   25   Random    [    19 40  ]  -237.225  1552.036   3.045   -237.225 [ 1  1  1]   0  0.232  0.191  1.815
  1   26   Random    [    19 40  ]  -240.275  1552.036   3.045   -240.275 [ 1  1  1]   0  0.108  0.193  2.641
  1   27   Random    [    19 40  ]  -251.902  1552.036   3.045   -251.902 [ 1  1  1]   0  0.217  0.192  1.829
  1   28   Random    [    19 40  ]  -237.488  1552.036   3.045   -237.488 [ 1  1  1]   0  0.236  0.191  2.187
  1   29   Random    [    19 40  ]  -232.910  1552.036   3.045   -232.910 [ 1  1  1]   0  0.232  0.192  2.465
  1   30   Random    [    19 40  ]  -239.600  1552.036   3.045   -239.600 [ 1  1  1]   0  0.155  0.192  2.818
  1   31   Random    [    19 40  ]  -246.840  1552.036   3.045   -246.840 [ 1  1  1]   0  0.222  0.192  1.944
  1   32   Random    [    19 40  ]  -222.912  1552.036   3.045   -222.912 [ 1  1  1]   0  0.226  0.192  2.251
  1   33   Random    [    19 40  ]  -222.925  1552.036   3.045   -222.925 [ 1  1  1]   0  0.247  0.192  2.363
  1   34   Random    [    19 40  ]  -249.257  1552.036   3.045   -249.257 [ 1  1  1]   0  0.233  0.190  1.814
  1   35   Random    [    19 40  ]  -205.269  1552.036   3.045   -205.269 [ 1  1  1]   0  0.208  0.192  2.937
  1   36   Random    [    19 40  ]  -248.987  1552.036   3.045   -248.987 [ 1  1  1]   0  0.211  0.192  1.830
  1   37   Random    [    19 40  ]  -244.078  1552.036   3.045   -244.078 [ 1  1  1]   0  0.192  0.192  2.667
  1   38   Random    [    19 40  ]  -236.862  1552.036   3.045   -236.862 [ 1  1  1]   0  0.184  0.192  2.302
  1   39   Random    [    19 40  ]  -253.091  1552.036   3.045   -253.091 [ 1  1  1]   0  0.150  0.192  3.046
  1   40   Random    [    19 40  ]  -245.258  1552.036   3.045   -245.258 [ 1  1  1]   0  0.184  0.193  3.291
  1   41   Seeds     [    19 40  ]  -253.754   949.580   4.977   -253.754 [ 1  1  1]   0  0.065  0.192  5.972
  1   42   Seeds     [    19 40  ]  -250.323  1933.711   2.444   -250.323 [ 1  1  1]   0  0.114  0.191  4.032
  1   43   Seeds     [    19 40  ]  -250.471  1566.548   3.017   -250.471 [ 1  1  1]   0  0.148  0.192  2.287
  1   44   Seeds     [    19 40  ]  -251.996  1424.372   3.318   -251.996 [ 1  1  1]   0  0.157  0.192  1.650
  2   45 Heredity    [    19 40  ]  -250.717  1552.036   3.045   -250.717 [ 1  1  1]   0  0.170  0.192  1.945
  2   46 Heredity    [    19 40  ]  -240.030  1552.036   3.045   -240.030 [ 1  1  1]   0  0.232  0.192  2.174
  2   47 Heredity    [    19 40  ]  -232.327  1552.036   3.045   -232.327 [ 1  1  1]   0  0.235  0.191  2.046
  2   48 Heredity    [    19 40  ]  -244.735  1552.036   3.045   -244.735 [ 1  1  1]   0  0.194  0.191  1.770
  2   49 Heredity    [    19 40  ]  -240.638  1552.036   3.045   -240.638 [ 1  1  1]   0  0.174  0.192  1.842
  2   50 Heredity    [    19 40  ]  -241.417  1552.036   3.045   -241.417 [ 1  1  1]   0  0.241  0.192  2.452
  2   51 Heredity    [    19 40  ]  -250.189  1552.036   3.045   -250.189 [ 1  1  1]   0  0.207  0.192  1.848
  2   52 Heredity    [    19 40  ]  -247.970  1552.036   3.045   -247.970 [ 1  1  1]   0  0.227  0.191  1.949
  2   53 Heredity    [    19 40  ]  -246.411  1552.036   3.045   -246.411 [ 1  1  1]   0  0.236  0.192  2.394
  2   54 Heredity    [    19 40  ]  -245.083  1552.036   3.045   -245.083 [ 1  1  1]   0  0.166  0.192  2.101
  2   55 Heredity    [    19 40  ]  -251.150  1552.036   3.045   -251.150 [ 1  1  1]   0  0.216  0.192  1.997
  2   56 Heredity    [    19 40  ]  -240.264  1552.036   3.045   -240.264 [ 1  1  1]   0  0.216  0.191  2.105
  2   57 Heredity    [    19 40  ]  -240.133  1552.036   3.045   -240.133 [ 1  1  1]   0  0.174  0.192  1.869
  2   58 Heredity    [    19 40  ]  -243.889  1552.036   3.045   -243.889 [ 1  1  1]   0  0.209  0.191  1.828
  2   59 Heredity    [    19 40  ]  -238.923  1552.036   3.045   -238.923 [ 1  1  1]   0  0.212  0.192  2.696
  2   60 Heredity    [    19 40  ]  -243.511  1552.036   3.045   -243.511 [ 1  1  1]   0  0.170  0.192  1.732
  2   61 Heredity    [    19 40  ]  -251.407  1552.036   3.045   -251.407 [ 1  1  1]   0  0.238  0.192  1.841
  2   62 Heredity    [    19 40  ]  -245.424  1552.036   3.045   -245.424 [ 1  1  1]   0  0.224  0.192  1.894
  2   63 Heredity    [    19 40  ]  -243.593  1552.036   3.045   -243.593 [ 1  1  1]   0  0.233  0.192  2.753
  2   64 Heredity    [    19 40  ]  -240.914  1552.036   3.045   -240.914 [ 1  1  1]   0  0.251  0.191  2.084
  2   65   Random    [    19 40  ]  -211.911  1552.036   3.045   -211.911 [ 1  1  1]   0  0.167  0.191  3.147
  2   66   Random    [    19 40  ]  -188.916  1552.036   3.045   -188.916 [ 1  1  1]   0  0.192  0.192  3.943
  2   67   Random    [    19 40  ]  -218.535  1552.036   3.045   -218.535 [ 1  1  1]   0  0.231  0.192  2.510
  2   68   Random    [    19 40  ]  -248.483  1552.036   3.045   -248.483 [ 1  1  1]   0  0.133  0.193  2.731
  2   69   Random    [    19 40  ]  -249.247  1552.036   3.045   -249.247 [ 1  1  1]   0  0.203  0.192  3.388
  2   70   Random    [    19 40  ]  -220.450  1552.036   3.045   -220.450 [ 1  1  1]   0  0.228  0.192  2.304
  2   71   Random    [    19 40  ]  -223.217  1552.036   3.045   -223.217 [ 1  1  1]   0  0.198  0.192  2.095
  2   72   Random    [    19 40  ]  -233.229  1552.036   3.045   -233.229 [ 1  1  1]   0  0.116  0.191  3.091
  2   73 Permutate   [    19 40  ]  -252.149  1552.036   3.045   -252.002 [ 1  1  1]   0  0.139  0.192  2.234
  2   74 Permutate   [    19 40  ]  -248.484  1797.960   2.628   -248.484 [ 1  1  1]   0  0.149  0.191  1.541
  2   75 Permutate   [    19 40  ]  -252.352  1552.036   3.045   -252.352 [ 1  1  1]   0  0.204  0.193  2.487
  2   76 Permutate   [    19 40  ]  -252.352  1552.036   3.045   -252.352 [ 1  1  1]   0  0.204  0.193  2.487
  2   77 softmutate  [    19 40  ]  -209.399  1552.036   3.045   -209.399 [ 1  1  1]   0  0.278  0.192  2.102
  2   78 softmutate  [    19 40  ]  -234.280  1552.036   3.045   -234.280 [ 1  1  1]   0  0.187  0.192  2.519
  2   79 softmutate  [    19 40  ]  -223.136  1552.036   3.045   -223.136 [ 1  1  1]   0  0.246  0.191  2.515
  2   80 softmutate  [    19 40  ]  -240.471  1552.036   3.045   -240.471 [ 1  1  1]   0  0.194  0.192  2.239
  2   81 CoorMutate  [    19 40  ]  -244.221  1797.960   2.628   -244.221 [ 1  1  1]   0  0.237  0.191  2.880
  2   82 softmutate  [    19 40  ]  -221.278  1552.036   3.045   -221.278 [ 1  1  1]   0  0.245  0.191  2.025
  2   83 softmutate  [    19 40  ]  -244.921  1552.036   3.045   -244.921 [ 1  1  1]   0  0.189  0.191  2.615
  2   84 softmutate  [    19 40  ]  -238.712  1552.036   3.045   -238.712 [ 1  1  1]   0  0.220  0.192  1.951
  2   85 Transmutate [    19 40  ]  -250.948  1552.036   3.045   -250.948 [ 1  1  1]   0  0.149  0.191  1.916
  2   86 Transmutate [    19 40  ]  -247.077  1538.168   3.072   -247.077 [ 1  1  1]   0  0.196  0.191  1.734
  2   87 Transmutate [    19 40  ]  -251.131  1552.036   3.045   -251.131 [ 1  1  1]   0  0.176  0.191  1.817
  2   88 Transmutate [    19 40  ]  -239.441  1552.036   3.045   -239.441 [ 1  1  1]   0  0.168  0.191  2.190
  2   89 keptBest    [    19 40  ]  -253.754   949.580   4.977   -253.607 [ 1  1  1]   0  0.065  0.192  5.972
  2   90 keptBest    [    19 40  ]  -253.303  1552.036   3.045   -253.156 [ 1  1  1]   0  0.144  0.193  3.286
  2   91 keptBest    [    19 40  ]  -253.091  1552.036   3.045   -252.944 [ 1  1  1]   0  0.150  0.192  3.046
  2   92 keptBest    [    19 40  ]  -252.149  1552.036   3.045   -252.002 [ 1  1  1]   0  0.139  0.192  2.234
  3   93 Heredity    [    19 40  ]  -207.463  1552.036   3.045   -207.463 [ 1  1  1]   0  0.242  0.192  2.018
  3   94 Heredity    [    19 40  ]  -245.236  1552.036   3.045   -245.236 [ 1  1  1]   0  0.198  0.192  1.728
  3   95 Heredity    [    19 40  ]  -249.523  1552.036   3.045   -249.523 [ 1  1  1]   0  0.222  0.192  1.964
  3   96 Heredity    [    19 40  ]  -245.016  1552.036   3.045   -245.016 [ 1  1  1]   0  0.118  0.193  2.865
  3   97 Heredity    [    19 40  ]  -211.310  1552.036   3.045   -211.310 [ 1  1  1]   0  0.203  0.192  2.008
  3   98 Heredity    [    19 40  ]  -236.389  1552.036   3.045   -236.389 [ 1  1  1]   0  0.234  0.192  1.951
  3   99 Heredity    [    19 40  ]  -250.187  1552.036   3.045   -250.187 [ 1  1  1]   0  0.211  0.192  2.068
  3  100 Heredity    [    19 40  ]  -219.401  1552.036   3.045   -219.401 [ 1  1  1]   0  0.176  0.192  1.806
  3  101 Heredity    [    19 40  ]  -245.171  1552.036   3.045   -245.171 [ 1  1  1]   0  0.190  0.192  1.846
  3  102 Heredity    [    19 40  ]  -242.677  1552.036   3.045   -242.677 [ 1  1  1]   0  0.232  0.192  2.195
  3  103 Heredity    [    19 40  ]  -247.737  1552.036   3.045   -247.737 [ 1  1  1]   0  0.234  0.191  1.861
  3  104 Heredity    [    19 40  ]  -247.691  1552.036   3.045   -247.691 [ 1  1  1]   0  0.156  0.192  2.382
  3  105 Heredity    [    19 40  ]  -238.744  1552.036   3.045   -238.744 [ 1  1  1]   0  0.245  0.192  1.772
  3  106 Heredity    [    19 40  ]  -241.673  1552.036   3.045   -241.673 [ 1  1  1]   0  0.225  0.192  1.971
  3  107 Heredity    [    19 40  ]  -249.491  1552.036   3.045   -249.491 [ 1  1  1]   0  0.171  0.192  1.989
  3  108 Heredity    [    19 40  ]  -249.317  1552.036   3.045   -249.317 [ 1  1  1]   0  0.202  0.192  1.901
  3  109 Heredity    [    19 40  ]  -247.369  1552.036   3.045   -247.369 [ 1  1  1]   0  0.206  0.192  1.878
  3  110 Heredity    [    19 40  ]  -238.196  1552.036   3.045   -238.196 [ 1  1  1]   0  0.211  0.192  2.167
  3  111 Heredity    [    19 40  ]  -249.749  1552.036   3.045   -249.749 [ 1  1  1]   0  0.214  0.192  1.752
  3  112 Heredity    [    19 40  ]  -212.363  1552.036   3.045   -212.363 [ 1  1  1]   0  0.229  0.192  2.161
  3  113   Random    [    19 40  ]  -242.350  1552.036   3.045   -242.350 [ 1  1  1]   0  0.205  0.192  2.604
  3  114   Random    [    19 40  ]  -234.467  1552.036   3.045   -234.467 [ 1  1  1]   0  0.134  0.191  2.568
  3  115   Random    [    19 40  ]  -160.377  1552.036   3.045   -160.377 [ 1  1  1]   0  0.216  0.191  5.433
  3  116   Random    [    19 40  ]  -185.215  1552.036   3.045   -185.215 [ 1  1  1]   0  0.201  0.191  3.675
  3  117   Random    [    19 40  ]  -248.933  1552.036   3.045   -248.933 [ 1  1  1]   0  0.135  0.192  2.471
  3  118   Random    [    19 40  ]  -250.718  1552.036   3.045   -250.718 [ 1  1  1]   0  0.108  0.192  2.767
  3  119   Random    [    19 40  ]  -247.425  1552.036   3.045   -247.425 [ 1  1  1]   0  0.139  0.191  2.458
  3  120   Random    [    19 40  ]  -248.401  1552.036   3.045   -248.401 [ 1  1  1]   0  0.179  0.192  2.079
  3  121 Permutate   [    19 40  ]  -243.081  1552.036   3.045   -243.081 [ 1  1  1]   0  0.254  0.192  2.045
  3  122 Permutate   [    19 40  ]  -250.904  1552.036   3.045   -250.904 [ 1  1  1]   0  0.165  0.191  1.729
  3  123 Permutate   [    19 40  ]  -245.924  1552.036   3.045   -245.924 [ 1  1  1]   0  0.234  0.191  2.283
  3  124 Permutate   [    19 40  ]  -250.556  1552.036   3.045   -250.556 [ 1  1  1]   0  0.155  0.191  1.763
  3  125 softmutate  [    19 40  ]  -220.365  1552.036   3.045   -220.365 [ 1  1  1]   0  0.270  0.192  1.944
  3  126 CoorMutate  [    19 40  ]  -252.697  1552.036   3.045   -252.697 [ 1  1  1]   0  0.192  0.192  2.092
  3  127 softmutate  [    19 40  ]  -229.493  1552.036   3.045   -229.493 [ 1  1  1]   0  0.204  0.192  1.932
  3  128 softmutate  [    19 40  ]  -248.042  1552.036   3.045   -248.042 [ 1  1  1]   0  0.252  0.192  1.846
  3  129 softmutate  [    19 40  ]  -244.062  1552.036   3.045   -244.062 [ 1  1  1]   0  0.254  0.191  1.890
  3  130 softmutate  [    19 40  ]  -251.696  1552.036   3.045   -251.696 [ 1  1  1]   0  0.209  0.192  2.786
  3  131 softmutate  [    19 40  ]  -243.184  1552.036   3.045   -243.184 [ 1  1  1]   0  0.220  0.191  1.877
  3  132 softmutate  [    19 40  ]  -247.531  1552.036   3.045   -247.531 [ 1  1  1]   0  0.186  0.191  1.776
  3  133 Transmutate [    19 40  ]  -251.240  1552.036   3.045   -251.240 [ 1  1  1]   0  0.163  0.192  2.397
  3  134 Transmutate [    19 40  ]  -247.768  1552.036   3.045   -247.768 [ 1  1  1]   0  0.150  0.192  1.987
  3  135 Transmutate [    19 40  ]  -250.892  1552.036   3.045   -250.892 [ 1  1  1]   0  0.142  0.191  1.918
  3  136 Transmutate [    19 40  ]  -250.050  1552.036   3.045   -250.050 [ 1  1  1]   0  0.202  0.191  2.016
  3  137 keptBest    [    19 40  ]  -253.754   949.580   4.977   -253.532 [ 1  1  1]   0  0.065  0.192  5.972
  3  138 keptBest    [    19 40  ]  -253.303  1552.036   3.045   -253.082 [ 1  1  1]   0  0.144  0.193  3.286
  3  139 keptBest    [    19 40  ]  -253.091  1552.036   3.045   -252.870 [ 1  1  1]   0  0.150  0.192  3.046
  3  140 keptBest    [    19 40  ]  -252.149  1552.036   3.045   -251.853 [ 1  1  1]   0  0.139  0.192  2.234
