-242.28429612560447
-233.086385507555
-230.90392390045412
-225.94222397413407
-239.6036711303365
-237.4395025425137
-231.9269961971375
-242.5763696712616
-240.61778358309772
-241.433497981289
-227.35566185858391
-233.49554052582292
-218.38021482108599
-232.43718495318475
-235.83912930572603
-235.79745362110575
-236.27509499074108
-224.64675428794095
-229.14550165989812
-236.75443239587725
-241.42071145409295
-210.86607370031396
-241.20566289564283
-221.8775353497041
-234.99760528595945
-242.5881643625156
-243.2776261033726
-239.07620341259343
-230.6549416161292
-224.70049108679126
-219.75654914647941
-232.27742137426088
-232.21059222456887
-217.38486615875422
-229.40764258874236
-228.95319730916927
-225.11981602592834
-224.56932108236856
-234.177504903257
-238.1587541544365
-246.64463487103075
-242.9961219672929
-243.38637036927418
-243.40125675910636
-241.21887628148636
-239.19660936979574
-242.16592813826406
-241.34221351653582
-240.56740803578407
-240.03300571262798
-244.05986247387946
-241.22090169250203
-242.50460901159653
-240.62785749356055
-239.40269244298466
-239.71294888073376
-239.62810576766188
-241.7734925013207
-240.81293816461164
-238.31220963094376
-241.65459434571176
-240.65228644528895
-225.6656475591751
-230.12645020687734
-238.40514825023243
-239.66201252882672
-238.46282312429517
-225.22056339582116
-229.58320341246792
-237.3549394817391
-241.36379254591907
-225.04342540241373
-239.51439646639943
-236.5470742315565
-238.41116280954736
-242.57541270128777
-239.55678495452827
-235.62446288649278
-230.53974028931836
-215.5287975904028
-225.2711620897157
-242.20046736484971
-233.1994614263115
-238.08285693855322
-225.08047288598448
-224.04875504652335
-233.80031282954116
-239.09466424932356
-240.76532402099082
-241.7734925013207
-242.42846688127398
-241.8296207875377
-225.22394939823877
-202.6716667939104
-239.82723599361347
-240.815562723421
-240.30988776604565
-241.22084835554085
-240.71523390997774
-226.78811342544776
-242.2951820007893
-242.2720815129158
-242.495712798263
-234.43761865713864
-234.30666863794153
-237.20706814169804
-227.34478112079745
-216.59134517091428
-240.4187540175131
-234.7881984173081
-236.54689757416634
-240.8765796224135
-240.89172586058518
-236.96386410649848
-237.31842802681962
-241.0525153846844
-233.5137707772125
-242.4759129530861
-230.1008714658285
-242.7116709021982
-240.93345437710363
-241.4652166568014
-238.54313640816858
-236.07821467889966
-226.16795426900254
-230.0683809144903
-240.20643962983746
-229.54118404646348
-214.02214806656937
-232.140692986136
-226.30951183367588
-231.23538792096645
-240.65228644528895
-229.5677268131716
-242.42846688127398
-229.5677268131716
-229.66777534308602
-238.28986103868914
-229.4341490929411
-242.9073611273221
-241.32836872609835
-235.60710520027763
-243.0857476004909
-242.17016359539397
-241.5571200158887
-242.15993456021496
-230.87202188658313
-241.81933907556527
