-236.613
-202.948
-251.867
-217.063
-215.519
-255.555
-237.156
-244.566
-251.375
-240.200
-242.314
-247.297
-247.199
-244.532
-218.327
-241.775
-253.796
-255.382
-223.559
-246.739
-248.402
-253.141
-242.362
-231.976
-253.614
-249.685
-238.731
-254.547
-242.055
-245.663
-250.256
-241.241
-244.534
-249.725
-245.002
-249.986
-257.222
-251.751
-253.742
-256.884
-260.014
-259.829
-257.148
-257.531
-256.854
-256.340
-256.179
-255.148
-257.395
-256.504
-254.381
-257.761
-255.413
-255.759
-256.065
-254.157
-254.007
-255.191
-254.708
-252.612
-248.282
-248.836
-251.038
-241.016
-244.585
-243.113
-245.516
-251.886
-245.058
-236.208
-236.243
-255.314
-252.132
-234.155
-254.950
-249.391
-236.773
-246.900
-240.173
-253.877
-243.387
-249.696
-238.450
-248.638
-244.250
-241.681
-253.030
-247.341
-255.382
-253.277
-255.555
-255.198
-242.171
-251.335
-246.567
-251.813
-253.441
-243.427
-251.460
-240.586
-253.483
-251.768
-254.315
-249.980
-260.014
-259.829
-257.761
-257.531
-247.534
-252.620
-253.448
-235.009
-239.182
-244.069
-244.819
-252.596
-252.231
-239.478
-248.885
-249.470
-246.983
-254.288
-252.952
-254.150
-227.673
-250.635
-248.014
-245.234
-251.729
-227.795
-241.662
-252.822
-242.987
-244.084
-245.436
-245.856
-252.721
-255.595
-252.132
-254.895
-243.414
-228.703
-237.727
-246.417
-253.462
-243.168
-253.716
-236.388
-254.399
-253.579
-251.585
-253.756
-260.014
-259.829
-257.761
-257.531
