  ID   Compositions    Enthalpies    Volumes    fitness  SYMM
                       (eV/atom)    (A^3/atom)    ()         
  41  [    20 40  ]     -4.3336     20.4994   -260.0144     0
  42  [    20 40  ]     -4.3305     17.1405   -259.8291     0
  52  [    20 40  ]     -4.2960     19.5145   -257.7611     0
  44  [    20 40  ]     -4.2922     21.7636   -257.5313     0
  49  [    20 40  ]     -4.2899     25.8673   -257.3946     0
  37  [    20 40  ]     -4.2870     25.8673   -257.2216     0
  43  [    20 40  ]     -4.2858     25.8673   -257.1484     0
  40  [    20 40  ]     -4.2814     25.8673   -256.8837     0
  45  [    20 40  ]     -4.2809     25.8673   -256.8544     0
  50  [    20 40  ]     -4.2751     25.8673   -256.5038     0
  46  [    20 40  ]     -4.2723     25.8673   -256.3402     0
  47  [    20 40  ]     -4.2696     25.8673   -256.1788     0
  55  [    20 40  ]     -4.2677     25.8673   -256.0650     0
  54  [    20 40  ]     -4.2626     25.8673   -255.7587     0
 138  [    20 40  ]     -4.2599     25.8673   -255.5949     0
   6  [    20 40  ]     -4.2592     25.8673   -255.5548     0
  53  [    20 40  ]     -4.2569     25.8673   -255.4127     0
  18  [    20 40  ]     -4.2564     25.8673   -255.3820     0
  72  [    20 40  ]     -4.2552     25.8673   -255.3136     0
  92  [    20 40  ]     -4.2533     25.8673   -255.1978     0
