Gen   ID    Origin   Composition    Enthalpy   Volume  Density   Fitness   KPOINTS  SYMM  Q_entr A_order S_order
                                      (eV)     (A^3)  (g/cm^3)
  1    1   Random    [    20 40  ]  -236.613  1552.036   3.062   -236.613 [ 1  1  1]   0  0.086  0.206  2.649
  1    2   Random    [    20 40  ]  -202.948  1552.036   3.062   -202.948 [ 1  1  1]   0  0.129  0.206  4.051
  1    3   Random    [    20 40  ]  -251.867  1552.036   3.062   -251.867 [ 1  1  1]   0  0.166  0.206  2.321
  1    4   Random    [    20 40  ]  -217.063  1552.036   3.062   -217.063 [ 1  1  1]   0  0.056  0.206  3.674
  1    5   Random    [    20 40  ]  -215.519  1552.036   3.062   -215.519 [ 1  1  1]   0  0.260  0.206  2.702
  1    6   Random    [    20 40  ]  -255.555  1552.036   3.062   -255.555 [ 1  1  1]   0  0.088  0.204  2.591
  1    7   Random    [    20 40  ]  -237.156  1552.036   3.062   -237.156 [ 1  1  1]   0  0.162  0.207  4.636
  1    8   Random    [    20 40  ]  -244.566  1552.036   3.062   -244.566 [ 1  1  1]   0  0.125  0.207  2.671
  1    9   Random    [    20 40  ]  -251.375  1552.036   3.062   -251.375 [ 1  1  1]   0  0.166  0.206  2.378
  1   10   Random    [    20 40  ]  -240.200  1552.036   3.062   -240.200 [ 1  1  1]   0  0.144  0.205  3.207
  1   11   Random    [    20 40  ]  -242.314  1552.036   3.062   -242.314 [ 1  1  1]   0  0.186  0.205  2.375
  1   12   Random    [    20 40  ]  -247.297  1552.036   3.062   -247.297 [ 1  1  1]   0  0.155  0.205  2.000
  1   13   Random    [    20 40  ]  -247.199  1552.036   3.062   -247.199 [ 1  1  1]   0  0.000  0.206  3.219
  1   14   Random    [    20 40  ]  -244.532  1552.036   3.062   -244.532 [ 1  1  1]   0  0.074  0.205  2.533
  1   15   Random    [    20 40  ]  -218.327  1552.036   3.062   -218.327 [ 1  1  1]   0  0.249  0.205  1.983
  1   16   Random    [    20 40  ]  -241.775  1552.036   3.062   -241.775 [ 1  1  1]   0  0.090  0.205  2.589
  1   17   Random    [    20 40  ]  -253.796  1552.036   3.062   -253.796 [ 1  1  1]   0  0.175  0.207  3.301
  1   18   Random    [    20 40  ]  -255.382  1552.036   3.062   -255.382 [ 1  1  1]   0  0.085  0.206  3.018
  1   19   Random    [    20 40  ]  -223.559  1552.036   3.062   -223.559 [ 1  1  1]   0  0.151  0.206  2.914
  1   20   Random    [    20 40  ]  -246.739  1552.036   3.062   -246.739 [ 1  1  1]   0  0.077  0.206  2.637
  1   21   Random    [    20 40  ]  -248.402  1552.036   3.062   -248.402 [ 1  1  1]   0  0.000  0.207  3.932
  1   22   Random    [    20 40  ]  -253.141  1552.036   3.062   -253.141 [ 1  1  1]   0  0.101  0.206  4.199
  1   23   Random    [    20 40  ]  -242.362  1552.036   3.062   -242.362 [ 1  1  1]   0  0.099  0.205  3.042
  1   24   Random    [    20 40  ]  -231.976  1552.036   3.062   -231.976 [ 1  1  1]   0  0.119  0.205  4.514
  1   25   Random    [    20 40  ]  -253.614  1552.036   3.062   -253.614 [ 1  1  1]   0  0.132  0.205  2.895
  1   26   Random    [    20 40  ]  -249.685  1552.036   3.062   -249.685 [ 1  1  1]   0  0.152  0.205  2.385
  1   27   Random    [    20 40  ]  -238.731  1552.036   3.062   -238.731 [ 1  1  1]   0  0.061  0.205  2.809
  1   28   Random    [    20 40  ]  -254.547  1552.036   3.062   -254.547 [ 1  1  1]   0  0.120  0.205  3.479
  1   29   Random    [    20 40  ]  -242.055  1552.036   3.062   -242.055 [ 1  1  1]   0  0.146  0.206  1.821
  1   30   Random    [    20 40  ]  -245.663  1552.036   3.062   -245.663 [ 1  1  1]   0  0.220  0.206  2.000
  1   31   Random    [    20 40  ]  -250.256  1552.036   3.062   -250.256 [ 1  1  1]   0  0.134  0.206  3.109
  1   32   Random    [    20 40  ]  -241.241  1552.036   3.062   -241.241 [ 1  1  1]   0  0.152  0.206  2.992
  1   33   Random    [    20 40  ]  -244.534  1552.036   3.062   -244.534 [ 1  1  1]   0  0.165  0.205  2.067
  1   34   Random    [    20 40  ]  -249.725  1552.036   3.062   -249.725 [ 1  1  1]   0  0.125  0.207  3.380
  1   35   Random    [    20 40  ]  -245.002  1552.036   3.062   -245.002 [ 1  1  1]   0  0.126  0.206  2.776
  1   36   Random    [    20 40  ]  -249.986  1552.036   3.062   -249.986 [ 1  1  1]   0  0.239  0.206  2.386
  1   37   Random    [    20 40  ]  -257.222  1552.036   3.062   -257.222 [ 1  1  1]   0  0.030  0.205  3.383
  1   38   Random    [    20 40  ]  -251.751  1552.036   3.062   -251.751 [ 1  1  1]   0  0.168  0.206  2.075
  1   39   Random    [    20 40  ]  -253.742  1552.036   3.062   -253.742 [ 1  1  1]   0  0.000  0.207  3.617
  1   40   Random    [    20 40  ]  -256.884  1552.036   3.062   -256.884 [ 1  1  1]   0  0.000  0.205  3.324
  1   41   Seeds     [    20 40  ]  -260.014  1229.961   3.864   -260.014 [ 1  1  1]   0  0.074  0.207  9.399
  1   42   Seeds     [    20 40  ]  -259.829  1028.431   4.621   -259.829 [ 1  1  1]   0  0.031  0.208 68.669
  1   43   Seeds     [    20 40  ]  -257.148  1552.036   3.062   -257.148 [ 1  1  1]   0  0.127  0.206  2.841
  1   44   Seeds     [    20 40  ]  -257.531  1305.816   3.639   -257.531 [ 1  1  1]   0  0.049  0.207 20.750
  1   45   Seeds     [    20 40  ]  -256.854  1552.036   3.062   -256.854 [ 1  1  1]   0  0.153  0.206  2.412
  1   46   Seeds     [    20 40  ]  -256.340  1552.036   3.062   -256.340 [ 1  1  1]   0  0.083  0.205  2.547
  1   47   Seeds     [    20 40  ]  -256.179  1552.036   3.062   -256.179 [ 1  1  1]   0  0.138  0.205  1.912
  1   48   Seeds     [    20 40  ]  -255.148  1552.036   3.062   -255.148 [ 1  1  1]   0  0.181  0.205  1.957
  1   49   Seeds     [    20 40  ]  -257.395  1552.036   3.062   -257.395 [ 1  1  1]   0  0.000  0.207  3.544
  1   50   Seeds     [    20 40  ]  -256.504  1552.036   3.062   -256.504 [ 1  1  1]   0  0.148  0.207  2.354
  1   51   Seeds     [    20 40  ]  -254.381  1552.036   3.062   -254.381 [ 1  1  1]   0  0.198  0.206  1.822
  1   52   Seeds     [    20 40  ]  -257.761  1170.872   4.059   -257.761 [ 1  1  1]   0  0.092  0.205 14.554
  1   53   Seeds     [    20 40  ]  -255.413  1552.036   3.062   -255.413 [ 1  1  1]   0  0.177  0.207  2.654
  1   54   Seeds     [    20 40  ]  -255.759  1552.036   3.062   -255.759 [ 1  1  1]   0  0.206  0.206  1.748
  1   55   Seeds     [    20 40  ]  -256.065  1552.036   3.062   -256.065 [ 1  1  1]   0  0.080  0.206  2.655
  1   56   Seeds     [    20 40  ]  -254.157  1552.036   3.062   -254.157 [ 1  1  1]   0  0.201  0.205  1.758
  1   57   Seeds     [    20 40  ]  -254.007  1552.036   3.062   -254.007 [ 1  1  1]   0  0.196  0.206  2.486
  1   58   Seeds     [    20 40  ]  -255.191  1552.036   3.062   -255.191 [ 1  1  1]   0  0.191  0.206  2.439
  1   59   Seeds     [    20 40  ]  -254.708  1552.036   3.062   -254.708 [ 1  1  1]   0  0.156  0.206  3.456
  1   60   Seeds     [    20 40  ]  -252.612  1552.036   3.062   -252.612 [ 1  1  1]   0  0.193  0.206  1.769
  2   61 Heredity    [    20 40  ]  -248.282  1552.036   3.062   -248.282 [ 1  1  1]   0  0.179  0.206  1.732
  2   62 Heredity    [    20 40  ]  -248.836  1552.036   3.062   -248.836 [ 1  1  1]   0  0.154  0.206  2.030
  2   63 Heredity    [    20 40  ]  -251.038  1552.036   3.062   -251.038 [ 1  1  1]   0  0.148  0.207  2.452
  2   64 Heredity    [    20 40  ]  -241.016  1552.036   3.062   -241.016 [ 1  1  1]   0  0.264  0.206  1.748
  2   65 Heredity    [    20 40  ]  -244.585  1552.036   3.062   -244.585 [ 1  1  1]   0  0.238  0.206  2.198
  2   66 Heredity    [    20 40  ]  -243.113  1552.036   3.062   -243.113 [ 1  1  1]   0  0.244  0.205  2.431
  2   67 Heredity    [    20 40  ]  -245.516  1552.036   3.062   -245.516 [ 1  1  1]   0  0.121  0.206  2.476
  2   68 Heredity    [    20 40  ]  -251.886  1552.036   3.062   -251.886 [ 1  1  1]   0  0.138  0.206  2.803
  2   69 Heredity    [    20 40  ]  -245.058  1552.036   3.062   -245.058 [ 1  1  1]   0  0.165  0.206  1.691
  2   70 Heredity    [    20 40  ]  -236.208  1552.036   3.062   -236.208 [ 1  1  1]   0  0.242  0.205  2.069
  2   71 Heredity    [    20 40  ]  -236.243  1552.036   3.062   -236.243 [ 1  1  1]   0  0.106  0.206  2.180
  2   72 Heredity    [    20 40  ]  -255.314  1552.036   3.062   -255.314 [ 1  1  1]   0  0.150  0.206  2.200
  2   73 Heredity    [    20 40  ]  -252.132  1552.036   3.062   -252.132 [ 1  1  1]   0  0.167  0.206  2.160
  2   74 Heredity    [    20 40  ]  -234.155  1552.036   3.062   -234.155 [ 1  1  1]   0  0.187  0.206  1.837
  2   75 Heredity    [    20 40  ]  -254.950  1552.036   3.062   -254.950 [ 1  1  1]   0  0.180  0.206  1.782
  2   76 Heredity    [    20 40  ]  -249.391  1552.036   3.062   -249.391 [ 1  1  1]   0  0.181  0.206  1.803
  2   77 Heredity    [    20 40  ]  -236.773  1552.036   3.062   -236.773 [ 1  1  1]   0  0.220  0.206  1.781
  2   78 Heredity    [    20 40  ]  -246.900  1552.036   3.062   -246.900 [ 1  1  1]   0  0.156  0.206  2.542
  2   79 Heredity    [    20 40  ]  -240.173  1552.036   3.062   -240.173 [ 1  1  1]   0  0.233  0.206  1.865
  2   80 Heredity    [    20 40  ]  -253.877  1552.036   3.062   -253.877 [ 1  1  1]   0  0.170  0.205  1.969
  2   81   Random    [    20 40  ]  -243.387  1552.036   3.062   -243.387 [ 1  1  1]   0  0.017  0.205  3.975
  2   82   Random    [    20 40  ]  -249.696  1552.036   3.062   -249.696 [ 1  1  1]   0  0.120  0.205  2.117
  2   83   Random    [    20 40  ]  -238.450  1552.036   3.062   -238.450 [ 1  1  1]   0  0.091  0.205  3.975
  2   84   Random    [    20 40  ]  -248.638  1552.036   3.062   -248.638 [ 1  1  1]   0  0.180  0.206  2.998
  2   85   Random    [    20 40  ]  -244.250  1552.036   3.062   -244.250 [ 1  1  1]   0  0.042  0.206  2.510
  2   86   Random    [    20 40  ]  -241.681  1552.036   3.062   -241.681 [ 1  1  1]   0  0.149  0.206  1.650
  2   87   Random    [    20 40  ]  -253.030  1552.036   3.062   -253.030 [ 1  1  1]   0  0.000  0.207  4.439
  2   88   Random    [    20 40  ]  -247.341  1552.036   3.062   -247.341 [ 1  1  1]   0  0.206  0.206  1.670
  2   89 Permutate   [    20 40  ]  -255.382  1552.036   3.062   -255.303 [ 1  1  1]   0  0.085  0.206  3.018
  2   90 Permutate   [    20 40  ]  -253.277  1552.036   3.062   -253.277 [ 1  1  1]   0  0.164  0.206  2.264
  2   91 Permutate   [    20 40  ]  -255.555  1552.036   3.062   -255.475 [ 1  1  1]   0  0.088  0.204  2.591
  2   92 Permutate   [    20 40  ]  -255.198  1552.036   3.062   -255.198 [ 1  1  1]   0  0.175  0.205  1.972
  2   93 softmutate  [    20 40  ]  -242.171  1552.036   3.062   -242.171 [ 1  1  1]   0  0.206  0.205  2.587
  2   94 softmutate  [    20 40  ]  -251.335  1552.036   3.062   -251.335 [ 1  1  1]   0  0.168  0.206  1.827
  2   95 softmutate  [    20 40  ]  -246.567  1552.036   3.062   -246.567 [ 1  1  1]   0  0.234  0.206  2.116
  2   96 softmutate  [    20 40  ]  -251.813  1552.036   3.062   -251.813 [ 1  1  1]   0  0.163  0.205  2.312
  2   97 softmutate  [    20 40  ]  -253.441  1552.036   3.062   -253.441 [ 1  1  1]   0  0.186  0.206  1.744
  2   98 softmutate  [    20 40  ]  -243.427  1552.036   3.062   -243.427 [ 1  1  1]   0  0.190  0.206  2.424
  2   99 CoorMutate  [    20 40  ]  -251.460  1552.036   3.062   -251.460 [ 1  1  1]   0  0.140  0.205  1.802
  2  100 softmutate  [    20 40  ]  -240.586  1552.036   3.062   -240.586 [ 1  1  1]   0  0.201  0.205  2.512
  2  101 Transmutate [    20 40  ]  -253.483  1552.036   3.062   -253.483 [ 1  1  1]   0  0.176  0.205  1.850
  2  102 Transmutate [    20 40  ]  -251.768  1552.036   3.062   -251.768 [ 1  1  1]   0  0.154  0.206  1.846
  2  103 Transmutate [    20 40  ]  -254.315  1552.036   3.062   -254.315 [ 1  1  1]   0  0.192  0.206  1.811
  2  104 Transmutate [    20 40  ]  -249.980  1552.036   3.062   -249.980 [ 1  1  1]   0  0.167  0.206  2.278
  2  105 keptBest    [    20 40  ]  -260.014  1229.961   3.864   -259.935 [ 1  1  1]   0  0.074  0.207  9.399
  2  106 keptBest    [    20 40  ]  -259.829  1028.431   4.621   -259.750 [ 1  1  1]   0  0.031  0.208 68.669
  2  107 keptBest    [    20 40  ]  -257.761  1170.872   4.059   -257.682 [ 1  1  1]   0  0.092  0.205 14.554
  2  108 keptBest    [    20 40  ]  -257.531  1305.816   3.639   -257.452 [ 1  1  1]   0  0.049  0.207 20.750
  3  109 Heredity    [    20 40  ]  -247.534  1552.036   3.062   -247.534 [ 1  1  1]   0  0.183  0.205  1.791
  3  110 Heredity    [    20 40  ]  -252.620  1552.036   3.062   -252.620 [ 1  1  1]   0  0.107  0.206  3.080
  3  111 Heredity    [    20 40  ]  -253.448  1552.036   3.062   -253.448 [ 1  1  1]   0  0.174  0.206  2.084
  3  112 Heredity    [    20 40  ]  -235.009  1552.036   3.062   -235.009 [ 1  1  1]   0  0.235  0.206  1.815
  3  113 Heredity    [    20 40  ]  -239.182  1552.036   3.062   -239.182 [ 1  1  1]   0  0.205  0.205  2.117
  3  114 Heredity    [    20 40  ]  -244.069  1552.036   3.062   -244.069 [ 1  1  1]   0  0.236  0.206  1.875
  3  115 Heredity    [    20 40  ]  -244.819  1552.036   3.062   -244.819 [ 1  1  1]   0  0.159  0.206  1.702
  3  116 Heredity    [    20 40  ]  -252.596  1552.036   3.062   -252.596 [ 1  1  1]   0  0.224  0.206  1.743
  3  117 Heredity    [    20 40  ]  -252.231  1552.036   3.062   -252.231 [ 1  1  1]   0  0.189  0.206  1.932
  3  118 Heredity    [    20 40  ]  -239.478  1552.036   3.062   -239.478 [ 1  1  1]   0  0.213  0.206  2.151
  3  119 Heredity    [    20 40  ]  -248.885  1552.036   3.062   -248.885 [ 1  1  1]   0  0.185  0.206  1.906
  3  120 Heredity    [    20 40  ]  -249.470  1552.036   3.062   -249.470 [ 1  1  1]   0  0.181  0.206  1.892
  3  121 Heredity    [    20 40  ]  -246.983  1552.036   3.062   -246.983 [ 1  1  1]   0  0.172  0.205  1.971
  3  122 Heredity    [    20 40  ]  -254.288  1552.036   3.062   -254.288 [ 1  1  1]   0  0.190  0.206  1.700
  3  123 Heredity    [    20 40  ]  -252.952  1552.036   3.062   -252.952 [ 1  1  1]   0  0.205  0.206  2.081
  3  124 Heredity    [    20 40  ]  -254.150  1552.036   3.062   -254.150 [ 1  1  1]   0  0.157  0.206  1.654
  3  125 Heredity    [    20 40  ]  -227.673  1552.036   3.062   -227.673 [ 1  1  1]   0  0.063  0.206  3.713
  3  126 Heredity    [    20 40  ]  -250.635  1552.036   3.062   -250.635 [ 1  1  1]   0  0.220  0.206  2.236
  3  127 Heredity    [    20 40  ]  -248.014  1552.036   3.062   -248.014 [ 1  1  1]   0  0.211  0.206  1.812
  3  128 Heredity    [    20 40  ]  -245.234  1552.036   3.062   -245.234 [ 1  1  1]   0  0.222  0.206  1.749
  3  129   Random    [    20 40  ]  -251.729  1552.036   3.062   -251.729 [ 1  1  1]   0  0.100  0.206  5.793
  3  130   Random    [    20 40  ]  -227.795  1552.036   3.062   -227.795 [ 1  1  1]   0  0.174  0.205  2.250
  3  131   Random    [    20 40  ]  -241.662  1552.036   3.062   -241.662 [ 1  1  1]   0  0.236  0.206  1.867
  3  132   Random    [    20 40  ]  -252.822  1552.036   3.062   -252.822 [ 1  1  1]   0  0.150  0.206  2.165
  3  133   Random    [    20 40  ]  -242.987  1552.036   3.062   -242.987 [ 1  1  1]   0  0.127  0.206  2.792
  3  134   Random    [    20 40  ]  -244.084  1552.036   3.062   -244.084 [ 1  1  1]   0  0.192  0.206  2.637
  3  135   Random    [    20 40  ]  -245.436  1552.036   3.062   -245.436 [ 1  1  1]   0  0.089  0.204  2.902
  3  136   Random    [    20 40  ]  -245.856  1552.036   3.062   -245.856 [ 1  1  1]   0  0.082  0.205  2.911
  3  137 Permutate   [    20 40  ]  -252.721  1552.036   3.062   -252.721 [ 1  1  1]   0  0.169  0.206  2.113
  3  138 Permutate   [    20 40  ]  -255.595  1552.036   3.062   -255.595 [ 1  1  1]   0  0.172  0.205  1.983
  3  139 Permutate   [    20 40  ]  -252.132  1552.036   3.062   -252.066 [ 1  1  1]   0  0.167  0.206  2.160
  3  140 Permutate   [    20 40  ]  -254.895  1552.036   3.062   -254.895 [ 1  1  1]   0  0.179  0.206  1.772
  3  141 softmutate  [    20 40  ]  -243.414  1552.036   3.062   -243.414 [ 1  1  1]   0  0.142  0.206  1.964
  3  142 softmutate  [    20 40  ]  -228.703  1552.036   3.062   -228.703 [ 1  1  1]   0  0.212  0.205  3.371
  3  143 softmutate  [    20 40  ]  -237.727  1552.036   3.062   -237.727 [ 1  1  1]   0  0.233  0.207  2.131
  3  144 softmutate  [    20 40  ]  -246.417  1552.036   3.062   -246.417 [ 1  1  1]   0  0.191  0.206  1.821
  3  145 softmutate  [    20 40  ]  -253.462  1552.036   3.062   -253.462 [ 1  1  1]   0  0.197  0.205  1.767
  3  146 softmutate  [    20 40  ]  -243.168  1552.036   3.062   -243.168 [ 1  1  1]   0  0.063  0.206  2.017
  3  147 softmutate  [    20 40  ]  -253.716  1552.036   3.062   -253.716 [ 1  1  1]   0  0.198  0.206  1.630
  3  148 CoorMutate  [    20 40  ]  -236.388  1506.879   3.154   -236.388 [ 1  1  1]   0  0.238  0.206  2.104
  3  149 Transmutate [    20 40  ]  -254.399  1552.036   3.062   -254.399 [ 1  1  1]   0  0.160  0.206  1.993
  3  150 Transmutate [    20 40  ]  -253.579  1552.036   3.062   -253.579 [ 1  1  1]   0  0.168  0.206  1.805
  3  151 Transmutate [    20 40  ]  -251.585  1552.036   3.062   -251.585 [ 1  1  1]   0  0.162  0.207  2.119
  3  152 Transmutate [    20 40  ]  -253.756  1552.036   3.062   -253.756 [ 1  1  1]   0  0.207  0.205  1.765
  3  153 keptBest    [    20 40  ]  -260.014  1229.961   3.864   -259.869 [ 1  1  1]   0  0.074  0.207  9.399
  3  154 keptBest    [    20 40  ]  -259.829  1028.431   4.621   -259.684 [ 1  1  1]   0  0.031  0.208 68.669
  3  155 keptBest    [    20 40  ]  -257.761  1170.872   4.059   -257.616 [ 1  1  1]   0  0.092  0.205 14.554
  3  156 keptBest    [    20 40  ]  -257.531  1305.816   3.639   -257.386 [ 1  1  1]   0  0.049  0.207 20.750
