 ID    Origin    Enthalpy   Parent-E   Parent-ID
   1   Random      -3.944    -3.944  [         0]
   2   Random      -3.382    -3.382  [         0]
   3   Random      -4.198    -4.198  [         0]
   4   Random      -3.618    -3.618  [         0]
   5   Random      -3.592    -3.592  [         0]
   6   Random      -4.259    -4.259  [         0]
   7   Random      -3.953    -3.953  [         0]
   8   Random      -4.076    -4.076  [         0]
   9   Random      -4.190    -4.190  [         0]
  10   Random      -4.003    -4.003  [         0]
  11   Random      -4.039    -4.039  [         0]
  12   Random      -4.122    -4.122  [         0]
  13   Random      -4.120    -4.120  [         0]
  14   Random      -4.076    -4.076  [         0]
  15   Random      -3.639    -3.639  [         0]
  16   Random      -4.030    -4.030  [         0]
  17   Random      -4.230    -4.230  [         0]
  18   Random      -4.256    -4.256  [         0]
  19   Random      -3.726    -3.726  [         0]
  20   Random      -4.112    -4.112  [         0]
  21   Random      -4.140    -4.140  [         0]
  22   Random      -4.219    -4.219  [         0]
  23   Random      -4.039    -4.039  [         0]
  24   Random      -3.866    -3.866  [         0]
  25   Random      -4.227    -4.227  [         0]
  26   Random      -4.161    -4.161  [         0]
  27   Random      -3.979    -3.979  [         0]
  28   Random      -4.242    -4.242  [         0]
  29   Random      -4.034    -4.034  [         0]
  30   Random      -4.094    -4.094  [         0]
  31   Random      -4.171    -4.171  [         0]
  32   Random      -4.021    -4.021  [         0]
  33   Random      -4.076    -4.076  [         0]
  34   Random      -4.162    -4.162  [         0]
  35   Random      -4.083    -4.083  [         0]
  36   Random      -4.166    -4.166  [         0]
  37   Random      -4.287    -4.287  [         0]
  38   Random      -4.196    -4.196  [         0]
  39   Random      -4.229    -4.229  [         0]
  40   Random      -4.281    -4.281  [         0]
  41   Seeds       -4.334    [          ]
  42   Seeds       -4.330    [          ]
  43   Seeds       -4.286    [          ]
  44   Seeds       -4.292    [          ]
  45   Seeds       -4.281    [          ]
  46   Seeds       -4.272    [          ]
  47   Seeds       -4.270    [          ]
  48   Seeds       -4.252    [          ]
  49   Seeds       -4.290    [          ]
  50   Seeds       -4.275    [          ]
  51   Seeds       -4.240    [          ]
  52   Seeds       -4.296    [          ]
  53   Seeds       -4.257    [          ]
  54   Seeds       -4.263    [          ]
  55   Seeds       -4.268    [          ]
  56   Seeds       -4.236    [          ]
  57   Seeds       -4.233    [          ]
  58   Seeds       -4.253    [          ]
  59   Seeds       -4.245    [          ]
  60   Seeds       -4.210    [          ]
  61 Heredity      -4.138    -4.235  [     9  43]
  62 Heredity      -4.147    -4.283  [    37  50]
  63 Heredity      -4.184    -4.271  [    45  59]
  64 Heredity      -4.017    -4.307  [    44  41]
  65 Heredity      -4.076    -4.314  [    42  49]
  66 Heredity      -4.052    -4.317  [    41  44]
  67 Heredity      -4.092    -4.257  [    22  45]
  68 Heredity      -4.198    -4.171  [     9  34]
  69 Heredity      -4.084    -4.278  [    40  50]
  70 Heredity      -3.937    -4.309  [    42  44]
  71 Heredity      -3.937    -4.266  [    55  54]
  72 Heredity      -4.255    -4.257  [    53  18]
  73 Heredity      -4.202    -4.287  [    40  49]
  74 Heredity      -3.903    -4.318  [    41  43]
  75 Heredity      -4.249    -4.267  [    46  18]
  76 Heredity      -4.157    -4.282  [    52  50]
  77 Heredity      -3.946    -4.310  [    43  42]
  78 Heredity      -4.115    -4.279  [     6  49]
  79 Heredity      -4.003    -4.331  [    42  41]
  80 Heredity      -4.231    -4.269  [     6  49]
  81   Random      -4.056    -4.056  [         0]
  82   Random      -4.162    -4.162  [         0]
  83   Random      -3.974    -3.974  [         0]
  84   Random      -4.144    -4.144  [         0]
  85   Random      -4.071    -4.071  [         0]
  86   Random      -4.028    -4.028  [         0]
  87   Random      -4.217    -4.217  [         0]
  88   Random      -4.122    -4.122  [         0]
  89 Permutate     -4.256    -4.256  [        18]
  90 Permutate     -4.221    -4.256  [        18]
  91 Permutate     -4.259    -4.259  [         6]
  92 Permutate     -4.253    -4.272  [        46]
  93 softmutate    -4.036    -4.245  [        59]
  94 softmutate    -4.189    -4.281  [        45]
  95 softmutate    -4.109    -4.263  [        54]
  96 softmutate    -4.197    -4.259  [         6]
  97 softmutate    -4.224    -4.270  [        47]
  98 softmutate    -4.057    -4.290  [        49]
  99 CoorMutate    -4.191    -4.268  [        55]
 100 softmutate    -4.010    -4.286  [        43]
 101 Transmutate   -4.225    -4.253  [        58]
 102 Transmutate   -4.196    -4.281  [        45]
 103 Transmutate   -4.239    -4.290  [        49]
 104 Transmutate   -4.166    -4.281  [        45]
 105 keptBest      -4.334    -4.334  [        41]
 106 keptBest      -4.330    -4.330  [        42]
 107 keptBest      -4.296    -4.296  [        52]
 108 keptBest      -4.292    -4.292  [        44]
 109 Heredity      -4.126    -4.253  [    75  72]
 110 Heredity      -4.210    -4.227  [    72  87]
 111 Heredity      -4.224    -4.284  [   72  106]
 112 Heredity      -3.917    -4.255  [  106  102]
 113 Heredity      -3.986    -4.234  [   96  107]
 114 Heredity      -4.068    -4.195  [   76  101]
 115 Heredity      -4.080    -4.280  [  105   75]
 116 Heredity      -4.210    -4.274  [   75  108]
 117 Heredity      -4.204    -4.236  [    92  73]
 118 Heredity      -3.991    -4.257  [    91  89]
 119 Heredity      -4.148    -4.225  [    68  89]
 120 Heredity      -4.158    -4.196  [  107   62]
 121 Heredity      -4.116    -4.193  [    72  82]
 122 Heredity      -4.238    -4.286  [   97  105]
 123 Heredity      -4.216    -4.190  [  104   72]
 124 Heredity      -4.236    -4.279  [  105   72]
 125 Heredity      -3.795    -4.210  [    99  87]
 126 Heredity      -4.177    -4.277  [  108   89]
 127 Heredity      -4.134    -4.244  [  106   68]
 128 Heredity      -4.087    -4.331  [  106  105]
 129   Random      -4.195    -4.195  [         0]
 130   Random      -3.797    -3.797  [         0]
 131   Random      -4.028    -4.028  [         0]
 132   Random      -4.214    -4.214  [         0]
 133   Random      -4.050    -4.050  [         0]
 134   Random      -4.068    -4.068  [         0]
 135   Random      -4.091    -4.091  [         0]
 136   Random      -4.098    -4.098  [         0]
 137 Permutate     -4.212    -4.221  [        90]
 138 Permutate     -4.260    -4.253  [        92]
 139 Permutate     -4.202    -4.202  [        73]
 140 Permutate     -4.248    -4.249  [        75]
 141 softmutate    -4.057    -4.189  [        94]
 142 softmutate    -3.812    -4.217  [        87]
 143 softmutate    -3.962    -4.256  [        89]
 144 softmutate    -4.107    -4.225  [       101]
 145 softmutate    -4.224    -4.225  [       101]
 146 softmutate    -4.053    -4.256  [        89]
 147 softmutate    -4.229    -4.255  [        72]
 148 CoorMutate    -3.940    -4.296  [       107]
 149 Transmutate   -4.240    -4.217  [        87]
 150 Transmutate   -4.226    -4.225  [       101]
 151 Transmutate   -4.193    -4.217  [        87]
 152 Transmutate   -4.229    -4.249  [        75]
 153 keptBest      -4.334    -4.334  [       105]
 154 keptBest      -4.330    -4.330  [       106]
 155 keptBest      -4.296    -4.296  [       107]
 156 keptBest      -4.292    -4.292  [       108]
