-247.86676556694837
-247.82895666870672
-247.98080192366973
-247.8048979821176
-247.7418053642354
-247.92633740098836
-247.67792234719073
-247.91059568978304
-247.95331322466265
-247.8698797650751
-247.7712427828385
-247.90572570453136
-247.8442955481777
-248.0355678992003
-248.0379443852653
-247.7882632830308
-247.73949302020912
-247.8515149970492
-248.01475846417594
-247.11361349093235
-247.7340772624906
-247.75148312665485
-247.7626572673318
-247.706780760356
-247.93974258739968
-247.6795486579786
-247.8683041497256
-247.89774103494221
-247.80121593689285
-247.95373561690644
-247.49627031630158
-247.63530580968828
-247.68549300566895
-247.87091320333562
-247.89258575034788
-247.9240511479145
-247.67883446555612
-247.90093197640283
-247.67959035991993
-247.91989031113508
-243.3901804939302
-248.2771914048109
-248.06021361187365
-247.8153574341648
-247.92427624087128
-247.79839934799142
-247.93326773775166
-247.81987182532077
-247.81503929900424
-247.9007981824184
-247.77975428275428
-247.9190106930073
-247.89341010702162
-247.9640663523657
-247.93841299766876
-247.89833448875447
-247.96522338405327
-247.93777434118115
-247.94095247566983
-247.96350607340983
-247.97535935960255
-247.92086330815567
-247.82356421565208
-247.76625632200052
-247.77541004783654
-247.81160514826843
-247.8820283833598
-247.82497028140818
-247.9178753651739
-247.8139763536316
-247.7795893625709
-247.05944998855833
-247.8698797650751
-247.9869914952656
-247.83379490057345
-247.82804029935198
-247.89679003436356
-247.94484103987855
-248.01122175998313
-247.73171622950932
-247.6274607230384
-247.7117172547142
-247.78358948220202
-247.8130013947488
-247.96941683634503
-247.8955745480433
-245.36967265815403
-245.3623729512903
-247.81735396613593
-247.99025429833992
-247.7136828550116
-247.91514726712478
-247.87060603207362
-247.8759813431256
-247.87288448409257
-247.96726778128507
-247.908559432172
-247.7755659847578
-247.90529554617703
-247.86771994154185
-247.84663759705114
-247.74425873342938
-247.96752682310978
-247.95838655790274
-247.8760219880463
-247.93868618771663
-247.853574458377
-247.88265875997357
-247.91606072892995
-247.75555922378055
-247.97699908957435
-247.6672544433529
-247.9986927810661
-247.79626880264132
-248.01270392794976
-247.78256768565558
-247.97535935960255
-247.91900728910002
-247.93841299766876
-247.95304732603338
-247.8651234572847
-247.758136716902
-247.95276786702
-247.65557448038987
-247.86772468890712
-247.92719044261463
-247.87098849238245
-247.9233974294523
-247.95573468484287
-247.8727377308249
-247.9793994196792
-247.90458821211755
