-133.63869356392127
-133.80319255681007
-134.0421117934666
-132.93277133199007
-133.333270599839
-134.05075977967869
-133.43259180576396
-133.68128794761193
-134.13389972169955
-133.67339896192306
-134.05418598944215
-133.64989033071095
-133.7935053204863
-134.1249254305531
-133.8471056073812
-133.94246419416854
-133.985015621466
-133.7695315711983
-133.9292192669738
-134.01088974577485
-133.24466439969552
-133.4098206654469
-134.11303392929796
-134.0450057426882
-133.00418094265854
-133.7562919966689
-133.94559946538936
-134.0632516694693
-133.91549440472244
-133.5733095149506
-130.29287739225347
-132.80599060706496
-133.97132821011922
-133.94760778266445
-133.96135023619425
-133.60392183123065
-132.10195190737437
-134.0750302909927
-133.98385054868845
-133.41812377669808
-134.0666691965473
-133.29937994192008
-133.62524063895282
-133.39217777325945
-133.84870800531607
-132.11956734605056
-133.60060504432764
-134.05293549030287
-133.23844964489555
-133.83056154877113
-133.56915263682544
-133.87864986299982
-133.98946934612468
-133.59444718383162
-134.0117606596738
-134.11729628576452
-134.0817833946905
-133.95696370807582
-134.08490502104408
-133.9058165243046
-134.07880105473328
-134.0383649180074
-134.0384619358868
-133.93403111366135
-133.95057018979918
-134.06614254037714
-134.0458669047855
-134.06745712523178
-134.1618630621964
-133.93667975176896
-134.05848497378065
-134.0145787360714
-134.0068771083223
-134.01154712338203
-133.9019893765509
-134.1082143164051
-134.054785747677
-134.03677294011186
-134.06526288421264
-134.06227340018626
-133.9779694349507
-134.03506362035176
-133.7037207064733
-133.42471560044714
-133.93136708229568
-134.05714589128957
-133.79753146857018
-134.02891389103536
-134.01046008537494
-133.9704034699827
-134.01467132752302
-134.0051479681696
-134.05350100575893
-134.11303697077608
-134.01305260223901
-134.0116348868328
-134.07351339671445
-134.04425473982988
-134.13158166561487
-134.05248263743312
-134.0652930110076
-133.79893839326496
-134.0447174134822
-134.1246179357423
-133.82451479284248
-134.04897206221034
-134.0130090288336
-134.00268100423972
-134.11567508428664
-134.08667924124802
-134.08464877897634
-134.08258336634827
-134.12515342632503
-134.15931827794952
-133.9981827347021
-134.0074178154424
-134.11572133193192
-134.00779832419377
-134.04386721045137
-134.09782629751174
-134.0802112571696
-134.1312774074491
-134.0526034374439
-134.09062052006846
-134.11108868194282
-134.06605822498747
-134.00392100051258
-134.0329337272665
-134.12784767584856
-134.09918200045996
-134.06255155353165
-134.21143397557788
-134.0590464831916
-134.04856772788918
-133.6477837182417
-133.3686215719668
-133.75887127840792
-132.9595755638677
-133.7697350631965
-134.07614110596734
-134.13286454397849
-134.0837828750175
-134.06955662496864
-134.02994725212858
-133.51043233875657
-134.08936689972276
-133.82266469529728
-134.1132150277656
-133.9054623843254
-134.1119766259653
-134.1138943192276
-134.0738329323803
-134.0633714718738
-134.06671380547567
-134.0020279895578
