-242.284
-233.086
-230.904
-225.942
-239.604
-237.440
-231.927
-242.576
-240.618
-241.433
-227.356
-233.496
-218.380
-232.437
-235.839
-235.797
-236.275
-224.647
-229.146
-236.754
-241.421
-210.866
-241.206
-221.878
-234.998
-242.588
-243.278
-239.076
-230.655
-224.700
-219.757
-232.277
-232.211
-217.385
-229.408
-228.953
-225.120
-224.569
-234.178
-238.159
-246.645
-242.996
-243.386
-243.401
-241.219
-239.197
-242.166
-241.342
-240.567
-240.033
-244.060
-241.221
-242.505
-240.628
-239.403
-239.713
-239.628
-241.773
-240.813
-238.312
-241.655
-240.652
-225.666
-230.126
-238.405
-239.662
-238.463
-225.221
-229.583
-237.355
-241.364
-225.043
-239.514
-236.547
-238.411
-242.575
-239.557
-235.624
-230.540
-215.529
-225.271
-242.200
-233.199
-238.083
-225.080
-224.049
-233.800
-239.095
-240.765
-241.773
-242.428
-241.830
-225.224
-202.672
-239.827
-240.816
-240.310
-241.221
-240.715
-226.788
-242.295
-242.272
-242.496
-234.438
-246.645
-244.060
-243.401
-243.386
-234.307
-237.207
-227.345
-216.591
-240.419
-234.788
-236.547
-240.877
-240.892
-236.964
-237.318
-241.053
-233.514
-242.476
-230.101
-242.712
-240.933
-241.465
-238.543
-236.078
-226.168
-230.068
-240.206
-229.541
-214.022
-232.141
-226.310
-231.235
-240.652
-229.568
-242.428
-229.568
-229.668
-238.290
-229.434
-242.907
-241.328
-235.607
-243.086
-242.170
-241.557
-242.160
-230.872
-241.819
-246.645
-244.060
-243.401
-243.386
