  ID   Compositions    Enthalpies    Volumes    fitness  SYMM
                       (eV/atom)    (A^3/atom)    ()         
  41  [    18 40  ]     -4.2525     23.7178   -246.6446     0
  51  [    18 40  ]     -4.2079     26.9066   -244.0599     0
  44  [    18 40  ]     -4.1966     26.7592   -243.4013     0
  43  [    18 40  ]     -4.1963     26.7592   -243.3864     0
  27  [    18 40  ]     -4.1944     26.7592   -243.2776     0
 147  [    18 40  ]     -4.1911     26.7592   -243.0857     0
  42  [    18 40  ]     -4.1896     26.7592   -242.9961     0
 144  [    18 40  ]     -4.1881     26.7592   -242.9074     0
 124  [    18 40  ]     -4.1847     26.7592   -242.7117     0
  26  [    18 40  ]     -4.1826     26.7592   -242.5882     0
   8  [    18 40  ]     -4.1824     26.7592   -242.5764     0
  76  [    18 40  ]     -4.1823     26.7592   -242.5754     0
  53  [    18 40  ]     -4.1811     18.1481   -242.5046     0
 103  [    18 40  ]     -4.1810     26.7592   -242.4957     0
 122  [    18 40  ]     -4.1806     26.7592   -242.4759     0
  91  [    18 40  ]     -4.1798     26.7592   -242.4285     0
 101  [    18 40  ]     -4.1775     26.7592   -242.2952     0
   1  [    18 40  ]     -4.1773     26.7592   -242.2843     0
 102  [    18 40  ]     -4.1771     26.7592   -242.2721     0
  82  [    18 40  ]     -4.1759     26.7592   -242.2005     0
