Gen   ID    Origin   Composition    Enthalpy   Volume  Density   Fitness   KPOINTS  SYMM  Q_entr A_order S_order
                                      (eV)     (A^3)  (g/cm^3)
  1    1   Random    [    18 40  ]  -242.284  1552.036   3.028   -242.284 [ 1  1  1]   0  0.214  0.177  2.262
  1    2   Random    [    18 40  ]  -233.086  1552.036   3.028   -233.086 [ 1  1  1]   0  0.154  0.178  3.140
  1    3   Random    [    18 40  ]  -230.904  1552.036   3.028   -230.904 [ 1  1  1]   0  0.113  0.176  3.058
  1    4   Random    [    18 40  ]  -225.942  1552.036   3.028   -225.942 [ 1  1  1]   0  0.224  0.178  3.783
  1    5   Random    [    18 40  ]  -239.604  1552.036   3.028   -239.604 [ 1  1  1]   0  0.132  0.177  2.936
  1    6   Random    [    18 40  ]  -237.440  1552.036   3.028   -237.440 [ 1  1  1]   0  0.162  0.177  3.831
  1    7   Random    [    18 40  ]  -231.927  1552.036   3.028   -231.927 [ 1  1  1]   0  0.171  0.176  2.113
  1    8   Random    [    18 40  ]  -242.576  1552.036   3.028   -242.576 [ 1  1  1]   0  0.119  0.178  2.906
  1    9   Random    [    18 40  ]  -240.618  1552.036   3.028   -240.618 [ 1  1  1]   0  0.108  0.176  2.813
  1   10   Random    [    18 40  ]  -241.433  1552.036   3.028   -241.433 [ 1  1  1]   0  0.141  0.177  2.251
  1   11   Random    [    18 40  ]  -227.356  1552.036   3.028   -227.356 [ 1  1  1]   0  0.156  0.177  3.007
  1   12   Random    [    18 40  ]  -233.496  1552.036   3.028   -233.496 [ 1  1  1]   0  0.123  0.177  4.775
  1   13   Random    [    18 40  ]  -218.380  1552.036   3.028   -218.380 [ 1  1  1]   0  0.000  0.176  3.550
  1   14   Random    [    18 40  ]  -232.437  1552.036   3.028   -232.437 [ 1  1  1]   0  0.249  0.177  1.890
  1   15   Random    [    18 40  ]  -235.839  1552.036   3.028   -235.839 [ 1  1  1]   0  0.148  0.176  2.711
  1   16   Random    [    18 40  ]  -235.797  1552.036   3.028   -235.797 [ 1  1  1]   0  0.176  0.177  2.495
  1   17   Random    [    18 40  ]  -236.275  1552.036   3.028   -236.275 [ 1  1  1]   0  0.124  0.178  2.680
  1   18   Random    [    18 40  ]  -224.647  1552.036   3.028   -224.647 [ 1  1  1]   0  0.117  0.177  2.759
  1   19   Random    [    18 40  ]  -229.146  1552.036   3.028   -229.146 [ 1  1  1]   0  0.257  0.177  2.035
  1   20   Random    [    18 40  ]  -236.754  1552.036   3.028   -236.754 [ 1  1  1]   0  0.143  0.176  3.597
  1   21   Random    [    18 40  ]  -241.421  1552.036   3.028   -241.421 [ 1  1  1]   0  0.142  0.178  3.614
  1   22   Random    [    18 40  ]  -210.866  1552.036   3.028   -210.866 [ 1  1  1]   0  0.152  0.178  4.876
  1   23   Random    [    18 40  ]  -241.206  1552.036   3.028   -241.206 [ 1  1  1]   0  0.094  0.178  2.738
  1   24   Random    [    18 40  ]  -221.878  1552.036   3.028   -221.878 [ 1  1  1]   0  0.148  0.178  2.913
  1   25   Random    [    18 40  ]  -234.998  1552.036   3.028   -234.998 [ 1  1  1]   0  0.112  0.178  3.198
  1   26   Random    [    18 40  ]  -242.588  1552.036   3.028   -242.588 [ 1  1  1]   0  0.159  0.178  3.266
  1   27   Random    [    18 40  ]  -243.278  1552.036   3.028   -243.278 [ 1  1  1]   0  0.000  0.177  3.857
  1   28   Random    [    18 40  ]  -239.076  1552.036   3.028   -239.076 [ 1  1  1]   0  0.102  0.177  2.715
  1   29   Random    [    18 40  ]  -230.655  1552.036   3.028   -230.655 [ 1  1  1]   0  0.077  0.177  3.438
  1   30   Random    [    18 40  ]  -224.700  1552.036   3.028   -224.700 [ 1  1  1]   0  0.037  0.176  3.796
  1   31   Random    [    18 40  ]  -219.757  1552.036   3.028   -219.757 [ 1  1  1]   0  0.200  0.177  3.182
  1   32   Random    [    18 40  ]  -232.277  1552.036   3.028   -232.277 [ 1  1  1]   0  0.218  0.177  2.072
  1   33   Random    [    18 40  ]  -232.211  1552.036   3.028   -232.211 [ 1  1  1]   0  0.213  0.178  3.835
  1   34   Random    [    18 40  ]  -217.385  1552.036   3.028   -217.385 [ 1  1  1]   0  0.221  0.176  2.368
  1   35   Random    [    18 40  ]  -229.408  1552.036   3.028   -229.408 [ 1  1  1]   0  0.027  0.178  4.280
  1   36   Random    [    18 40  ]  -228.953  1552.036   3.028   -228.953 [ 1  1  1]   0  0.241  0.178  2.052
  1   37   Random    [    18 40  ]  -225.120  1552.036   3.028   -225.120 [ 1  1  1]   0  0.000  0.177  5.029
  1   38   Random    [    18 40  ]  -224.569  1552.036   3.028   -224.569 [ 1  1  1]   0  0.212  0.176  3.023
  1   39   Random    [    18 40  ]  -234.178  1552.036   3.028   -234.178 [ 1  1  1]   0  0.201  0.178  2.766
  1   40   Random    [    18 40  ]  -238.159  1552.036   3.028   -238.159 [ 1  1  1]   0  0.185  0.177  2.473
  1   41   Seeds     [    18 40  ]  -246.645  1375.634   3.416   -246.645 [ 1  1  1]   0  0.089  0.177  7.546
  1   42   Seeds     [    18 40  ]  -242.996  1552.036   3.028   -242.996 [ 1  1  1]   0  0.151  0.177  2.869
  1   43   Seeds     [    18 40  ]  -243.386  1552.036   3.028   -243.386 [ 1  1  1]   0  0.233  0.178  1.965
  1   44   Seeds     [    18 40  ]  -243.401  1552.036   3.028   -243.401 [ 1  1  1]   0  0.201  0.178  2.147
  1   45   Seeds     [    18 40  ]  -241.219  1552.036   3.028   -241.219 [ 1  1  1]   0  0.042  0.176  2.902
  1   46   Seeds     [    18 40  ]  -239.197  1552.036   3.028   -239.197 [ 1  1  1]   0  0.191  0.178  2.210
  1   47   Seeds     [    18 40  ]  -242.166  1552.036   3.028   -242.166 [ 1  1  1]   0  0.167  0.177  2.492
  1   48   Seeds     [    18 40  ]  -241.342  1552.036   3.028   -241.342 [ 1  1  1]   0  0.174  0.177  2.065
  1   49   Seeds     [    18 40  ]  -240.567  1552.036   3.028   -240.567 [ 1  1  1]   0  0.160  0.177  2.514
  1   50   Seeds     [    18 40  ]  -240.033  1552.036   3.028   -240.033 [ 1  1  1]   0  0.104  0.177  2.755
  1   51   Seeds     [    18 40  ]  -244.060  1560.581   3.011   -244.060 [ 1  1  1]   0  0.125  0.178  6.594
  1   52   Seeds     [    18 40  ]  -241.221  1552.036   3.028   -241.221 [ 1  1  1]   0  0.137  0.177  3.412
  1   53   Seeds     [    18 40  ]  -242.505  1052.589   4.464   -242.505 [ 1  1  1]   0  0.041  0.178  5.860
  1   54   Seeds     [    18 40  ]  -240.628  1552.036   3.028   -240.628 [ 1  1  1]   0  0.139  0.177  1.937
  1   55   Seeds     [    18 40  ]  -239.403  1552.036   3.028   -239.403 [ 1  1  1]   0  0.074  0.177  2.536
  1   56   Seeds     [    18 40  ]  -239.713  1552.036   3.028   -239.713 [ 1  1  1]   0  0.157  0.177  2.287
  1   57   Seeds     [    18 40  ]  -239.628  1552.036   3.028   -239.628 [ 1  1  1]   0  0.173  0.178  4.875
  1   58   Seeds     [    18 40  ]  -241.773  1552.036   3.028   -241.773 [ 1  1  1]   0  0.201  0.177  1.942
  1   59   Seeds     [    18 40  ]  -240.813  1552.036   3.028   -240.813 [ 1  1  1]   0  0.199  0.177  1.853
  1   60   Seeds     [    18 40  ]  -238.312  1552.036   3.028   -238.312 [ 1  1  1]   0  0.188  0.177  2.077
  2   61 Heredity    [    18 40  ]  -241.655  1552.036   3.028   -241.655 [ 1  1  1]   0  0.195  0.176  2.326
  2   62 Heredity    [    18 40  ]  -240.652  1552.036   3.028   -240.652 [ 1  1  1]   0  0.233  0.177  1.961
  2   63 Heredity    [    18 40  ]  -225.666  1552.036   3.028   -225.666 [ 1  1  1]   0  0.293  0.178  2.071
  2   64 Heredity    [    18 40  ]  -230.126  1552.036   3.028   -230.126 [ 1  1  1]   0  0.208  0.177  2.032
  2   65 Heredity    [    18 40  ]  -238.405  1552.036   3.028   -238.405 [ 1  1  1]   0  0.163  0.177  1.823
  2   66 Heredity    [    18 40  ]  -239.662  1552.036   3.028   -239.662 [ 1  1  1]   0  0.140  0.177  2.816
  2   67 Heredity    [    18 40  ]  -238.463  1552.036   3.028   -238.463 [ 1  1  1]   0  0.156  0.177  1.887
  2   68 Heredity    [    18 40  ]  -225.221  1552.036   3.028   -225.221 [ 1  1  1]   0  0.239  0.177  2.273
  2   69 Heredity    [    18 40  ]  -229.583  1552.036   3.028   -229.583 [ 1  1  1]   0  0.248  0.178  2.226
  2   70 Heredity    [    18 40  ]  -237.355  1552.036   3.028   -237.355 [ 1  1  1]   0  0.207  0.178  2.467
  2   71 Heredity    [    18 40  ]  -241.364  1552.036   3.028   -241.364 [ 1  1  1]   0  0.229  0.177  2.341
  2   72 Heredity    [    18 40  ]  -225.043  1552.036   3.028   -225.043 [ 1  1  1]   0  0.267  0.177  2.336
  2   73 Heredity    [    18 40  ]  -239.514  1552.036   3.028   -239.514 [ 1  1  1]   0  0.241  0.177  1.973
  2   74 Heredity    [    18 40  ]  -236.547  1552.036   3.028   -236.547 [ 1  1  1]   0  0.222  0.177  2.169
  2   75 Heredity    [    18 40  ]  -238.411  1552.036   3.028   -238.411 [ 1  1  1]   0  0.200  0.177  1.935
  2   76 Heredity    [    18 40  ]  -242.575  1552.036   3.028   -242.575 [ 1  1  1]   0  0.210  0.177  1.952
  2   77 Heredity    [    18 40  ]  -239.557  1552.036   3.028   -239.557 [ 1  1  1]   0  0.232  0.177  1.954
  2   78 Heredity    [    18 40  ]  -235.624  1552.036   3.028   -235.624 [ 1  1  1]   0  0.203  0.178  1.930
  2   79 Heredity    [    18 40  ]  -230.540  1552.036   3.028   -230.540 [ 1  1  1]   0  0.129  0.177  3.074
  2   80 Heredity    [    18 40  ]  -215.529  1552.036   3.028   -215.529 [ 1  1  1]   0  0.283  0.177  2.472
  2   81   Random    [    18 40  ]  -225.271  1552.036   3.028   -225.271 [ 1  1  1]   0  0.190  0.177  2.501
  2   82   Random    [    18 40  ]  -242.200  1552.036   3.028   -242.200 [ 1  1  1]   0  0.174  0.176  2.241
  2   83   Random    [    18 40  ]  -233.199  1552.036   3.028   -233.199 [ 1  1  1]   0  0.103  0.178  2.613
  2   84   Random    [    18 40  ]  -238.083  1552.036   3.028   -238.083 [ 1  1  1]   0  0.193  0.176  2.422
  2   85   Random    [    18 40  ]  -225.080  1552.036   3.028   -225.080 [ 1  1  1]   0  0.208  0.177  4.466
  2   86   Random    [    18 40  ]  -224.049  1552.036   3.028   -224.049 [ 1  1  1]   0  0.178  0.177  2.269
  2   87   Random    [    18 40  ]  -233.800  1552.036   3.028   -233.800 [ 1  1  1]   0  0.168  0.177  2.064
  2   88   Random    [    18 40  ]  -239.095  1552.036   3.028   -239.095 [ 1  1  1]   0  0.148  0.177  2.457
  2   89 Permutate   [    18 40  ]  -240.765  1552.036   3.028   -240.765 [ 1  1  1]   0  0.211  0.177  1.919
  2   90 Permutate   [    18 40  ]  -241.773  1552.036   3.028   -241.704 [ 1  1  1]   0  0.201  0.177  1.942
  2   91 Permutate   [    18 40  ]  -242.428  1552.036   3.028   -242.428 [ 1  1  1]   0  0.161  0.177  2.335
  2   92 Permutate   [    18 40  ]  -241.830  1552.036   3.028   -241.830 [ 1  1  1]   0  0.192  0.178  2.235
  2   93 softmutate  [    18 40  ]  -225.224  1552.036   3.028   -225.224 [ 1  1  1]   0  0.057  0.176  4.002
  2   94 softmutate  [    18 40  ]  -202.672  1552.036   3.028   -202.672 [ 1  1  1]   0  0.247  0.178  3.758
  2   95 softmutate  [    18 40  ]  -239.827  1552.036   3.028   -239.827 [ 1  1  1]   0  0.245  0.178  2.208
  2   96 softmutate  [    18 40  ]  -240.816  1552.036   3.028   -240.816 [ 1  1  1]   0  0.156  0.177  2.938
  2   97 softmutate  [    18 40  ]  -240.310  1552.036   3.028   -240.310 [ 1  1  1]   0  0.187  0.177  2.366
  2   98 softmutate  [    18 40  ]  -241.221  1552.036   3.028   -241.221 [ 1  1  1]   0  0.192  0.178  1.879
  2   99 softmutate  [    18 40  ]  -240.715  1552.036   3.028   -240.715 [ 1  1  1]   0  0.259  0.177  1.959
  2  100 softmutate  [    18 40  ]  -226.788  1552.036   3.028   -226.788 [ 1  1  1]   0  0.213  0.178  2.544
  2  101 Transmutate [    18 40  ]  -242.295  1552.036   3.028   -242.295 [ 1  1  1]   0  0.194  0.177  2.081
  2  102 Transmutate [    18 40  ]  -242.272  1552.036   3.028   -242.272 [ 1  1  1]   0  0.187  0.177  1.984
  2  103 Transmutate [    18 40  ]  -242.496  1552.036   3.028   -242.496 [ 1  1  1]   0  0.203  0.177  1.843
  2  104 Transmutate [    18 40  ]  -234.438  1183.073   3.972   -234.438 [ 1  1  1]   0  0.100  0.178  2.302
  2  105 keptBest    [    18 40  ]  -246.645  1375.634   3.416   -246.575 [ 1  1  1]   0  0.089  0.177  7.546
  2  106 keptBest    [    18 40  ]  -244.060  1560.581   3.011   -243.991 [ 1  1  1]   0  0.125  0.178  6.594
  2  107 keptBest    [    18 40  ]  -243.401  1552.036   3.028   -243.332 [ 1  1  1]   0  0.201  0.178  2.147
  2  108 keptBest    [    18 40  ]  -243.386  1552.036   3.028   -243.317 [ 1  1  1]   0  0.233  0.178  1.965
  3  109 Heredity    [    18 40  ]  -234.307  1552.036   3.028   -234.307 [ 1  1  1]   0  0.275  0.177  2.165
  3  110 Heredity    [    18 40  ]  -237.207  1552.036   3.028   -237.207 [ 1  1  1]   0  0.209  0.177  2.104
  3  111 Heredity    [    18 40  ]  -227.345  1552.036   3.028   -227.345 [ 1  1  1]   0  0.225  0.177  1.942
  3  112 Heredity    [    18 40  ]  -216.591  1552.036   3.028   -216.591 [ 1  1  1]   0  0.282  0.177  2.331
  3  113 Heredity    [    18 40  ]  -240.419  1552.036   3.028   -240.419 [ 1  1  1]   0  0.183  0.177  1.843
  3  114 Heredity    [    18 40  ]  -234.788  1552.036   3.028   -234.788 [ 1  1  1]   0  0.162  0.178  1.880
  3  115 Heredity    [    18 40  ]  -236.547  1552.036   3.028   -236.547 [ 1  1  1]   0  0.193  0.177  1.845
  3  116 Heredity    [    18 40  ]  -240.877  1552.036   3.028   -240.877 [ 1  1  1]   0  0.242  0.177  2.198
  3  117 Heredity    [    18 40  ]  -240.892  1552.036   3.028   -240.892 [ 1  1  1]   0  0.196  0.177  1.996
  3  118 Heredity    [    18 40  ]  -236.964  1552.036   3.028   -236.964 [ 1  1  1]   0  0.192  0.178  1.851
  3  119 Heredity    [    18 40  ]  -237.318  1552.036   3.028   -237.318 [ 1  1  1]   0  0.222  0.177  1.970
  3  120 Heredity    [    18 40  ]  -241.053  1552.036   3.028   -241.053 [ 1  1  1]   0  0.180  0.177  1.951
  3  121 Heredity    [    18 40  ]  -233.514  1552.036   3.028   -233.514 [ 1  1  1]   0  0.175  0.177  1.834
  3  122 Heredity    [    18 40  ]  -242.476  1552.036   3.028   -242.476 [ 1  1  1]   0  0.201  0.177  1.960
  3  123 Heredity    [    18 40  ]  -230.101  1552.036   3.028   -230.101 [ 1  1  1]   0  0.257  0.177  2.254
  3  124 Heredity    [    18 40  ]  -242.712  1552.036   3.028   -242.712 [ 1  1  1]   0  0.200  0.177  2.033
  3  125 Heredity    [    18 40  ]  -240.933  1552.036   3.028   -240.933 [ 1  1  1]   0  0.189  0.177  1.827
  3  126 Heredity    [    18 40  ]  -241.465  1552.036   3.028   -241.465 [ 1  1  1]   0  0.170  0.177  2.182
  3  127 Heredity    [    18 40  ]  -238.543  1552.036   3.028   -238.543 [ 1  1  1]   0  0.254  0.177  2.108
  3  128 Heredity    [    18 40  ]  -236.078  1552.036   3.028   -236.078 [ 1  1  1]   0  0.254  0.177  2.198
  3  129   Random    [    18 40  ]  -226.168  1552.036   3.028   -226.168 [ 1  1  1]   0  0.092  0.178  3.346
  3  130   Random    [    18 40  ]  -230.068  1552.036   3.028   -230.068 [ 1  1  1]   0  0.218  0.178  1.988
  3  131   Random    [    18 40  ]  -240.206  1552.036   3.028   -240.206 [ 1  1  1]   0  0.109  0.178  2.799
  3  132   Random    [    18 40  ]  -229.541  1552.036   3.028   -229.541 [ 1  1  1]   0  0.214  0.177  2.056
  3  133   Random    [    18 40  ]  -214.022  1552.036   3.028   -214.022 [ 1  1  1]   0  0.277  0.177  2.456
  3  134   Random    [    18 40  ]  -232.141  1552.036   3.028   -232.141 [ 1  1  1]   0  0.149  0.178  2.021
  3  135   Random    [    18 40  ]  -226.310  1552.036   3.028   -226.310 [ 1  1  1]   0  0.171  0.177  2.584
  3  136   Random    [    18 40  ]  -231.235  1552.036   3.028   -231.235 [ 1  1  1]   0  0.137  0.177  2.152
  3  137 Permutate   [    18 40  ]  -240.652  1552.036   3.028   -240.588 [ 1  1  1]   0  0.233  0.177  1.961
  3  138 Permutate   [    18 40  ]  -229.568  1441.604   3.260   -229.434 [ 1  1  1]   0  0.089  0.177  7.546
  3  139 Permutate   [    18 40  ]  -242.428  1552.036   3.028   -242.364 [ 1  1  1]   0  0.161  0.177  2.335
  3  140 Permutate   [    18 40  ]  -229.568  1441.604   3.260   -229.434 [ 1  1  1]   0  0.089  0.177  7.546
  3  141 softmutate  [    18 40  ]  -229.668  1552.036   3.028   -229.668 [ 1  1  1]   0  0.178  0.178  2.526
  3  142 softmutate  [    18 40  ]  -238.290  1552.036   3.028   -238.290 [ 1  1  1]   0  0.237  0.177  1.827
  3  143 softmutate  [    18 40  ]  -229.434  1441.604   3.260   -229.434 [ 1  1  1]   0  0.051  0.177  5.642
  3  144 softmutate  [    18 40  ]  -242.907  1552.036   3.028   -242.907 [ 1  1  1]   0  0.233  0.177  1.905
  3  145 softmutate  [    18 40  ]  -241.328  1552.036   3.028   -241.328 [ 1  1  1]   0  0.179  0.178  1.786
  3  146 softmutate  [    18 40  ]  -235.607  1552.036   3.028   -235.607 [ 1  1  1]   0  0.234  0.178  1.994
  3  147 softmutate  [    18 40  ]  -243.086  1552.036   3.028   -243.086 [ 1  1  1]   0  0.190  0.178  2.293
  3  148 softmutate  [    18 40  ]  -242.170  1552.036   3.028   -242.170 [ 1  1  1]   0  0.238  0.177  1.804
  3  149 Transmutate [    18 40  ]  -241.557  1552.036   3.028   -241.557 [ 1  1  1]   0  0.162  0.177  1.930
  3  150 Transmutate [    18 40  ]  -242.160  1552.036   3.028   -242.160 [ 1  1  1]   0  0.183  0.178  1.927
  3  151 Transmutate [    18 40  ]  -230.872  1441.604   3.260   -230.872 [ 1  1  1]   0  0.107  0.178  2.311
  3  152 Transmutate [    18 40  ]  -241.819  1552.036   3.028   -241.819 [ 1  1  1]   0  0.191  0.178  2.147
  3  153 keptBest    [    18 40  ]  -246.645  1375.634   3.416   -246.511 [ 1  1  1]   0  0.089  0.177  7.546
  3  154 keptBest    [    18 40  ]  -244.060  1560.581   3.011   -243.926 [ 1  1  1]   0  0.125  0.178  6.594
  3  155 keptBest    [    18 40  ]  -243.401  1552.036   3.028   -243.268 [ 1  1  1]   0  0.201  0.178  2.147
  3  156 keptBest    [    18 40  ]  -243.386  1552.036   3.028   -243.253 [ 1  1  1]   0  0.233  0.178  1.965
