 ID    Origin    Enthalpy   Parent-E   Parent-ID
   1   Random      -4.177    -4.177  [         0]
   2   Random      -4.019    -4.019  [         0]
   3   Random      -3.981    -3.981  [         0]
   4   Random      -3.896    -3.896  [         0]
   5   Random      -4.131    -4.131  [         0]
   6   Random      -4.094    -4.094  [         0]
   7   Random      -3.999    -3.999  [         0]
   8   Random      -4.182    -4.182  [         0]
   9   Random      -4.149    -4.149  [         0]
  10   Random      -4.163    -4.163  [         0]
  11   Random      -3.920    -3.920  [         0]
  12   Random      -4.026    -4.026  [         0]
  13   Random      -3.765    -3.765  [         0]
  14   Random      -4.008    -4.008  [         0]
  15   Random      -4.066    -4.066  [         0]
  16   Random      -4.065    -4.065  [         0]
  17   Random      -4.074    -4.074  [         0]
  18   Random      -3.873    -3.873  [         0]
  19   Random      -3.951    -3.951  [         0]
  20   Random      -4.082    -4.082  [         0]
  21   Random      -4.162    -4.162  [         0]
  22   Random      -3.636    -3.636  [         0]
  23   Random      -4.159    -4.159  [         0]
  24   Random      -3.825    -3.825  [         0]
  25   Random      -4.052    -4.052  [         0]
  26   Random      -4.183    -4.183  [         0]
  27   Random      -4.194    -4.194  [         0]
  28   Random      -4.122    -4.122  [         0]
  29   Random      -3.977    -3.977  [         0]
  30   Random      -3.874    -3.874  [         0]
  31   Random      -3.789    -3.789  [         0]
  32   Random      -4.005    -4.005  [         0]
  33   Random      -4.004    -4.004  [         0]
  34   Random      -3.748    -3.748  [         0]
  35   Random      -3.955    -3.955  [         0]
  36   Random      -3.947    -3.947  [         0]
  37   Random      -3.881    -3.881  [         0]
  38   Random      -3.872    -3.872  [         0]
  39   Random      -4.038    -4.038  [         0]
  40   Random      -4.106    -4.106  [         0]
  41   Seeds       -4.252    [          ]
  42   Seeds       -4.190    [          ]
  43   Seeds       -4.196    [          ]
  44   Seeds       -4.197    [          ]
  45   Seeds       -4.159    [          ]
  46   Seeds       -4.124    [          ]
  47   Seeds       -4.175    [          ]
  48   Seeds       -4.161    [          ]
  49   Seeds       -4.148    [          ]
  50   Seeds       -4.139    [          ]
  51   Seeds       -4.208    [          ]
  52   Seeds       -4.159    [          ]
  53   Seeds       -4.181    [          ]
  54   Seeds       -4.149    [          ]
  55   Seeds       -4.128    [          ]
  56   Seeds       -4.133    [          ]
  57   Seeds       -4.132    [          ]
  58   Seeds       -4.169    [          ]
  59   Seeds       -4.152    [          ]
  60   Seeds       -4.109    [          ]
  61 Heredity      -4.166    -4.193  [    42  27]
  62 Heredity      -4.149    -4.235  [    41  27]
  63 Heredity      -3.891    -4.184  [    57  41]
  64 Heredity      -3.968    -4.200  [    44  51]
  65 Heredity      -4.110    -4.158  [    53  55]
  66 Heredity      -4.132    -4.180  [    27  49]
  67 Heredity      -4.111    -4.163  [    44  54]
  68 Heredity      -3.883    -4.205  [    27  51]
  69 Heredity      -3.958    -4.156  [    60  42]
  70 Heredity      -4.092    -4.176  [    49  42]
  71 Heredity      -4.161    -4.191  [    27  26]
  72 Heredity      -3.880    -4.238  [    41  27]
  73 Heredity      -4.130    -4.192  [    43  26]
  74 Heredity      -4.078    -4.152  [    21  49]
  75 Heredity      -4.111    -4.198  [     1  51]
  76 Heredity      -4.182    -4.180  [    44  23]
  77 Heredity      -4.130    -4.185  [    43  10]
  78 Heredity      -4.062    -4.173  [     8  48]
  79 Heredity      -3.975    -4.195  [    27  43]
  80 Heredity      -3.716    -4.182  [    26  53]
  81   Random      -3.884    -3.884  [         0]
  82   Random      -4.176    -4.176  [         0]
  83   Random      -4.021    -4.021  [         0]
  84   Random      -4.105    -4.105  [         0]
  85   Random      -3.881    -3.881  [         0]
  86   Random      -3.863    -3.863  [         0]
  87   Random      -4.031    -4.031  [         0]
  88   Random      -4.122    -4.122  [         0]
  89 Permutate     -4.151    -4.133  [        56]
  90 Permutate     -4.169    -4.169  [        58]
  91 Permutate     -4.180    -4.159  [        45]
  92 Permutate     -4.169    -4.182  [         8]
  93 softmutate    -3.883    -4.194  [        27]
  94 softmutate    -3.494    -4.124  [        46]
  95 softmutate    -4.135    -4.162  [        21]
  96 softmutate    -4.152    -4.159  [        45]
  97 softmutate    -4.143    -4.159  [        52]
  98 softmutate    -4.159    -4.169  [        58]
  99 softmutate    -4.150    -4.196  [        43]
 100 softmutate    -3.910    -4.197  [        44]
 101 Transmutate   -4.178    -4.161  [        48]
 102 Transmutate   -4.177    -4.163  [        10]
 103 Transmutate   -4.181    -4.152  [        59]
 104 Transmutate   -4.042    -4.181  [        53]
 105 keptBest      -4.252    -4.252  [        41]
 106 keptBest      -4.208    -4.208  [        51]
 107 keptBest      -4.197    -4.197  [        44]
 108 keptBest      -4.196    -4.196  [        43]
 109 Heredity      -4.040    -4.189  [  107   82]
 110 Heredity      -4.090    -4.187  [  101  108]
 111 Heredity      -3.920    -4.179  [  106   89]
 112 Heredity      -3.734    -4.219  [  105   76]
 113 Heredity      -4.145    -4.200  [   91  106]
 114 Heredity      -4.048    -4.169  [    95  76]
 115 Heredity      -4.078    -4.170  [    82  98]
 116 Heredity      -4.153    -4.158  [    71  96]
 117 Heredity      -4.153    -4.179  [   76  102]
 118 Heredity      -4.086    -4.155  [    92  95]
 119 Heredity      -4.092    -4.186  [  108  103]
 120 Heredity      -4.156    -4.186  [   96  106]
 121 Heredity      -4.026    -4.177  [    91  82]
 122 Heredity      -4.181    -4.167  [   99  107]
 123 Heredity      -3.967    -4.143  [    89  95]
 124 Heredity      -4.185    -4.199  [  105   91]
 125 Heredity      -4.154    -4.174  [    71  76]
 126 Heredity      -4.163    -4.188  [   91  108]
 127 Heredity      -4.113    -4.170  [  107   89]
 128 Heredity      -4.070    -4.168  [   71  102]
 129   Random      -3.899    -3.899  [         0]
 130   Random      -3.967    -3.967  [         0]
 131   Random      -4.141    -4.141  [         0]
 132   Random      -3.958    -3.958  [         0]
 133   Random      -3.690    -3.690  [         0]
 134   Random      -4.002    -4.002  [         0]
 135   Random      -3.902    -3.902  [         0]
 136   Random      -3.987    -3.987  [         0]
 137 Permutate     -4.149    -4.149  [        62]
 138 Permutate     -3.958    -4.252  [       105]
 139 Permutate     -4.180    -4.180  [        91]
 140 Permutate     -3.958    -4.252  [       105]
 141 softmutate    -3.960    -4.197  [       107]
 142 softmutate    -4.108    -4.181  [       103]
 143 softmutate    -3.956    -4.252  [       105]
 144 softmutate    -4.188    -4.166  [        61]
 145 softmutate    -4.161    -4.181  [       103]
 146 softmutate    -4.062    -4.169  [        90]
 147 softmutate    -4.191    -4.197  [       107]
 148 softmutate    -4.175    -4.182  [        76]
 149 Transmutate   -4.165    -4.180  [        91]
 150 Transmutate   -4.175    -4.182  [        76]
 151 Transmutate   -3.981    -4.252  [       105]
 152 Transmutate   -4.169    -4.178  [       101]
 153 keptBest      -4.252    -4.252  [       105]
 154 keptBest      -4.208    -4.208  [       106]
 155 keptBest      -4.197    -4.197  [       107]
 156 keptBest      -4.196    -4.196  [       108]
