-211.38317972636125
-208.4400919173998
-168.4417487946721
-190.88505464071147
-196.6961347345144
-193.98346713846306
-219.46978972588147
-211.3400191423116
-199.6754847504326
-194.84935343591079
-185.84667988282726
-216.01828052475844
-207.24866173504003
-204.43725273140052
-208.24716121928495
-201.22785398030513
-200.43096780482637
-195.61235249066175
-204.64131547747678
-178.48667040646058
-201.3967466785202
-204.73172685278536
-180.87911300031726
-198.684107839192
-209.27009726231938
-212.05692262793332
-213.32754404133664
-212.5010355686681
-205.4354567027891
-211.01274892021587
-201.36346023212297
-207.51849062095664
-201.69292906016278
-197.54853581405573
-181.5567857812699
-204.113769090794
-210.04715566324285
-206.68568611736077
-219.0934236335151
-206.48286409736215
-199.27391763600792
-198.83295773766196
-208.4071605354741
-209.03912736729285
-203.07153964570813
-210.07588637022636
-210.64447005875957
-204.75181202798493
-214.1848372154921
-210.80494312882956
-213.4001952352911
-207.25888773283845
-206.1162874380222
-205.98908745239032
-202.3205140754625
-214.7088820371271
-211.83387684515222
-211.05742184862595
-218.17494329460413
-216.62882979576239
-212.95184279290987
-215.5196188738623
-212.15434187827663
-212.35884334889045
-209.74557512328042
-213.3778052623997
-211.5792686594294
-211.3911415957308
-208.95871732114392
-210.35172368649023
-213.19157124839185
-216.29300420954522
-212.17774511469247
-210.7200116295402
-215.55371075432302
-216.62557426805193
-210.85205663469122
-213.3110039782278
-207.62771877379404
-211.7377493213689
-205.80885192660077
-186.5349117680413
-201.7128870863183
-201.20143469525715
-212.8718644684995
-189.0686163371168
-194.3725688643301
-202.78773898666802
-215.6272951886834
-210.18750153117168
-212.49753941882037
-214.17337859874914
-210.20384261657858
-206.3529376797518
-208.964838013612
-210.62653983409473
-216.10546960457054
-213.4119398850995
-210.99724440822135
-215.9245190595659
-208.26804013092985
-219.04633811747576
-206.7292961508683
-211.61610541125694
-219.0426885377785
-217.18713680316364
-212.92958570883434
-213.57150793814384
-212.9004334678783
-215.98755558347608
-218.04424589260816
-215.02119764697113
-216.45439496502087
-216.8984277190154
-210.68693176157325
-213.7872242066983
-214.4172920274326
-217.27992664311427
-210.29971801346673
-217.04270387509808
-215.32464350200596
-215.36214926613374
-217.14385674420737
-212.88106291109767
-216.015192443106
-218.53423330196165
-213.92016701831676
-215.40472309896285
-212.9317293034568
-218.42902397292795
-215.92309888932792
-216.89585754014823
-217.78764412415873
-217.59066537563967
-213.17254613030946
-213.06154168772946
-169.33682732081974
-200.80489012547326
-213.5067164328608
-206.6080994856893
-199.07308696478796
-212.37524459378
-214.92818960695513
-213.34613638047222
-215.51721834067735
-214.2382382116519
-219.46557562575754
-216.5751603356582
-216.65221663859458
-219.44645674854283
-215.85452611891048
-210.8562335242149
-213.50447137453767
-212.96943033527126
-213.44986376210022
