-112.789544952899
-112.43962120683935
-113.00816520443696
-110.88052514587605
-112.6528094110504
-112.24023161152836
-112.62907649454066
-113.17839423296536
-113.17378211990018
-113.11690782687927
-113.27475879629208
-112.87960338719876
-113.08746049773097
-112.03129645995496
-113.15436468936915
-113.1008657306933
-112.90475947417814
-113.10692617645815
-113.24472070502435
-111.43183459192926
-112.79827689486387
-112.13902110295322
-113.2509199986652
-112.89477101829883
-111.75398527361483
-113.1108937322766
-113.08709519416321
-112.51579014238615
-113.05492473758268
-113.0262575115693
-113.0630410022157
-113.21575068512601
-112.84215404093692
-112.7420055104816
-113.11093771326448
-112.8244770248505
-112.90068753595182
-112.77287841126187
-112.97052710770484
-112.56229798064516
-112.9745586587845
-113.20759983654068
-113.21395658345114
-113.22362786146685
-113.12996025399488
-112.97891467292855
-113.15843129280944
-113.22775043347235
-113.17812835887023
-113.22148906235654
-112.80337901934446
-113.13547578664038
-113.11803554518433
-113.16777038743025
-113.20080918345626
-113.30649000004837
-113.19328367642926
-113.13892264995606
-113.22055411297637
-113.03586330223625
-113.17760390889617
-113.21961436453734
-113.18774692599428
-113.23699739746445
-113.22643940602782
-113.17424641324328
-113.25460192653173
-113.28869041092253
-113.28375376394642
-113.21102468267098
-113.26757031698617
-113.16730898619583
-113.20219296613021
-113.22753146943771
-113.17047287079171
-113.20041798164937
-113.20503376156282
-113.15487313993344
-113.2136592029741
-113.13761675826929
-113.02418440515815
-113.09806502629951
-112.59543366431939
-112.35851096887063
-113.13803956772048
-112.70948960879278
-113.1698694956188
-112.88283035403829
-113.22728586107478
-113.21026410463391
-113.208952653929
-113.22757996629106
-112.89658889866047
-113.22067668331547
-113.24624599962132
-113.16755683611578
-113.17504945746751
-113.21340210950832
-113.27466709992103
-113.03703600648757
-113.12951227410079
-113.12542376600885
-113.28101709282573
-113.21349347623956
-112.75179977120804
-113.21582486429702
-113.30004988938259
-113.22087027832174
-113.22385519533718
-113.22154930671357
-113.23865066028304
-113.25911286803749
-113.17769350514475
-113.2609824260434
-113.27317804629253
-113.18505789376604
-113.27390250399989
-113.29589578850859
-113.21468055399521
-113.26938965607285
-113.2776548905403
-113.23107626557808
-113.22677119022937
-113.18671424682753
-113.2459539447531
-113.22608133301654
-113.26525649100118
-113.25980635542138
-113.18233992554725
-113.26893024290759
-113.26835353071952
-113.28605721412691
-113.2470649038352
-111.71061908121897
-113.01156031763638
-112.71958555192884
-111.16545932899689
-113.23390013907684
-113.28521004474155
-113.20105384049576
-113.15719474762437
-113.23661090075117
-113.30613059287681
-113.26412434245609
-113.11927285391185
-113.20213987502332
-113.22665251889028
-113.20944200454048
-113.23911920814594
-113.21544574511788
-113.23107373945015
-113.19807417511898
-113.2531684186953
-113.27795692886508
-113.20273805471874
