-242.616
-242.587
-242.608
-242.547
-242.667
-242.569
-242.595
-242.157
-242.475
-242.493
-242.583
-242.270
-242.728
-242.502
-242.364
-242.758
-242.611
-242.612
-242.718
-242.599
-242.505
-242.696
-242.733
-242.573
-242.776
-242.781
-242.374
-242.586
-242.612
-242.513
-242.537
-242.570
-242.683
-242.631
-242.638
-242.555
-242.543
-242.483
-242.593
-242.574
-242.683
-242.733
-242.501
-242.821
-242.542
-242.725
-242.470
-242.601
-242.628
-242.676
-242.563
-242.590
-242.703
-242.672
-242.647
-242.712
-242.629
-242.636
-242.614
-242.578
-242.632
-242.673
-242.716
-242.693
-242.534
-242.804
-242.694
-242.674
-242.653
-242.490
-242.476
-242.510
-242.624
-242.429
-242.648
-242.695
-242.629
-242.739
-242.894
-242.690
-242.623
-242.742
-242.597
-242.636
-242.619
-242.555
-242.666
-242.702
-242.821
-242.781
-242.776
-242.758
-242.628
-242.601
-242.645
-242.524
-242.686
-242.593
-242.698
-242.647
-242.523
-242.594
-242.538
-242.586
-242.703
-242.676
-242.663
-242.633
-242.763
-242.639
-242.738
-242.677
-242.319
-242.555
-242.576
-242.606
-242.600
-242.611
-242.571
-242.649
-242.804
-242.328
-242.703
-242.673
-242.712
-242.647
-242.674
-242.698
-242.633
-242.733
-242.563
-242.637
-242.700
-242.710
-242.891
-242.892
-242.894
-242.821
-242.804
-242.781
