  ID   Compositions    Enthalpies    Volumes    fitness  SYMM
                       (eV/atom)    (A^3/atom)    ()         
  79  [    17 40  ]     -4.2613     27.2287   -242.8941     0
 136  [    17 40  ]     -4.2613     27.2287   -242.8921     0
 135  [    17 40  ]     -4.2612     27.2287   -242.8907     0
  44  [    17 40  ]     -4.2600     24.2724   -242.8210     0
  66  [    17 40  ]     -4.2597     27.2287   -242.8042     0
  26  [    17 40  ]     -4.2593     27.2287   -242.7808     0
  25  [    17 40  ]     -4.2592     27.2287   -242.7759     0
 109  [    17 40  ]     -4.2590     27.2287   -242.7626     0
  16  [    17 40  ]     -4.2589     27.2287   -242.7581     0
  82  [    17 40  ]     -4.2586     27.2287   -242.7417     0
  78  [    17 40  ]     -4.2586     27.2287   -242.7394     0
 111  [    17 40  ]     -4.2586     27.2287   -242.7378     0
  42  [    17 40  ]     -4.2585     23.4126   -242.7334     0
 130  [    17 40  ]     -4.2585     27.2287   -242.7331     0
  23  [    17 40  ]     -4.2585     27.2287   -242.7326     0
  13  [    17 40  ]     -4.2584     27.2287   -242.7275     0
  46  [    17 40  ]     -4.2583     27.2287   -242.7255     0
  19  [    17 40  ]     -4.2582     27.2287   -242.7181     0
  63  [    17 40  ]     -4.2582     27.2287   -242.7160     0
 125  [    17 40  ]     -4.2581     27.2287   -242.7120     0
