Gen   ID    Origin   Composition    Enthalpy   Volume  Density   Fitness   KPOINTS  SYMM  Q_entr A_order S_order
                                      (eV)     (A^3)  (g/cm^3)
  1    1   Random    [    17 40  ]  -242.616  1552.036   3.011   -242.616 [ 1  1  1]   0  0.253  0.163  2.145
  1    2   Random    [    17 40  ]  -242.587  1552.036   3.011   -242.587 [ 1  1  1]   0  0.221  0.162  2.750
  1    3   Random    [    17 40  ]  -242.608  1552.036   3.011   -242.608 [ 1  1  1]   0  0.188  0.162  2.066
  1    4   Random    [    17 40  ]  -242.547  1552.036   3.011   -242.547 [ 1  1  1]   0  0.244  0.162  2.387
  1    5   Random    [    17 40  ]  -242.667  1552.036   3.011   -242.667 [ 1  1  1]   0  0.177  0.162  2.439
  1    6   Random    [    17 40  ]  -242.569  1552.036   3.011   -242.569 [ 1  1  1]   0  0.233  0.162  2.399
  1    7   Random    [    17 40  ]  -242.595  1552.036   3.011   -242.595 [ 1  1  1]   0  0.001  0.162  3.352
  1    8   Random    [    17 40  ]  -242.157  1552.036   3.011   -242.157 [ 1  1  1]   0  0.000  0.161  7.581
  1    9   Random    [    17 40  ]  -242.475  1552.036   3.011   -242.475 [ 1  1  1]   0  0.096  0.162  3.126
  1   10   Random    [    17 40  ]  -242.493  1552.036   3.011   -242.493 [ 1  1  1]   0  0.000  0.162  3.866
  1   11   Random    [    17 40  ]  -242.583  1552.036   3.011   -242.583 [ 1  1  1]   0  0.159  0.162  3.494
  1   12   Random    [    17 40  ]  -242.270  1552.036   3.011   -242.270 [ 1  1  1]   0  0.271  0.162  2.682
  1   13   Random    [    17 40  ]  -242.728  1552.036   3.011   -242.728 [ 1  1  1]   0  0.220  0.163  2.119
  1   14   Random    [    17 40  ]  -242.502  1552.036   3.011   -242.502 [ 1  1  1]   0  0.182  0.162  2.699
  1   15   Random    [    17 40  ]  -242.364  1552.036   3.011   -242.364 [ 1  1  1]   0  0.246  0.163  3.172
  1   16   Random    [    17 40  ]  -242.758  1552.036   3.011   -242.758 [ 1  1  1]   0  0.071  0.162  4.363
  1   17   Random    [    17 40  ]  -242.611  1552.036   3.011   -242.611 [ 1  1  1]   0  0.105  0.162  2.793
  1   18   Random    [    17 40  ]  -242.612  1552.036   3.011   -242.612 [ 1  1  1]   0  0.184  0.162  2.284
  1   19   Random    [    17 40  ]  -242.718  1552.036   3.011   -242.718 [ 1  1  1]   0  0.218  0.162  2.443
  1   20   Random    [    17 40  ]  -242.599  1552.036   3.011   -242.599 [ 1  1  1]   0  0.102  0.162  4.899
  1   21   Random    [    17 40  ]  -242.505  1552.036   3.011   -242.505 [ 1  1  1]   0  0.000  0.162  3.797
  1   22   Random    [    17 40  ]  -242.696  1552.036   3.011   -242.696 [ 1  1  1]   0  0.253  0.162  2.052
  1   23   Random    [    17 40  ]  -242.733  1552.036   3.011   -242.733 [ 1  1  1]   0  0.127  0.162  2.830
  1   24   Random    [    17 40  ]  -242.573  1552.036   3.011   -242.573 [ 1  1  1]   0  0.110  0.162  2.687
  1   25   Random    [    17 40  ]  -242.776  1552.036   3.011   -242.776 [ 1  1  1]   0  0.150  0.162  2.845
  1   26   Random    [    17 40  ]  -242.781  1552.036   3.011   -242.781 [ 1  1  1]   0  0.000  0.163  3.586
  1   27   Random    [    17 40  ]  -242.374  1552.036   3.011   -242.374 [ 1  1  1]   0  0.255  0.163  3.603
  1   28   Random    [    17 40  ]  -242.586  1552.036   3.011   -242.586 [ 1  1  1]   0  0.217  0.162  3.927
  1   29   Random    [    17 40  ]  -242.612  1552.036   3.011   -242.612 [ 1  1  1]   0  0.201  0.162  1.977
  1   30   Random    [    17 40  ]  -242.513  1552.036   3.011   -242.513 [ 1  1  1]   0  0.171  0.163  2.142
  1   31   Random    [    17 40  ]  -242.537  1552.036   3.011   -242.537 [ 1  1  1]   0  0.000  0.162  4.177
  1   32   Random    [    17 40  ]  -242.570  1552.036   3.011   -242.570 [ 1  1  1]   0  0.170  0.161  2.051
  1   33   Random    [    17 40  ]  -242.683  1552.036   3.011   -242.683 [ 1  1  1]   0  0.221  0.162  2.997
  1   34   Random    [    17 40  ]  -242.631  1552.036   3.011   -242.631 [ 1  1  1]   0  0.239  0.162  1.814
  1   35   Random    [    17 40  ]  -242.638  1552.036   3.011   -242.638 [ 1  1  1]   0  0.206  0.163  2.568
  1   36   Random    [    17 40  ]  -242.555  1552.036   3.011   -242.555 [ 1  1  1]   0  0.238  0.162  2.151
  1   37   Random    [    17 40  ]  -242.543  1552.036   3.011   -242.543 [ 1  1  1]   0  0.126  0.162  3.096
  1   38   Random    [    17 40  ]  -242.483  1552.036   3.011   -242.483 [ 1  1  1]   0  0.236  0.162  2.871
  1   39   Random    [    17 40  ]  -242.593  1552.036   3.011   -242.593 [ 1  1  1]   0  0.191  0.162  2.125
  1   40   Random    [    17 40  ]  -242.574  1552.036   3.011   -242.574 [ 1  1  1]   0  0.147  0.161  3.004
  1   41   Seeds     [    17 40  ]  -242.683  1466.287   3.187   -242.683 [ 1  1  1]   0  0.197  0.162 249.004
  1   42   Seeds     [    17 40  ]  -242.733  1334.520   3.501   -242.733 [ 1  1  1]   0  0.198  0.162  9.792
  1   43   Seeds     [    17 40  ]  -242.501  1393.436   3.353   -242.501 [ 1  1  1]   0  0.091  0.162 71.084
  1   44   Seeds     [    17 40  ]  -242.821  1383.525   3.377   -242.821 [ 1  1  1]   0  0.107  0.162  3.221
  2   45 Heredity    [    17 40  ]  -242.542  1552.036   3.011   -242.542 [ 1  1  1]   0  0.209  0.162  2.181
  2   46 Heredity    [    17 40  ]  -242.725  1552.036   3.011   -242.725 [ 1  1  1]   0  0.184  0.162  2.202
  2   47 Heredity    [    17 40  ]  -242.470  1552.036   3.011   -242.470 [ 1  1  1]   0  0.271  0.162  3.025
  2   48 Heredity    [    17 40  ]  -242.601  1552.036   3.011   -242.601 [ 1  1  1]   0  0.248  0.162  1.958
  2   49 Heredity    [    17 40  ]  -242.628  1552.036   3.011   -242.628 [ 1  1  1]   0  0.263  0.162  2.158
  2   50 Heredity    [    17 40  ]  -242.676  1552.036   3.011   -242.676 [ 1  1  1]   0  0.247  0.161  2.134
  2   51 Heredity    [    17 40  ]  -242.563  1552.036   3.011   -242.563 [ 1  1  1]   0  0.216  0.162  1.970
  2   52 Heredity    [    17 40  ]  -242.590  1552.036   3.011   -242.590 [ 1  1  1]   0  0.245  0.163  1.989
  2   53 Heredity    [    17 40  ]  -242.703  1552.036   3.011   -242.703 [ 1  1  1]   0  0.242  0.162  1.815
  2   54 Heredity    [    17 40  ]  -242.672  1552.036   3.011   -242.672 [ 1  1  1]   0  0.110  0.163  2.772
  2   55 Heredity    [    17 40  ]  -242.647  1552.036   3.011   -242.647 [ 1  1  1]   0  0.135  0.163  2.274
  2   56 Heredity    [    17 40  ]  -242.712  1552.036   3.011   -242.712 [ 1  1  1]   0  0.199  0.162  2.093
  2   57 Heredity    [    17 40  ]  -242.629  1552.036   3.011   -242.629 [ 1  1  1]   0  0.224  0.163  1.954
  2   58 Heredity    [    17 40  ]  -242.636  1552.036   3.011   -242.636 [ 1  1  1]   0  0.242  0.163  2.330
  2   59 Heredity    [    17 40  ]  -242.614  1552.036   3.011   -242.614 [ 1  1  1]   0  0.187  0.163  2.160
  2   60 Heredity    [    17 40  ]  -242.578  1552.036   3.011   -242.578 [ 1  1  1]   0  0.196  0.162  3.367
  2   61 Heredity    [    17 40  ]  -242.632  1552.036   3.011   -242.632 [ 1  1  1]   0  0.168  0.162  2.437
  2   62 Heredity    [    17 40  ]  -242.673  1552.036   3.011   -242.673 [ 1  1  1]   0  0.244  0.162  1.993
  2   63 Heredity    [    17 40  ]  -242.716  1552.036   3.011   -242.716 [ 1  1  1]   0  0.217  0.162  2.000
  2   64 Heredity    [    17 40  ]  -242.693  1552.036   3.011   -242.693 [ 1  1  1]   0  0.230  0.162  1.996
  2   65   Random    [    17 40  ]  -242.534  1552.036   3.011   -242.534 [ 1  1  1]   0  0.262  0.162  2.023
  2   66   Random    [    17 40  ]  -242.804  1552.036   3.011   -242.804 [ 1  1  1]   0  0.249  0.162  2.491
  2   67   Random    [    17 40  ]  -242.694  1552.036   3.011   -242.694 [ 1  1  1]   0  0.216  0.162  2.401
  2   68   Random    [    17 40  ]  -242.674  1552.036   3.011   -242.674 [ 1  1  1]   0  0.176  0.162  2.767
  2   69   Random    [    17 40  ]  -242.653  1552.036   3.011   -242.653 [ 1  1  1]   0  0.251  0.162  2.016
  2   70   Random    [    17 40  ]  -242.490  1552.036   3.011   -242.490 [ 1  1  1]   0  0.148  0.163  2.823
  2   71   Random    [    17 40  ]  -242.476  1552.036   3.011   -242.476 [ 1  1  1]   0  0.127  0.163  3.350
  2   72   Random    [    17 40  ]  -242.510  1552.036   3.011   -242.510 [ 1  1  1]   0  0.230  0.162  2.561
  2   73 Permutate   [    17 40  ]  -242.624  1552.036   3.011   -242.624 [ 1  1  1]   0  0.213  0.162  2.507
  2   74 Permutate   [    17 40  ]  -242.429  1437.044   3.251   -242.429 [ 1  1  1]   0  0.168  0.162  2.713
  2   75 Permutate   [    17 40  ]  -242.648  1552.036   3.011   -242.648 [ 1  1  1]   0  0.197  0.163  2.018
  2   76 Permutate   [    17 40  ]  -242.695  1552.036   3.011   -242.695 [ 1  1  1]   0  0.226  0.163  2.047
  2   77 softmutate  [    17 40  ]  -242.629  1552.036   3.011   -242.629 [ 1  1  1]   0  0.176  0.162  2.212
  2   78 softmutate  [    17 40  ]  -242.739  1552.036   3.011   -242.739 [ 1  1  1]   0  0.039  0.162  3.539
  2   79 softmutate  [    17 40  ]  -242.894  1552.036   3.011   -242.894 [ 1  1  1]   0  0.169  0.163  3.534
  2   80 softmutate  [    17 40  ]  -242.690  1552.036   3.011   -242.690 [ 1  1  1]   0  0.209  0.162  2.322
  2   81 CoorMutate  [    17 40  ]  -242.623  1552.036   3.011   -242.623 [ 1  1  1]   0  0.237  0.162  1.924
  2   82 softmutate  [    17 40  ]  -242.742  1552.036   3.011   -242.742 [ 1  1  1]   0  0.241  0.162  1.926
  2   83 softmutate  [    17 40  ]  -242.597  1552.036   3.011   -242.597 [ 1  1  1]   0  0.224  0.162  2.287
  2   84 softmutate  [    17 40  ]  -242.636  1552.036   3.011   -242.636 [ 1  1  1]   0  0.223  0.162  1.792
  2   85 Transmutate [    17 40  ]  -242.619  1552.036   3.011   -242.619 [ 1  1  1]   0  0.205  0.162  1.922
  2   86 Transmutate [    17 40  ]  -242.555  1437.044   3.251   -242.555 [ 1  1  1]   0  0.179  0.162  2.309
  2   87 Transmutate [    17 40  ]  -242.666  1552.036   3.011   -242.666 [ 1  1  1]   0  0.230  0.162  1.928
  2   88 Transmutate [    17 40  ]  -242.702  1552.036   3.011   -242.702 [ 1  1  1]   0  0.221  0.162  2.564
  2   89 keptBest    [    17 40  ]  -242.821  1383.525   3.377   -242.820 [ 1  1  1]   0  0.107  0.162  3.221
  2   90 keptBest    [    17 40  ]  -242.781  1552.036   3.011   -242.780 [ 1  1  1]   0  0.000  0.163  3.586
  2   91 keptBest    [    17 40  ]  -242.776  1552.036   3.011   -242.775 [ 1  1  1]   0  0.150  0.162  2.845
  2   92 keptBest    [    17 40  ]  -242.758  1552.036   3.011   -242.757 [ 1  1  1]   0  0.071  0.162  4.363
  3   93 Heredity    [    17 40  ]  -242.628  1552.036   3.011   -242.628 [ 1  1  1]   0  0.185  0.162  2.505
  3   94 Heredity    [    17 40  ]  -242.601  1552.036   3.011   -242.601 [ 1  1  1]   0  0.220  0.163  2.501
  3   95 Heredity    [    17 40  ]  -242.645  1552.036   3.011   -242.645 [ 1  1  1]   0  0.236  0.161  1.982
  3   96 Heredity    [    17 40  ]  -242.524  1552.036   3.011   -242.524 [ 1  1  1]   0  0.218  0.162  2.758
  3   97 Heredity    [    17 40  ]  -242.686  1552.036   3.011   -242.686 [ 1  1  1]   0  0.222  0.161  2.075
  3   98 Heredity    [    17 40  ]  -242.593  1552.036   3.011   -242.593 [ 1  1  1]   0  0.222  0.162  2.098
  3   99 Heredity    [    17 40  ]  -242.698  1552.036   3.011   -242.698 [ 1  1  1]   0  0.224  0.162  2.053
  3  100 Heredity    [    17 40  ]  -242.647  1552.036   3.011   -242.647 [ 1  1  1]   0  0.214  0.162  2.001
  3  101 Heredity    [    17 40  ]  -242.523  1552.036   3.011   -242.523 [ 1  1  1]   0  0.224  0.162  2.126
  3  102 Heredity    [    17 40  ]  -242.594  1552.036   3.011   -242.594 [ 1  1  1]   0  0.198  0.163  2.324
  3  103 Heredity    [    17 40  ]  -242.538  1552.036   3.011   -242.538 [ 1  1  1]   0  0.240  0.163  2.101
  3  104 Heredity    [    17 40  ]  -242.586  1552.036   3.011   -242.586 [ 1  1  1]   0  0.227  0.162  2.159
  3  105 Heredity    [    17 40  ]  -242.703  1552.036   3.011   -242.703 [ 1  1  1]   0  0.176  0.162  1.842
  3  106 Heredity    [    17 40  ]  -242.676  1552.036   3.011   -242.676 [ 1  1  1]   0  0.228  0.162  1.943
  3  107 Heredity    [    17 40  ]  -242.663  1552.036   3.011   -242.663 [ 1  1  1]   0  0.242  0.162  2.050
  3  108 Heredity    [    17 40  ]  -242.633  1552.036   3.011   -242.633 [ 1  1  1]   0  0.233  0.162  2.257
  3  109 Heredity    [    17 40  ]  -242.763  1552.036   3.011   -242.763 [ 1  1  1]   0  0.253  0.162  2.018
  3  110 Heredity    [    17 40  ]  -242.639  1552.036   3.011   -242.639 [ 1  1  1]   0  0.189  0.162  2.272
  3  111 Heredity    [    17 40  ]  -242.738  1552.036   3.011   -242.738 [ 1  1  1]   0  0.215  0.162  2.061
  3  112 Heredity    [    17 40  ]  -242.677  1552.036   3.011   -242.677 [ 1  1  1]   0  0.233  0.162  1.887
  3  113   Random    [    17 40  ]  -242.319  1552.036   3.011   -242.319 [ 1  1  1]   0  0.145  0.163  3.078
  3  114   Random    [    17 40  ]  -242.555  1552.036   3.011   -242.555 [ 1  1  1]   0  0.158  0.163  2.956
  3  115   Random    [    17 40  ]  -242.576  1552.036   3.011   -242.576 [ 1  1  1]   0  0.000  0.162  4.306
  3  116   Random    [    17 40  ]  -242.606  1552.036   3.011   -242.606 [ 1  1  1]   0  0.188  0.162  2.949
  3  117   Random    [    17 40  ]  -242.600  1552.036   3.011   -242.600 [ 1  1  1]   0  0.183  0.162  3.102
  3  118   Random    [    17 40  ]  -242.611  1552.036   3.011   -242.611 [ 1  1  1]   0  0.214  0.162  2.019
  3  119   Random    [    17 40  ]  -242.571  1552.036   3.011   -242.571 [ 1  1  1]   0  0.156  0.162  2.338
  3  120   Random    [    17 40  ]  -242.649  1552.036   3.011   -242.649 [ 1  1  1]   0  0.216  0.162  2.145
  3  121 Permutate   [    17 40  ]  -242.804  1552.036   3.011   -242.803 [ 1  1  1]   0  0.249  0.162  2.491
  3  122 Permutate   [    17 40  ]  -242.328  1552.036   3.011   -242.328 [ 1  1  1]   0  0.230  0.162  2.877
  3  123 Permutate   [    17 40  ]  -242.703  1552.036   3.011   -242.702 [ 1  1  1]   0  0.242  0.162  1.815
  3  124 Permutate   [    17 40  ]  -242.673  1552.036   3.011   -242.672 [ 1  1  1]   0  0.244  0.162  1.993
  3  125 softmutate  [    17 40  ]  -242.712  1552.036   3.011   -242.712 [ 1  1  1]   0  0.224  0.162  1.973
  3  126 softmutate  [    17 40  ]  -242.647  1552.036   3.011   -242.647 [ 1  1  1]   0  0.239  0.162  1.850
  3  127 CoorMutate  [    17 40  ]  -242.674  1552.036   3.011   -242.674 [ 1  1  1]   0  0.234  0.162  1.889
  3  128 softmutate  [    17 40  ]  -242.698  1552.036   3.011   -242.698 [ 1  1  1]   0  0.216  0.162  2.420
  3  129 softmutate  [    17 40  ]  -242.633  1552.036   3.011   -242.633 [ 1  1  1]   0  0.222  0.162  1.999
  3  130 softmutate  [    17 40  ]  -242.733  1552.036   3.011   -242.733 [ 1  1  1]   0  0.228  0.162  1.994
  3  131 softmutate  [    17 40  ]  -242.563  1552.036   3.011   -242.563 [ 1  1  1]   0  0.262  0.163  2.145
  3  132 softmutate  [    17 40  ]  -242.637  1552.036   3.011   -242.637 [ 1  1  1]   0  0.203  0.163  2.068
  3  133 Transmutate [    17 40  ]  -242.700  1552.036   3.011   -242.700 [ 1  1  1]   0  0.199  0.163  1.912
  3  134 Transmutate [    17 40  ]  -242.710  1552.036   3.011   -242.710 [ 1  1  1]   0  0.244  0.162  2.006
  3  135 Transmutate [    17 40  ]  -242.891  1552.036   3.011   -242.891 [ 1  1  1]   0  0.252  0.162  2.412
  3  136 Transmutate [    17 40  ]  -242.892  1552.036   3.011   -242.892 [ 1  1  1]   0  0.253  0.162  2.911
  3  137 keptBest    [    17 40  ]  -242.894  1552.036   3.011   -242.893 [ 1  1  1]   0  0.169  0.163  3.534
  3  138 keptBest    [    17 40  ]  -242.821  1383.525   3.377   -242.818 [ 1  1  1]   0  0.107  0.162  3.221
  3  139 keptBest    [    17 40  ]  -242.804  1552.036   3.011   -242.803 [ 1  1  1]   0  0.249  0.162  2.491
  3  140 keptBest    [    17 40  ]  -242.781  1552.036   3.011   -242.778 [ 1  1  1]   0  0.000  0.163  3.586
