-248.545
-254.965
-251.645
-196.237
-252.139
-258.547
-238.257
-165.458
-246.976
-256.207
-203.328
-235.187
-257.752
-219.010
-248.914
-255.879
-253.735
-251.803
-249.356
-237.657
-243.114
-251.885
-240.106
-254.521
-237.058
-257.392
-251.550
-240.916
-196.856
-228.641
-181.102
-253.784
-244.245
-199.617
-251.760
-258.067
-246.676
-243.696
-246.155
-247.956
-258.496
-257.423
-259.383
-259.304
-243.227
-255.426
-253.315
-219.259
-257.438
-235.479
-245.291
-249.400
-250.827
-255.093
-243.468
-247.309
-247.602
-248.128
-245.876
-253.130
-254.844
-254.554
-248.547
-254.422
-253.217
-249.295
-256.883
-252.389
-257.714
-249.320
-222.540
-252.685
-256.207
-254.489
-251.417
-258.038
-217.759
-251.058
-252.661
-197.971
-246.885
-256.467
-251.109
-249.588
-251.296
-258.050
-256.824
-255.093
-259.383
-259.304
-258.547
-258.496
-239.909
-239.484
-247.416
-243.887
-250.224
-247.508
-248.919
-250.899
-251.009
-247.490
-251.195
-246.502
-235.947
-242.367
-228.811
-245.134
-257.223
-229.727
-212.328
-244.230
-234.857
-255.443
-251.249
-250.555
-223.169
-255.761
-253.997
-241.708
-257.714
-255.494
-256.467
-254.844
-258.348
-256.000
-225.708
-238.332
-248.946
-240.680
-242.705
-228.458
-256.491
-254.021
-255.793
-256.057
-259.383
-259.304
-258.547
-258.496
