  ID   Compositions    Enthalpies    Volumes    fitness  SYMM
                       (eV/atom)    (A^3/atom)    ()         
  43  [    20 40  ]     -4.3231     20.4994   -259.3830     0
  44  [    20 40  ]     -4.3217     17.1405   -259.3041     0
   6  [    20 40  ]     -4.3091     25.8673   -258.5471     0
  41  [    20 40  ]     -4.3083     21.7636   -258.4965     0
 125  [    20 40  ]     -4.3058     25.8673   -258.3481     0
  36  [    20 40  ]     -4.3011     25.8673   -258.0673     0
  86  [    20 40  ]     -4.3008     25.8673   -258.0503     0
  76  [    20 40  ]     -4.3006     25.8673   -258.0382     0
  13  [    20 40  ]     -4.2959     25.8673   -257.7517     0
  69  [    20 40  ]     -4.2952     25.8673   -257.7139     0
  49  [    20 40  ]     -4.2906     25.8673   -257.4384     0
  42  [    20 40  ]     -4.2904     19.5145   -257.4229     0
  26  [    20 40  ]     -4.2899     25.8673   -257.3921     0
 109  [    20 40  ]     -4.2871     25.8673   -257.2235     0
  67  [    20 40  ]     -4.2814     25.8673   -256.8829     0
  87  [    20 40  ]     -4.2804     25.8673   -256.8245     0
 133  [    20 40  ]     -4.2749     25.8673   -256.4912     0
  82  [    20 40  ]     -4.2744     25.8673   -256.4669     0
  10  [    20 40  ]     -4.2701     25.8673   -256.2072     0
 136  [    20 40  ]     -4.2676     25.8673   -256.0569     0
