Gen   ID    Origin   Composition    Enthalpy   Volume  Density   Fitness   KPOINTS  SYMM  Q_entr A_order S_order
                                      (eV)     (A^3)  (g/cm^3)
  1    1   Random    [    20 40  ]  -248.545  1552.036   3.062   -248.545 [ 1  1  1]   0  0.064  0.206  4.421
  1    2   Random    [    20 40  ]  -254.965  1552.036   3.062   -254.965 [ 1  1  1]   0  0.125  0.206  2.369
  1    3   Random    [    20 40  ]  -251.645  1552.036   3.062   -251.645 [ 1  1  1]   0  0.062  0.205  2.746
  1    4   Random    [    20 40  ]  -196.237  1552.036   3.062   -196.237 [ 1  1  1]   0  0.163  0.205  2.863
  1    5   Random    [    20 40  ]  -252.139  1552.036   3.062   -252.139 [ 1  1  1]   0  0.049  0.205  2.635
  1    6   Random    [    20 40  ]  -258.547  1552.036   3.062   -258.547 [ 1  1  1]   0  0.127  0.206  2.841
  1    7   Random    [    20 40  ]  -238.257  1552.036   3.062   -238.257 [ 1  1  1]   0  0.197  0.206  3.637
  1    8   Random    [    20 40  ]  -165.458  1552.036   3.062   -165.458 [ 1  1  1]   0  0.121  0.205  3.551
  1    9   Random    [    20 40  ]  -246.976  1552.036   3.062   -246.976 [ 1  1  1]   0  0.204  0.206  1.689
  1   10   Random    [    20 40  ]  -256.207  1552.036   3.062   -256.207 [ 1  1  1]   0  0.156  0.206  3.456
  1   11   Random    [    20 40  ]  -203.328  1552.036   3.062   -203.328 [ 1  1  1]   0  0.124  0.207  3.803
  1   12   Random    [    20 40  ]  -235.187  1552.036   3.062   -235.187 [ 1  1  1]   0  0.101  0.206  3.651
  1   13   Random    [    20 40  ]  -257.752  1552.036   3.062   -257.752 [ 1  1  1]   0  0.000  0.207  3.544
  1   14   Random    [    20 40  ]  -219.010  1552.036   3.062   -219.010 [ 1  1  1]   0  0.104  0.206  3.079
  1   15   Random    [    20 40  ]  -248.914  1552.036   3.062   -248.914 [ 1  1  1]   0  0.216  0.206  2.312
  1   16   Random    [    20 40  ]  -255.879  1552.036   3.062   -255.879 [ 1  1  1]   0  0.051  0.206  3.303
  1   17   Random    [    20 40  ]  -253.735  1552.036   3.062   -253.735 [ 1  1  1]   0  0.173  0.206  1.837
  1   18   Random    [    20 40  ]  -251.803  1552.036   3.062   -251.803 [ 1  1  1]   0  0.197  0.206  1.584
  1   19   Random    [    20 40  ]  -249.356  1552.036   3.062   -249.356 [ 1  1  1]   0  0.231  0.206  1.722
  1   20   Random    [    20 40  ]  -237.657  1552.036   3.062   -237.657 [ 1  1  1]   0  0.220  0.206  2.201
  1   21   Random    [    20 40  ]  -243.114  1552.036   3.062   -243.114 [ 1  1  1]   0  0.143  0.206  2.797
  1   22   Random    [    20 40  ]  -251.885  1552.036   3.062   -251.885 [ 1  1  1]   0  0.153  0.206  2.310
  1   23   Random    [    20 40  ]  -240.106  1552.036   3.062   -240.106 [ 1  1  1]   0  0.068  0.206  2.934
  1   24   Random    [    20 40  ]  -254.521  1552.036   3.062   -254.521 [ 1  1  1]   0  0.073  0.205  2.593
  1   25   Random    [    20 40  ]  -237.058  1552.036   3.062   -237.058 [ 1  1  1]   0  0.221  0.206  1.830
  1   26   Random    [    20 40  ]  -257.392  1552.036   3.062   -257.392 [ 1  1  1]   0  0.177  0.207  2.654
  1   27   Random    [    20 40  ]  -251.550  1552.036   3.062   -251.550 [ 1  1  1]   0  0.105  0.206  3.322
  1   28   Random    [    20 40  ]  -240.916  1552.036   3.062   -240.916 [ 1  1  1]   0  0.113  0.206  2.517
  1   29   Random    [    20 40  ]  -196.856  1552.036   3.062   -196.856 [ 1  1  1]   0  0.222  0.206  2.768
  1   30   Random    [    20 40  ]  -228.641  1552.036   3.062   -228.641 [ 1  1  1]   0  0.000  0.206  4.190
  1   31   Random    [    20 40  ]  -181.102  1552.036   3.062   -181.102 [ 1  1  1]   0  0.237  0.207  4.146
  1   32   Random    [    20 40  ]  -253.784  1552.036   3.062   -253.784 [ 1  1  1]   0  0.094  0.206  2.492
  1   33   Random    [    20 40  ]  -244.245  1552.036   3.062   -244.245 [ 1  1  1]   0  0.092  0.205  3.246
  1   34   Random    [    20 40  ]  -199.617  1552.036   3.062   -199.617 [ 1  1  1]   0  0.167  0.206  3.299
  1   35   Random    [    20 40  ]  -251.760  1552.036   3.062   -251.760 [ 1  1  1]   0  0.000  0.207  4.118
  1   36   Random    [    20 40  ]  -258.067  1552.036   3.062   -258.067 [ 1  1  1]   0  0.083  0.205  2.547
  1   37   Random    [    20 40  ]  -246.676  1552.036   3.062   -246.676 [ 1  1  1]   0  0.100  0.206  2.737
  1   38   Random    [    20 40  ]  -243.696  1552.036   3.062   -243.696 [ 1  1  1]   0  0.154  0.207  3.464
  1   39   Random    [    20 40  ]  -246.155  1552.036   3.062   -246.155 [ 1  1  1]   0  0.152  0.205  2.015
  1   40   Random    [    20 40  ]  -247.956  1552.036   3.062   -247.956 [ 1  1  1]   0  0.110  0.207  2.604
  1   41   Seeds     [    20 40  ]  -258.496  1305.816   3.639   -258.496 [ 1  1  1]   0  0.049  0.207 20.750
  1   42   Seeds     [    20 40  ]  -257.423  1170.872   4.059   -257.423 [ 1  1  1]   0  0.092  0.205 14.554
  1   43   Seeds     [    20 40  ]  -259.383  1229.961   3.864   -259.383 [ 1  1  1]   0  0.074  0.207  9.399
  1   44   Seeds     [    20 40  ]  -259.304  1028.431   4.621   -259.304 [ 1  1  1]   0  0.031  0.208 68.669
  2   45 Heredity    [    20 40  ]  -243.227  1552.036   3.062   -243.227 [ 1  1  1]   0  0.208  0.206  1.944
  2   46 Heredity    [    20 40  ]  -255.426  1552.036   3.062   -255.426 [ 1  1  1]   0  0.196  0.206  1.643
  2   47 Heredity    [    20 40  ]  -253.315  1552.036   3.062   -253.315 [ 1  1  1]   0  0.181  0.206  1.661
  2   48 Heredity    [    20 40  ]  -219.259  1552.036   3.062   -219.259 [ 1  1  1]   0  0.266  0.206  2.049
  2   49 Heredity    [    20 40  ]  -257.438  1552.036   3.062   -257.438 [ 1  1  1]   0  0.198  0.206  1.822
  2   50 Heredity    [    20 40  ]  -235.479  1552.036   3.062   -235.479 [ 1  1  1]   0  0.214  0.206  1.928
  2   51 Heredity    [    20 40  ]  -245.291  1552.036   3.062   -245.291 [ 1  1  1]   0  0.226  0.206  1.900
  2   52 Heredity    [    20 40  ]  -249.400  1552.036   3.062   -249.400 [ 1  1  1]   0  0.176  0.205  1.908
  2   53 Heredity    [    20 40  ]  -250.827  1552.036   3.062   -250.827 [ 1  1  1]   0  0.209  0.206  1.911
  2   54 Heredity    [    20 40  ]  -255.093  1552.036   3.062   -255.093 [ 1  1  1]   0  0.209  0.206  2.239
  2   55 Heredity    [    20 40  ]  -243.468  1552.036   3.062   -243.468 [ 1  1  1]   0  0.157  0.206  1.833
  2   56 Heredity    [    20 40  ]  -247.309  1552.036   3.062   -247.309 [ 1  1  1]   0  0.177  0.206  1.971
  2   57 Heredity    [    20 40  ]  -247.602  1552.036   3.062   -247.602 [ 1  1  1]   0  0.219  0.206  1.936
  2   58 Heredity    [    20 40  ]  -248.128  1552.036   3.062   -248.128 [ 1  1  1]   0  0.152  0.206  1.991
  2   59 Heredity    [    20 40  ]  -245.876  1552.036   3.062   -245.876 [ 1  1  1]   0  0.154  0.206  1.942
  2   60 Heredity    [    20 40  ]  -253.130  1552.036   3.062   -253.130 [ 1  1  1]   0  0.210  0.206  1.768
  2   61 Heredity    [    20 40  ]  -254.844  1552.036   3.062   -254.844 [ 1  1  1]   0  0.184  0.206  2.408
  2   62 Heredity    [    20 40  ]  -254.554  1552.036   3.062   -254.554 [ 1  1  1]   0  0.185  0.205  1.813
  2   63 Heredity    [    20 40  ]  -248.547  1552.036   3.062   -248.547 [ 1  1  1]   0  0.216  0.206  1.618
  2   64 Heredity    [    20 40  ]  -254.422  1552.036   3.062   -254.422 [ 1  1  1]   0  0.216  0.206  1.849
  2   65   Random    [    20 40  ]  -253.217  1552.036   3.062   -253.217 [ 1  1  1]   0  0.108  0.206  3.123
  2   66   Random    [    20 40  ]  -249.295  1552.036   3.062   -249.295 [ 1  1  1]   0  0.046  0.207  2.805
  2   67   Random    [    20 40  ]  -256.883  1552.036   3.062   -256.883 [ 1  1  1]   0  0.080  0.206  2.655
  2   68   Random    [    20 40  ]  -252.389  1552.036   3.062   -252.389 [ 1  1  1]   0  0.186  0.206  1.819
  2   69   Random    [    20 40  ]  -257.714  1552.036   3.062   -257.714 [ 1  1  1]   0  0.148  0.207  2.354
  2   70   Random    [    20 40  ]  -249.320  1552.036   3.062   -249.320 [ 1  1  1]   0  0.096  0.206  2.686
  2   71   Random    [    20 40  ]  -222.540  1552.036   3.062   -222.540 [ 1  1  1]   0  0.194  0.206  2.171
  2   72   Random    [    20 40  ]  -252.685  1552.036   3.062   -252.685 [ 1  1  1]   0  0.064  0.206  2.533
  2   73 Permutate   [    20 40  ]  -256.207  1552.036   3.062   -256.098 [ 1  1  1]   0  0.156  0.206  3.456
  2   74 Permutate   [    20 40  ]  -254.489  1552.036   3.062   -254.489 [ 1  1  1]   0  0.189  0.206  1.690
  2   75 Permutate   [    20 40  ]  -251.417  1552.036   3.062   -251.417 [ 1  1  1]   0  0.186  0.205  2.082
  2   76 Permutate   [    20 40  ]  -258.038  1552.036   3.062   -258.038 [ 1  1  1]   0  0.181  0.205  1.957
  2   77 softmutate  [    20 40  ]  -217.759  1552.036   3.062   -217.759 [ 1  1  1]   0  0.228  0.205  2.281
  2   78 softmutate  [    20 40  ]  -251.058  1552.036   3.062   -251.058 [ 1  1  1]   0  0.181  0.206  2.246
  2   79 CoorMutate  [    20 40  ]  -252.661  1552.036   3.062   -252.661 [ 1  1  1]   0  0.198  0.206  1.810
  2   80 softmutate  [    20 40  ]  -197.971  1552.036   3.062   -197.971 [ 1  1  1]   0  0.115  0.205  3.080
  2   81 CoorMutate  [    20 40  ]  -246.885  1552.036   3.062   -246.885 [ 1  1  1]   0  0.180  0.206  1.875
  2   82 CoorMutate  [    20 40  ]  -256.467  1552.036   3.062   -256.467 [ 1  1  1]   0  0.191  0.206  2.439
  2   83 CoorMutate  [    20 40  ]  -251.109  1552.036   3.062   -251.109 [ 1  1  1]   0  0.168  0.206  1.847
  2   84 CoorMutate  [    20 40  ]  -249.588  1552.036   3.062   -249.588 [ 1  1  1]   0  0.240  0.205  1.851
  2   85 Transmutate [    20 40  ]  -251.296  1552.036   3.062   -251.296 [ 1  1  1]   0  0.190  0.206  1.756
  2   86 Transmutate [    20 40  ]  -258.050  1552.036   3.062   -258.050 [ 1  1  1]   0  0.138  0.205  1.912
  2   87 Transmutate [    20 40  ]  -256.824  1552.036   3.062   -256.824 [ 1  1  1]   0  0.201  0.205  1.758
  2   88 Transmutate [    20 40  ]  -255.093  1552.036   3.062   -255.093 [ 1  1  1]   0  0.192  0.206  1.902
  2   89 keptBest    [    20 40  ]  -259.383  1229.961   3.864   -259.274 [ 1  1  1]   0  0.074  0.207  9.399
  2   90 keptBest    [    20 40  ]  -259.304  1028.431   4.621   -259.195 [ 1  1  1]   0  0.031  0.208 68.669
  2   91 keptBest    [    20 40  ]  -258.547  1552.036   3.062   -258.438 [ 1  1  1]   0  0.127  0.206  2.841
  2   92 keptBest    [    20 40  ]  -258.496  1305.816   3.639   -258.387 [ 1  1  1]   0  0.049  0.207 20.750
  3   93 Heredity    [    20 40  ]  -239.909  1552.036   3.062   -239.909 [ 1  1  1]   0  0.220  0.206  1.728
  3   94 Heredity    [    20 40  ]  -239.484  1552.036   3.062   -239.484 [ 1  1  1]   0  0.188  0.205  1.758
  3   95 Heredity    [    20 40  ]  -247.416  1552.036   3.062   -247.416 [ 1  1  1]   0  0.183  0.206  1.756
  3   96 Heredity    [    20 40  ]  -243.887  1552.036   3.062   -243.887 [ 1  1  1]   0  0.226  0.205  1.664
  3   97 Heredity    [    20 40  ]  -250.224  1552.036   3.062   -250.224 [ 1  1  1]   0  0.183  0.206  1.954
  3   98 Heredity    [    20 40  ]  -247.508  1552.036   3.062   -247.508 [ 1  1  1]   0  0.199  0.206  1.776
  3   99 Heredity    [    20 40  ]  -248.919  1552.036   3.062   -248.919 [ 1  1  1]   0  0.177  0.206  1.902
  3  100 Heredity    [    20 40  ]  -250.899  1552.036   3.062   -250.899 [ 1  1  1]   0  0.194  0.206  1.867
  3  101 Heredity    [    20 40  ]  -251.009  1552.036   3.062   -251.009 [ 1  1  1]   0  0.233  0.206  1.772
  3  102 Heredity    [    20 40  ]  -247.490  1552.036   3.062   -247.490 [ 1  1  1]   0  0.219  0.206  1.770
  3  103 Heredity    [    20 40  ]  -251.195  1552.036   3.062   -251.195 [ 1  1  1]   0  0.213  0.206  1.862
  3  104 Heredity    [    20 40  ]  -246.502  1552.036   3.062   -246.502 [ 1  1  1]   0  0.227  0.206  1.770
  3  105 Heredity    [    20 40  ]  -235.947  1552.036   3.062   -235.947 [ 1  1  1]   0  0.237  0.206  1.843
  3  106 Heredity    [    20 40  ]  -242.367  1552.036   3.062   -242.367 [ 1  1  1]   0  0.198  0.206  1.692
  3  107 Heredity    [    20 40  ]  -228.811  1552.036   3.062   -228.811 [ 1  1  1]   0  0.185  0.206  1.917
  3  108 Heredity    [    20 40  ]  -245.134  1552.036   3.062   -245.134 [ 1  1  1]   0  0.189  0.206  1.886
  3  109 Heredity    [    20 40  ]  -257.223  1552.036   3.062   -257.223 [ 1  1  1]   0  0.206  0.206  1.748
  3  110 Heredity    [    20 40  ]  -229.727  1552.036   3.062   -229.727 [ 1  1  1]   0  0.225  0.205  1.933
  3  111 Heredity    [    20 40  ]  -212.328  1552.036   3.062   -212.328 [ 1  1  1]   0  0.221  0.206  1.911
  3  112 Heredity    [    20 40  ]  -244.230  1552.036   3.062   -244.230 [ 1  1  1]   0  0.211  0.206  1.741
  3  113   Random    [    20 40  ]  -234.857  1552.036   3.062   -234.857 [ 1  1  1]   0  0.226  0.205  1.766
  3  114   Random    [    20 40  ]  -255.443  1552.036   3.062   -255.443 [ 1  1  1]   0  0.056  0.206  2.497
  3  115   Random    [    20 40  ]  -251.249  1552.036   3.062   -251.249 [ 1  1  1]   0  0.164  0.206  2.025
  3  116   Random    [    20 40  ]  -250.555  1552.036   3.062   -250.555 [ 1  1  1]   0  0.096  0.206  2.907
  3  117   Random    [    20 40  ]  -223.169  1552.036   3.062   -223.169 [ 1  1  1]   0  0.226  0.205  2.503
  3  118   Random    [    20 40  ]  -255.761  1552.036   3.062   -255.761 [ 1  1  1]   0  0.129  0.206  2.824
  3  119   Random    [    20 40  ]  -253.997  1552.036   3.062   -253.997 [ 1  1  1]   0  0.195  0.206  1.676
  3  120   Random    [    20 40  ]  -241.708  1552.036   3.062   -241.708 [ 1  1  1]   0  0.090  0.206  2.640
  3  121 Permutate   [    20 40  ]  -257.714  1552.036   3.062   -257.659 [ 1  1  1]   0  0.148  0.207  2.354
  3  122 Permutate   [    20 40  ]  -255.494  1552.036   3.062   -255.494 [ 1  1  1]   0  0.204  0.206  2.015
  3  123 Permutate   [    20 40  ]  -256.467  1552.036   3.062   -256.412 [ 1  1  1]   0  0.191  0.206  2.439
  3  124 Permutate   [    20 40  ]  -254.844  1552.036   3.062   -254.790 [ 1  1  1]   0  0.184  0.206  2.408
  3  125 CoorMutate  [    20 40  ]  -258.348  1552.036   3.062   -258.348 [ 1  1  1]   0  0.153  0.206  2.412
  3  126 softmutate  [    20 40  ]  -256.000  1552.036   3.062   -256.000 [ 1  1  1]   0  0.178  0.205  1.769
  3  127 softmutate  [    20 40  ]  -225.708  1552.036   3.062   -225.708 [ 1  1  1]   0  0.236  0.205  1.760
  3  128 softmutate  [    20 40  ]  -238.332  1552.036   3.062   -238.332 [ 1  1  1]   0  0.253  0.206  2.602
  3  129 softmutate  [    20 40  ]  -248.946  1552.036   3.062   -248.946 [ 1  1  1]   0  0.241  0.205  1.916
  3  130 softmutate  [    20 40  ]  -240.680  1552.036   3.062   -240.680 [ 1  1  1]   0  0.211  0.206  1.733
  3  131 softmutate  [    20 40  ]  -242.705  1552.036   3.062   -242.705 [ 1  1  1]   0  0.214  0.206  1.830
  3  132 softmutate  [    20 40  ]  -228.458  1552.036   3.062   -228.458 [ 1  1  1]   0  0.188  0.205  2.177
  3  133 Transmutate [    20 40  ]  -256.491  1552.036   3.062   -256.491 [ 1  1  1]   0  0.196  0.206  2.486
  3  134 Transmutate [    20 40  ]  -254.021  1552.036   3.062   -254.021 [ 1  1  1]   0  0.189  0.206  1.859
  3  135 Transmutate [    20 40  ]  -255.793  1552.036   3.062   -255.793 [ 1  1  1]   0  0.209  0.207  1.961
  3  136 Transmutate [    20 40  ]  -256.057  1552.036   3.062   -256.057 [ 1  1  1]   0  0.193  0.206  1.769
  3  137 keptBest    [    20 40  ]  -259.383  1229.961   3.864   -259.219 [ 1  1  1]   0  0.074  0.207  9.399
  3  138 keptBest    [    20 40  ]  -259.304  1028.431   4.621   -259.140 [ 1  1  1]   0  0.031  0.208 68.669
  3  139 keptBest    [    20 40  ]  -258.547  1552.036   3.062   -258.383 [ 1  1  1]   0  0.127  0.206  2.841
  3  140 keptBest    [    20 40  ]  -258.496  1305.816   3.639   -258.333 [ 1  1  1]   0  0.049  0.207 20.750
