-118.564
-138.874
-146.033
-145.046
-142.362
-151.037
-146.423
-134.733
-147.239
-146.691
-146.647
-141.516
-142.543
-134.729
-124.371
-151.747
-53.181
-145.598
-141.151
-143.293
-136.961
-146.786
-157.331
-133.243
-142.980
-145.051
-147.861
-146.974
-143.773
-142.205
-152.060
-137.654
-138.344
-142.394
-134.547
-146.266
-146.985
-142.883
-146.382
-144.387
-144.498
-141.753
-127.358
-148.978
-132.425
-134.100
-140.347
-137.435
-151.439
-145.736
-133.931
-142.743
-146.873
-139.064
-147.785
-146.699
-148.089
-147.801
-150.983
-148.426
-145.091
-152.301
-149.145
-148.089
-145.425
-147.994
-146.803
-146.218
-152.594
-151.875
-148.225
-147.178
-145.712
-150.144
-151.465
-148.525
-146.141
-152.511
-145.328
-136.613
-147.085
-127.959
-144.713
-147.468
-139.551
-142.167
-144.958
-142.978
-143.558
-146.214
-143.078
-151.435
-151.437
-146.859
-145.549
-147.853
-143.147
-151.751
-145.918
-148.818
-157.397
-151.026
-146.034
-147.089
-157.331
-152.060
-151.747
-151.439
-148.978
-147.861
-146.985
-146.974
-148.852
-151.970
-152.498
-150.830
-151.843
-149.358
-148.643
-151.198
-154.452
-149.713
-148.531
-151.496
-151.640
-152.393
-152.419
-148.404
-153.198
-148.317
-148.935
-148.508
-151.880
-151.218
-150.365
-152.298
-150.043
-147.992
-152.579
-149.681
-148.232
-150.263
-148.902
-151.772
-147.477
-145.715
-145.850
-141.526
-144.551
-150.031
-152.577
-151.697
-152.541
-148.317
-151.383
-152.323
-152.504
-149.011
-148.244
-147.810
-152.537
-152.270
-157.397
-152.060
-151.747
-151.439
-148.978
-147.861
-147.089
-147.085
