  ID   Compositions    Enthalpies    Volumes    fitness  SYMM
                       (eV/atom)    (A^3/atom)    ()         
 101  [    12 24  ]     -4.3721     13.0144   -157.3974     0
 121  [    12 24  ]     -4.2903     20.3857   -154.4520     0
 129  [    12 24  ]     -4.2555     19.5255   -153.1984     0
  69  [    12 24  ]     -4.2387     18.5612   -152.5940     0
 139  [    12 24  ]     -4.2383     21.0500   -152.5790     0
 153  [    12 24  ]     -4.2372     14.7487   -152.5405     0
 161  [    12 24  ]     -4.2372     15.0933   -152.5374     0
 115  [    12 24  ]     -4.2361     14.8553   -152.4980     0
 127  [    12 24  ]     -4.2339     18.4888   -152.4191     0
 126  [    12 24  ]     -4.2331     18.1683   -152.3931     0
 156  [    12 24  ]     -4.2312     20.3954   -152.3230     0
 136  [    12 24  ]     -4.2305     16.9827   -152.2983     0
  31  [    12 24  ]     -4.2239     21.6012   -152.0598     0
 114  [    12 24  ]     -4.2214     22.9793   -151.9698     0
 133  [    12 24  ]     -4.2189     23.3194   -151.8800     0
  70  [    12 24  ]     -4.2187     20.7509   -151.8746     0
 117  [    12 24  ]     -4.2179     19.5404   -151.8430     0
 144  [    12 24  ]     -4.2159     27.1628   -151.7722     0
  98  [    12 24  ]     -4.2153     17.8105   -151.7513     0
  16  [    12 24  ]     -4.2152     17.7472   -151.7475     0
 125  [    12 24  ]     -4.2122     20.5610   -151.6405     0
 124  [    12 24  ]     -4.2082     27.1067   -151.4965     0
  75  [    12 24  ]     -4.2074     30.4272   -151.4651     0
  49  [    12 24  ]     -4.2066     26.0451   -151.4393     0
 134  [    12 24  ]     -4.2005     18.7036   -151.2184     0
 120  [    12 24  ]     -4.2000     21.8198   -151.1982     0
   6  [    12 24  ]     -4.1955     14.5811   -151.0368     0
  59  [    12 24  ]     -4.1940     19.0893   -150.9830     0
 116  [    12 24  ]     -4.1897     24.1731   -150.8298     0
 135  [    12 24  ]     -4.1768     22.4187   -150.3647     0
 142  [    12 24  ]     -4.1740     18.9800   -150.2628     0
  74  [    12 24  ]     -4.1707     17.1077   -150.1437     0
 137  [    12 24  ]     -4.1679     28.0266   -150.0435     0
 150  [    12 24  ]     -4.1675     23.5304   -150.0312     0
 122  [    12 24  ]     -4.1587     23.5434   -149.7125     0
 140  [    12 24  ]     -4.1578     21.2146   -149.6813     0
 118  [    12 24  ]     -4.1488     18.3625   -149.3579     0
  63  [    12 24  ]     -4.1429     21.7652   -149.1449     0
 158  [    12 24  ]     -4.1392     26.9076   -149.0107     0
  44  [    12 24  ]     -4.1383     23.2556   -148.9780     0
 131  [    12 24  ]     -4.1371     20.8533   -148.9348     0
 143  [    12 24  ]     -4.1362     28.3280   -148.9022     0
 113  [    12 24  ]     -4.1348     25.5161   -148.8518     0
 100  [    12 24  ]     -4.1338     23.3865   -148.8178     0
 119  [    12 24  ]     -4.1290     25.0273   -148.6430     0
 123  [    12 24  ]     -4.1259     20.9901   -148.5315     0
  76  [    12 24  ]     -4.1257     18.9306   -148.5248     0
 132  [    12 24  ]     -4.1252     22.3388   -148.5080     0
  60  [    12 24  ]     -4.1230     25.9221   -148.4265     0
 128  [    12 24  ]     -4.1223     25.4358   -148.4043     0
