Gen   ID    Origin   Composition    Enthalpy   Volume  Density   Fitness   KPOINTS  SYMM  Q_entr A_order S_order
                                      (eV)     (A^3)  (g/cm^3)
  1    1   Random    [    12 24  ]  -118.564   508.589   5.606   -118.564 [ 1  1  1]   0  0.114  0.051  0.016
  1    2   Random    [    12 24  ]  -138.874   575.175   4.957   -138.874 [ 1  1  1]   0  0.240  0.020  0.005
  1    3   Random    [    12 24  ]  -146.033   658.862   4.328   -146.033 [ 1  1  1]   0  0.237  0.017  0.003
  1    4   Random    [    12 24  ]  -145.046   680.366   4.191   -145.046 [ 1  1  1]   0  0.284  0.015  0.003
  1    5   Random    [    12 24  ]  -142.362   676.899   4.212   -142.362 [ 1  1  1]   0  0.181  0.014  0.004
  1    6   Random    [    12 24  ]  -151.037   524.920   5.432   -151.037 [ 1  1  1]   0  0.139  0.025  0.007
  1    7   Random    [    12 24  ]  -146.423   808.006   3.529   -146.423 [ 1  1  1]   0  0.250  0.018  0.004
  1    8   Random    [    12 24  ]  -134.733  1043.327   2.733   -134.733 [ 1  1  1]   0  0.115  0.021  0.007
  1    9   Random    [    12 24  ]  -147.239   583.064   4.890   -147.239 [ 1  1  1]   0  0.274  0.021  0.004
  1   10   Random    [    12 24  ]  -146.691   882.168   3.232   -146.691 [ 1  1  1]   0  0.196  0.013  0.003
  1   11   Random    [    12 24  ]  -146.647   466.355   6.114   -146.647 [ 1  1  1]   0  0.171  0.018  0.005
  1   12   Random    [    12 24  ]  -141.516   484.176   5.889   -141.516 [ 1  1  1]   0  0.236  0.018  0.004
  1   13   Random    [    12 24  ]  -142.543   851.706   3.348   -142.543 [ 1  1  1]   0  0.212  0.012  0.003
  1   14   Random    [    12 24  ]  -134.729   367.835   7.752   -134.729 [ 1  1  1]   0  0.195  0.023  0.006
  1   15   Random    [    12 24  ]  -124.371   515.029   5.536   -124.371 [ 1  1  1]   0  0.116  0.047  0.014
  1   16   Random    [    12 24  ]  -151.747   638.901   4.463   -151.747 [ 1  1  1]   0  0.230  0.021  0.005
  1   17   Random    [    12 24  ]   -53.181   753.734   3.783    -53.181 [ 1  1  1]   0  0.102  0.068  0.030
  1   18   Random    [    12 24  ]  -145.598   520.215   5.481   -145.598 [ 1  1  1]   0  0.167  0.019  0.005
  1   19   Random    [    12 24  ]  -141.151   545.374   5.228   -141.151 [ 1  1  1]   0  0.206  0.023  0.006
  1   20   Random    [    12 24  ]  -143.293   599.860   4.753   -143.293 [ 1  1  1]   0  0.209  0.027  0.007
  1   21   Random    [    12 24  ]  -136.961   798.571   3.571   -136.961 [ 1  1  1]   0  0.212  0.021  0.005
  1   22   Random    [    12 24  ]  -146.786   486.486   5.861   -146.786 [ 1  1  1]   0  0.200  0.023  0.006
  1   23   Random    [    12 24  ]  -157.331   444.983   6.408   -157.331 [ 1  1  1]   0  0.000  0.031  0.011
  1   24   Random    [    12 24  ]  -133.243   513.790   5.550   -133.243 [ 1  1  1]   0  0.205  0.027  0.008
  1   25   Random    [    12 24  ]  -142.980   581.374   4.904   -142.980 [ 1  1  1]   0  0.185  0.021  0.006
  1   26   Random    [    12 24  ]  -145.051   724.646   3.935   -145.051 [ 1  1  1]   0  0.100  0.011  0.003
  1   27   Random    [    12 24  ]  -147.861   552.020   5.165   -147.861 [ 1  1  1]   0  0.194  0.022  0.006
  1   28   Random    [    12 24  ]  -146.974   589.338   4.838   -146.974 [ 1  1  1]   0  0.202  0.013  0.003
  1   29   Random    [    12 24  ]  -143.773   608.992   4.682   -143.773 [ 1  1  1]   0  0.210  0.020  0.005
  1   30   Random    [    12 24  ]  -142.205   486.582   5.860   -142.205 [ 1  1  1]   0  0.077  0.020  0.007
  1   31   Random    [    12 24  ]  -152.060   777.642   3.667   -152.060 [ 1  1  1]   0  0.168  0.031  0.007
  1   32   Random    [    12 24  ]  -137.654   410.225   6.951   -137.654 [ 1  1  1]   0  0.087  0.024  0.008
  1   33   Random    [    12 24  ]  -138.344   547.181   5.211   -138.344 [ 1  1  1]   0  0.202  0.019  0.005
  1   34   Random    [    12 24  ]  -142.394   770.158   3.702   -142.394 [ 1  1  1]   0  0.197  0.013  0.003
  1   35   Random    [    12 24  ]  -134.547   603.855   4.722   -134.547 [ 1  1  1]   0  0.117  0.043  0.013
  1   36   Random    [    12 24  ]  -146.266   686.728   4.152   -146.266 [ 1  1  1]   0  0.256  0.021  0.005
  1   37   Random    [    12 24  ]  -146.985   854.048   3.339   -146.985 [ 1  1  1]   0  0.194  0.016  0.004
  1   38   Random    [    12 24  ]  -142.883   665.189   4.286   -142.883 [ 1  1  1]   0  0.235  0.020  0.004
  1   39   Random    [    12 24  ]  -146.382   806.342   3.536   -146.382 [ 1  1  1]   0  0.209  0.015  0.004
  1   40   Random    [    12 24  ]  -144.387   896.159   3.182   -144.387 [ 1  1  1]   0  0.237  0.020  0.004
  1   41   Random    [    12 24  ]  -144.498  1349.508   2.113   -144.498 [ 1  1  1]   0  0.311  0.014  0.002
  1   42   Random    [    12 24  ]  -141.753   579.563   4.920   -141.753 [ 1  1  1]   0  0.284  0.019  0.004
  1   43   Random    [    12 24  ]  -127.358   488.305   5.839   -127.358 [ 1  1  1]   0  0.221  0.031  0.008
  1   44   Random    [    12 24  ]  -148.978   837.200   3.406   -148.978 [ 1  1  1]   0  0.115  0.019  0.006
  1   45   Random    [    12 24  ]  -132.425   714.324   3.992   -132.425 [ 1  1  1]   0  0.209  0.022  0.005
  1   46   Random    [    12 24  ]  -134.100   928.996   3.069   -134.100 [ 1  1  1]   0  0.145  0.022  0.007
  1   47   Random    [    12 24  ]  -140.347  1029.797   2.769   -140.347 [ 1  1  1]   0  0.066  0.019  0.006
  1   48   Random    [    12 24  ]  -137.435   766.918   3.718   -137.435 [ 1  1  1]   0  0.215  0.010  0.002
  1   49   Random    [    12 24  ]  -151.439   937.625   3.041   -151.439 [ 1  1  1]   0  0.110  0.020  0.005
  1   50   Random    [    12 24  ]  -145.736   923.888   3.086   -145.736 [ 1  1  1]   0  0.109  0.018  0.005
  1   51   Seeds     [    12 24  ]  -133.931  1045.166   2.728   -133.931 [ 1  1  1]   0  0.082  0.027  0.012
  1   52   Seeds     [    12 24  ]  -142.743  2014.838   1.415   -142.743 [ 1  1  1]   0  0.089  0.011  0.003
  1   53   Seeds     [    12 24  ]  -146.873  1225.163   2.327   -146.873 [ 1  1  1]   0  0.268  0.011  0.002
  1   54   Seeds     [    12 24  ]  -139.064  2265.676   1.258   -139.064 [ 1  1  1]   0  0.212  0.008  0.002
  2   55 Heredity    [    12 24  ]  -147.785   726.137   3.927   -147.785 [ 1  1  1]   0  0.273  0.018  0.004
  2   56 Heredity    [    12 24  ]  -146.699  1298.043   2.197   -146.699 [ 1  1  1]   0  0.303  0.011  0.002
  2   57 Heredity    [    12 24  ]  -148.089   665.194   4.286   -148.089 [ 1  1  1]   0  0.291  0.022  0.004
  2   58 Heredity    [    12 24  ]  -147.801   719.871   3.961   -147.801 [ 1  1  1]   0  0.287  0.021  0.004
  2   59 Heredity    [    12 24  ]  -150.983   687.214   4.149   -150.983 [ 1  1  1]   0  0.277  0.021  0.004
  2   60 Heredity    [    12 24  ]  -148.426   933.196   3.055   -148.426 [ 1  1  1]   0  0.292  0.021  0.004
  2   61 Heredity    [    12 24  ]  -145.091   881.405   3.235   -145.091 [ 1  1  1]   0  0.300  0.019  0.003
  2   62 Heredity    [    12 24  ]  -152.301   742.695   3.839   -152.301 [ 1  1  1]   0  0.253  0.022  0.005
  2   63 Heredity    [    12 24  ]  -149.145   783.546   3.639   -149.145 [ 1  1  1]   0  0.282  0.022  0.004
  2   64 Heredity    [    12 24  ]  -148.089   699.941   4.074   -148.089 [ 1  1  1]   0  0.276  0.020  0.004
  2   65 Heredity    [    12 24  ]  -145.425   704.659   4.046   -145.425 [ 1  1  1]   0  0.289  0.019  0.004
  2   66 Heredity    [    12 24  ]  -147.994   886.847   3.215   -147.994 [ 1  1  1]   0  0.287  0.018  0.003
  2   67 Heredity    [    12 24  ]  -146.803   572.595   4.980   -146.803 [ 1  1  1]   0  0.280  0.017  0.003
  2   68 Heredity    [    12 24  ]  -146.218   795.291   3.585   -146.218 [ 1  1  1]   0  0.279  0.019  0.004
  2   69 Heredity    [    12 24  ]  -152.594   668.203   4.267   -152.594 [ 1  1  1]   0  0.270  0.024  0.005
  2   70 Heredity    [    12 24  ]  -151.875   747.033   3.817   -151.875 [ 1  1  1]   0  0.269  0.023  0.004
  2   71 Heredity    [    12 24  ]  -148.225   738.299   3.862   -148.225 [ 1  1  1]   0  0.288  0.018  0.003
  2   72 Heredity    [    12 24  ]  -147.178  1052.464   2.709   -147.178 [ 1  1  1]   0  0.307  0.019  0.003
  2   73 Heredity    [    12 24  ]  -145.712  1090.897   2.614   -145.712 [ 1  1  1]   0  0.289  0.012  0.002
  2   74 Heredity    [    12 24  ]  -150.144   615.876   4.630   -150.144 [ 1  1  1]   0  0.280  0.023  0.004
  2   75 Heredity    [    12 24  ]  -151.465  1095.379   2.603   -151.465 [ 1  1  1]   0  0.267  0.022  0.005
  2   76 Heredity    [    12 24  ]  -148.525   681.503   4.184   -148.525 [ 1  1  1]   0  0.280  0.025  0.005
  2   77 Heredity    [    12 24  ]  -146.141  1261.335   2.261   -146.141 [ 1  1  1]   0  0.290  0.013  0.002
  2   78 Heredity    [    12 24  ]  -152.511   521.318   5.469   -152.511 [ 1  1  1]   0  0.175  0.025  0.007
  2   79 Heredity    [    12 24  ]  -145.328   857.765   3.324   -145.328 [ 1  1  1]   0  0.294  0.024  0.004
  2   80   Random    [    12 24  ]  -136.613   879.325   3.243   -136.613 [ 1  1  1]   0  0.190  0.025  0.006
  2   81   Random    [    12 24  ]  -147.085   746.248   3.821   -147.085 [ 1  1  1]   0  0.183  0.012  0.003
  2   82   Random    [    12 24  ]  -127.959   482.801   5.906   -127.959 [ 1  1  1]   0  0.191  0.029  0.008
  2   83   Random    [    12 24  ]  -144.713   877.874   3.248   -144.713 [ 1  1  1]   0  0.190  0.014  0.003
  2   84   Random    [    12 24  ]  -147.468   972.871   2.931   -147.468 [ 1  1  1]   0  0.262  0.014  0.003
  2   85   Random    [    12 24  ]  -139.551   602.784   4.730   -139.551 [ 1  1  1]   0  0.274  0.023  0.005
  2   86   Random    [    12 24  ]  -142.167   997.674   2.858   -142.167 [ 1  1  1]   0  0.201  0.019  0.005
  2   87   Random    [    12 24  ]  -144.958   652.840   4.368   -144.958 [ 1  1  1]   0  0.274  0.016  0.003
  2   88 softmutate  [    12 24  ]  -142.978   591.258   4.822   -142.978 [ 1  1  1]   0  0.188  0.021  0.006
  2   89 softmutate  [    12 24  ]  -143.558  2626.176   1.086   -143.558 [ 1  1  1]   0  0.272  0.008  0.001
  2   90 softmutate  [    12 24  ]  -146.214  1168.115   2.441   -146.214 [ 1  1  1]   0  0.282  0.014  0.002
  2   91 softmutate  [    12 24  ]  -143.078  1449.426   1.967   -143.078 [ 1  1  1]   0  0.281  0.018  0.003
  2   92 softmutate  [    12 24  ]  -151.435   717.702   3.973   -151.435 [ 1  1  1]   0  0.117  0.020  0.006
  2   93 softmutate  [    12 24  ]  -151.437   711.055   4.010   -151.437 [ 1  1  1]   0  0.121  0.020  0.005
  2   94 softmutate  [    12 24  ]  -146.859   623.659   4.572   -146.859 [ 1  1  1]   0  0.202  0.013  0.003
  2   95 softmutate  [    12 24  ]  -145.549   509.071   5.601   -145.549 [ 1  1  1]   0  0.169  0.019  0.005
  2   96 softmutate  [    12 24  ]  -147.853   566.453   5.034   -147.853 [ 1  1  1]   0  0.198  0.022  0.006
  2   97 softmutate  [    12 24  ]  -143.147   913.439   3.122   -143.147 [ 1  1  1]   0  0.217  0.011  0.003
  2   98 softmutate  [    12 24  ]  -151.751   641.177   4.447   -151.751 [ 1  1  1]   0  0.245  0.020  0.004
  2   99 softmutate  [    12 24  ]  -145.918   922.473   3.091   -145.918 [ 1  1  1]   0  0.145  0.018  0.005
  2  100 softmutate  [    12 24  ]  -148.818   841.915   3.387   -148.818 [ 1  1  1]   0  0.175  0.019  0.006
  2  101 softmutate  [    12 24  ]  -157.397   468.520   6.086   -157.397 [ 1  1  1]   0  0.057  0.031  0.011
  2  102 softmutate  [    12 24  ]  -151.026   557.446   5.115   -151.026 [ 1  1  1]   0  0.139  0.025  0.007
  2  103 softmutate  [    12 24  ]  -146.034  1482.959   1.923   -146.034 [ 1  1  1]   0  0.260  0.009  0.002
  2  104 softmutate  [    12 24  ]  -147.089  1039.711   2.742   -147.089 [ 1  1  1]   0  0.253  0.011  0.002
  2  105 keptBest    [    12 24  ]  -157.331   444.983   6.408   -157.331 [ 1  1  1]   0  0.000  0.031  0.011
  2  106 keptBest    [    12 24  ]  -152.060   777.642   3.667   -152.060 [ 1  1  1]   0  0.168  0.031  0.007
  2  107 keptBest    [    12 24  ]  -151.747   638.901   4.463   -151.747 [ 1  1  1]   0  0.230  0.021  0.005
  2  108 keptBest    [    12 24  ]  -151.439   937.625   3.041   -151.439 [ 1  1  1]   0  0.110  0.020  0.005
  2  109 keptBest    [    12 24  ]  -148.978   837.200   3.406   -148.978 [ 1  1  1]   0  0.115  0.019  0.006
  2  110 keptBest    [    12 24  ]  -147.861   552.020   5.165   -147.861 [ 1  1  1]   0  0.194  0.022  0.006
  2  111 keptBest    [    12 24  ]  -146.985   854.048   3.339   -146.985 [ 1  1  1]   0  0.194  0.016  0.004
  2  112 keptBest    [    12 24  ]  -146.974   589.338   4.838   -146.974 [ 1  1  1]   0  0.202  0.013  0.003
  3  113 Heredity    [    12 24  ]  -148.852   918.580   3.104   -148.852 [ 1  1  1]   0  0.298  0.022  0.003
  3  114 Heredity    [    12 24  ]  -151.970   827.255   3.447   -151.970 [ 1  1  1]   0  0.264  0.024  0.005
  3  115 Heredity    [    12 24  ]  -152.498   534.792   5.332   -152.498 [ 1  1  1]   0  0.187  0.028  0.008
  3  116 Heredity    [    12 24  ]  -150.830   870.233   3.276   -150.830 [ 1  1  1]   0  0.288  0.022  0.004
  3  117 Heredity    [    12 24  ]  -151.843   703.456   4.053   -151.843 [ 1  1  1]   0  0.281  0.022  0.004
  3  118 Heredity    [    12 24  ]  -149.358   661.049   4.313   -149.358 [ 1  1  1]   0  0.273  0.023  0.005
  3  119 Heredity    [    12 24  ]  -148.643   900.983   3.165   -148.643 [ 1  1  1]   0  0.283  0.016  0.003
  3  120 Heredity    [    12 24  ]  -151.198   785.513   3.630   -151.198 [ 1  1  1]   0  0.281  0.026  0.005
  3  121 Heredity    [    12 24  ]  -154.452   733.885   3.885   -154.452 [ 1  1  1]   0  0.221  0.032  0.007
  3  122 Heredity    [    12 24  ]  -149.713   847.562   3.364   -149.713 [ 1  1  1]   0  0.281  0.019  0.003
  3  123 Heredity    [    12 24  ]  -148.531   755.644   3.773   -148.531 [ 1  1  1]   0  0.302  0.020  0.003
  3  124 Heredity    [    12 24  ]  -151.496   975.840   2.922   -151.496 [ 1  1  1]   0  0.305  0.020  0.003
  3  125 Heredity    [    12 24  ]  -151.640   740.197   3.852   -151.640 [ 1  1  1]   0  0.251  0.024  0.005
  3  126 Heredity    [    12 24  ]  -152.393   654.060   4.359   -152.393 [ 1  1  1]   0  0.233  0.025  0.006
  3  127 Heredity    [    12 24  ]  -152.419   665.597   4.284   -152.419 [ 1  1  1]   0  0.196  0.026  0.007
  3  128 Heredity    [    12 24  ]  -148.404   915.688   3.114   -148.404 [ 1  1  1]   0  0.296  0.020  0.003
  3  129 Heredity    [    12 24  ]  -153.198   702.918   4.056   -153.198 [ 1  1  1]   0  0.254  0.024  0.005
  3  130 Heredity    [    12 24  ]  -148.317   713.348   3.997   -148.317 [ 1  1  1]   0  0.302  0.019  0.003
  3  131 Heredity    [    12 24  ]  -148.935   750.719   3.798   -148.935 [ 1  1  1]   0  0.280  0.024  0.004
  3  132 Heredity    [    12 24  ]  -148.508   804.197   3.546   -148.508 [ 1  1  1]   0  0.294  0.020  0.004
  3  133 Heredity    [    12 24  ]  -151.880   839.497   3.396   -151.880 [ 1  1  1]   0  0.217  0.024  0.006
  3  134 Heredity    [    12 24  ]  -151.218   673.329   4.235   -151.218 [ 1  1  1]   0  0.248  0.025  0.006
  3  135 Heredity    [    12 24  ]  -150.365   807.072   3.533   -150.365 [ 1  1  1]   0  0.291  0.022  0.004
  3  136 Heredity    [    12 24  ]  -152.298   611.376   4.664   -152.298 [ 1  1  1]   0  0.199  0.027  0.007
  3  137 Heredity    [    12 24  ]  -150.043  1008.959   2.826   -150.043 [ 1  1  1]   0  0.291  0.022  0.004
  3  138 Heredity    [    12 24  ]  -147.992  1013.242   2.814   -147.992 [ 1  1  1]   0  0.296  0.020  0.004
  3  139 Heredity    [    12 24  ]  -152.579   757.798   3.763   -152.579 [ 1  1  1]   0  0.266  0.027  0.005
  3  140 Heredity    [    12 24  ]  -149.681   763.725   3.733   -149.681 [ 1  1  1]   0  0.278  0.020  0.004
  3  141 Heredity    [    12 24  ]  -148.232   823.521   3.462   -148.232 [ 1  1  1]   0  0.307  0.017  0.003
  3  142 Heredity    [    12 24  ]  -150.263   683.281   4.173   -150.263 [ 1  1  1]   0  0.277  0.027  0.005
  3  143 Heredity    [    12 24  ]  -148.902  1019.808   2.796   -148.902 [ 1  1  1]   0  0.306  0.017  0.003
  3  144 Heredity    [    12 24  ]  -151.772   977.862   2.916   -151.772 [ 1  1  1]   0  0.270  0.024  0.005
  3  145 Heredity    [    12 24  ]  -147.477   782.807   3.642   -147.477 [ 1  1  1]   0  0.303  0.018  0.003
  3  146   Random    [    12 24  ]  -145.715   533.657   5.343   -145.715 [ 1  1  1]   0  0.171  0.018  0.005
  3  147   Random    [    12 24  ]  -145.850   815.129   3.498   -145.850 [ 1  1  1]   0  0.192  0.017  0.004
  3  148   Random    [    12 24  ]  -141.526   357.713   7.971   -141.526 [ 1  1  1]   0  0.182  0.023  0.007
  3  149   Random    [    12 24  ]  -144.551   674.183   4.229   -144.551 [ 1  1  1]   0  0.216  0.016  0.004
  3  150   Random    [    12 24  ]  -150.031   847.096   3.366   -150.031 [ 1  1  1]   0  0.209  0.018  0.005
  3  151 softmutate  [    12 24  ]  -152.577   665.055   4.287   -152.577 [ 1  1  1]   0  0.273  0.025  0.005
  3  152 softmutate  [    12 24  ]  -151.697   638.640   4.465   -151.697 [ 1  1  1]   0  0.236  0.020  0.005
  3  153 softmutate  [    12 24  ]  -152.541   530.953   5.370   -152.541 [ 1  1  1]   0  0.179  0.025  0.007
  3  154 softmutate  [    12 24  ]  -148.317  1056.477   2.699   -148.317 [ 1  1  1]   0  0.280  0.014  0.003
  3  155 softmutate  [    12 24  ]  -151.383   745.815   3.823   -151.383 [ 1  1  1]   0  0.126  0.020  0.005
  3  156 softmutate  [    12 24  ]  -152.323   734.235   3.883   -152.323 [ 1  1  1]   0  0.254  0.022  0.005
  3  157 softmutate  [    12 24  ]  -152.504   553.486   5.152   -152.504 [ 1  1  1]   0  0.192  0.025  0.007
  3  158 softmutate  [    12 24  ]  -149.011   968.672   2.944   -149.011 [ 1  1  1]   0  0.245  0.018  0.004
  3  159 softmutate  [    12 24  ]  -148.244   736.260   3.873   -148.244 [ 1  1  1]   0  0.288  0.018  0.003
  3  160 softmutate  [    12 24  ]  -147.810   752.582   3.789   -147.810 [ 1  1  1]   0  0.280  0.018  0.004
  3  161 softmutate  [    12 24  ]  -152.537   543.359   5.248   -152.537 [ 1  1  1]   0  0.204  0.025  0.007
  3  162 softmutate  [    12 24  ]  -152.270   759.082   3.756   -152.270 [ 1  1  1]   0  0.255  0.022  0.005
  3  163 keptBest    [    12 24  ]  -157.397   468.520   6.086   -157.397 [ 1  1  1]   0  0.057  0.031  0.011
  3  164 keptBest    [    12 24  ]  -152.060   777.642   3.667   -152.060 [ 1  1  1]   0  0.168  0.031  0.007
  3  165 keptBest    [    12 24  ]  -151.747   638.901   4.463   -151.747 [ 1  1  1]   0  0.230  0.021  0.005
  3  166 keptBest    [    12 24  ]  -151.439   937.625   3.041   -151.439 [ 1  1  1]   0  0.110  0.020  0.005
  3  167 keptBest    [    12 24  ]  -148.978   837.200   3.406   -148.978 [ 1  1  1]   0  0.115  0.019  0.006
  3  168 keptBest    [    12 24  ]  -147.861   552.020   5.165   -147.861 [ 1  1  1]   0  0.194  0.022  0.006
  3  169 keptBest    [    12 24  ]  -147.089  1039.711   2.742   -147.089 [ 1  1  1]   0  0.253  0.011  0.002
  3  170 keptBest    [    12 24  ]  -147.085   746.248   3.821   -147.085 [ 1  1  1]   0  0.183  0.012  0.003
