 ID    Origin    Enthalpy   Parent-E   Parent-ID
   1   Random      -3.293    -3.293  [         0]
   2   Random      -3.858    -3.858  [         0]
   3   Random      -4.056    -4.056  [         0]
   4   Random      -4.029    -4.029  [         0]
   5   Random      -3.955    -3.955  [         0]
   6   Random      -4.195    -4.195  [         0]
   7   Random      -4.067    -4.067  [         0]
   8   Random      -3.743    -3.743  [         0]
   9   Random      -4.090    -4.090  [         0]
  10   Random      -4.075    -4.075  [         0]
  11   Random      -4.074    -4.074  [         0]
  12   Random      -3.931    -3.931  [         0]
  13   Random      -3.960    -3.960  [         0]
  14   Random      -3.742    -3.742  [         0]
  15   Random      -3.455    -3.455  [         0]
  16   Random      -4.215    -4.215  [         0]
  17   Random      -1.477    -1.477  [         0]
  18   Random      -4.044    -4.044  [         0]
  19   Random      -3.921    -3.921  [         0]
  20   Random      -3.980    -3.980  [         0]
  21   Random      -3.804    -3.804  [         0]
  22   Random      -4.077    -4.077  [         0]
  23   Random      -4.370    -4.370  [         0]
  24   Random      -3.701    -3.701  [         0]
  25   Random      -3.972    -3.972  [         0]
  26   Random      -4.029    -4.029  [         0]
  27   Random      -4.107    -4.107  [         0]
  28   Random      -4.083    -4.083  [         0]
  29   Random      -3.994    -3.994  [         0]
  30   Random      -3.950    -3.950  [         0]
  31   Random      -4.224    -4.224  [         0]
  32   Random      -3.824    -3.824  [         0]
  33   Random      -3.843    -3.843  [         0]
  34   Random      -3.955    -3.955  [         0]
  35   Random      -3.737    -3.737  [         0]
  36   Random      -4.063    -4.063  [         0]
  37   Random      -4.083    -4.083  [         0]
  38   Random      -3.969    -3.969  [         0]
  39   Random      -4.066    -4.066  [         0]
  40   Random      -4.011    -4.011  [         0]
  41   Random      -4.014    -4.014  [         0]
  42   Random      -3.938    -3.938  [         0]
  43   Random      -3.538    -3.538  [         0]
  44   Random      -4.138    -4.138  [         0]
  45   Random      -3.678    -3.678  [         0]
  46   Random      -3.725    -3.725  [         0]
  47   Random      -3.899    -3.899  [         0]
  48   Random      -3.818    -3.818  [         0]
  49   Random      -4.207    -4.207  [         0]
  50   Random      -4.048    -4.048  [         0]
  51   Seeds       -3.720    [          ]
  52   Seeds       -3.965    [          ]
  53   Seeds       -4.080    [          ]
  54   Seeds       -3.863    [          ]
  55 Heredity      -4.105    -4.254  [    23  44]
  56 Heredity      -4.075    -4.077  [    53  10]
  57 Heredity      -4.114    -4.149  [    31  11]
  58 Heredity      -4.106    -4.149  [    31  10]
  59 Heredity      -4.194    -4.205  [     6  16]
  60 Heredity      -4.123    -4.149  [    31  10]
  61 Heredity      -4.030    -4.050  [     9  40]
  62 Heredity      -4.231    -4.226  [    28  23]
  63 Heredity      -4.143    -4.146  [    31   7]
  64 Heredity      -4.114    -4.153  [    28  31]
  65 Heredity      -4.040    -4.078  [    27  50]
  66 Heredity      -4.111    -4.126  [    18  49]
  67 Heredity      -4.078    -4.080  [    22  28]
  68 Heredity      -4.062    -4.142  [    49  22]
  69 Heredity      -4.239    -4.224  [    22  23]
  70 Heredity      -4.219    -4.293  [    23  16]
  71 Heredity      -4.117    -4.080  [    37  22]
  72 Heredity      -4.088    -4.148  [    49   9]
  73 Heredity      -4.048    -4.076  [    44  41]
  74 Heredity      -4.171    -4.134  [    31  18]
  75 Heredity      -4.207    -4.254  [    23  44]
  76 Heredity      -4.126    -4.109  [    29  31]
  77 Heredity      -4.059    -4.109  [    53  44]
  78 Heredity      -4.236    -4.283  [    23   6]
  79 Heredity      -4.037    -4.157  [    31   9]
  80   Random      -3.795    -3.795  [         0]
  81   Random      -4.086    -4.086  [         0]
  82   Random      -3.554    -3.554  [         0]
  83   Random      -4.020    -4.020  [         0]
  84   Random      -4.096    -4.096  [         0]
  85   Random      -3.876    -3.876  [         0]
  86   Random      -3.949    -3.949  [         0]
  87   Random      -4.027    -4.027  [         0]
  88 softmutate    -3.972    -3.972  [        25]
  89 softmutate    -3.988    -4.080  [        53]
  90 softmutate    -4.062    -4.215  [        16]
  91 softmutate    -3.974    -4.044  [        18]
  92 softmutate    -4.207    -4.207  [        49]
  93 softmutate    -4.207    -4.207  [        49]
  94 softmutate    -4.079    -4.083  [        28]
  95 softmutate    -4.043    -4.044  [        18]
  96 softmutate    -4.107    -4.107  [        27]
  97 softmutate    -3.976    -4.066  [        39]
  98 softmutate    -4.215    -4.215  [        16]
  99 softmutate    -4.053    -4.048  [        50]
 100 softmutate    -4.134    -4.138  [        44]
 101 softmutate    -4.372    -4.370  [        23]
 102 softmutate    -4.195    -4.195  [         6]
 103 softmutate    -4.057    -4.080  [        53]
 104 softmutate    -4.086    -4.074  [        11]
 105 keptBest      -4.370    -4.370  [        23]
 106 keptBest      -4.224    -4.224  [        31]
 107 keptBest      -4.215    -4.215  [        16]
 108 keptBest      -4.207    -4.207  [        49]
 109 keptBest      -4.138    -4.138  [        44]
 110 keptBest      -4.107    -4.107  [        27]
 111 keptBest      -4.083    -4.083  [        37]
 112 keptBest      -4.083    -4.083  [        28]
 113 Heredity      -4.135    -4.150  [    58  59]
 114 Heredity      -4.221    -4.235  [    62  69]
 115 Heredity      -4.236    -4.222  [    78  75]
 116 Heredity      -4.190    -4.201  [    59  75]
 117 Heredity      -4.218    -4.226  [   78  107]
 118 Heredity      -4.149    -4.195  [  102   59]
 119 Heredity      -4.129    -4.125  [  109   66]
 120 Heredity      -4.200    -4.169  [   64  106]
 121 Heredity      -4.290    -4.298  [  101  106]
 122 Heredity      -4.159    -4.217  [  107   70]
 123 Heredity      -4.126    -4.182  [    74  59]
 124 Heredity      -4.208    -4.211  [  108   98]
 125 Heredity      -4.212    -4.215  [  108  106]
 126 Heredity      -4.233    -4.234  [    78  62]
 127 Heredity      -4.234    -4.305  [   69  101]
 128 Heredity      -4.122    -4.106  [    60  72]
 129 Heredity      -4.256    -4.289  [  101  108]
 130 Heredity      -4.120    -4.195  [    74  70]
 131 Heredity      -4.137    -4.227  [  106   62]
 132 Heredity      -4.125    -4.183  [  102   74]
 133 Heredity      -4.219    -4.222  [    75  78]
 134 Heredity      -4.201    -4.238  [    69  78]
 135 Heredity      -4.177    -4.181  [    60  69]
 136 Heredity      -4.231    -4.217  [  102   69]
 137 Heredity      -4.168    -4.172  [    70  76]
 138 Heredity      -4.111    -4.171  [    70  60]
 139 Heredity      -4.238    -4.227  [  106   62]
 140 Heredity      -4.158    -4.234  [    62  78]
 141 Heredity      -4.118    -4.181  [    69  60]
 142 Heredity      -4.174    -4.210  [  106  102]
 143 Heredity      -4.136    -4.223  [   62  107]
 144 Heredity      -4.216    -4.248  [  101   60]
 145 Heredity      -4.097    -4.148  [    70  67]
 146   Random      -4.048    -4.048  [         0]
 147   Random      -4.051    -4.051  [         0]
 148   Random      -3.931    -3.931  [         0]
 149   Random      -4.015    -4.015  [         0]
 150   Random      -4.168    -4.168  [         0]
 151 softmutate    -4.238    -4.239  [        69]
 152 softmutate    -4.214    -4.215  [        98]
 153 softmutate    -4.237    -4.236  [        78]
 154 softmutate    -4.120    -4.207  [       108]
 155 softmutate    -4.205    -4.207  [       108]
 156 softmutate    -4.231    -4.231  [        62]
 157 softmutate    -4.236    -4.236  [        78]
 158 softmutate    -4.139    -4.195  [       102]
 159 softmutate    -4.118    -4.117  [        71]
 160 softmutate    -4.106    -4.105  [        55]
 161 softmutate    -4.237    -4.236  [        78]
 162 softmutate    -4.230    -4.231  [        62]
 163 keptBest      -4.372    -4.372  [       101]
 164 keptBest      -4.224    -4.224  [       106]
 165 keptBest      -4.215    -4.215  [       107]
 166 keptBest      -4.207    -4.207  [       108]
 167 keptBest      -4.138    -4.138  [       109]
 168 keptBest      -4.107    -4.107  [       110]
 169 keptBest      -4.086    -4.086  [       104]
 170 keptBest      -4.086    -4.086  [        81]
