-225.078
-235.185
-224.459
-236.130
-241.470
-240.863
-235.693
-241.190
-239.555
-228.332
-235.909
-228.822
-230.798
-234.043
-232.411
-231.700
-237.325
-227.265
-234.461
-232.294
-221.854
-224.577
-231.380
-243.606
-225.002
-220.278
-220.843
-233.329
-232.218
-234.425
-240.727
-234.398
-236.417
-239.871
-242.197
-242.050
-222.499
-233.316
-226.834
-229.392
-246.586
-247.500
-242.993
-243.896
-235.852
-235.048
-236.386
-235.063
-240.710
-237.014
-233.285
-238.592
-234.628
-217.803
-235.846
-228.752
-241.617
-233.129
-229.415
-231.153
-235.109
-235.589
-243.093
-224.510
-222.502
-226.163
-208.316
-229.667
-242.485
-238.663
-234.085
-226.581
-214.477
-235.693
-242.197
-243.606
-239.273
-227.302
-233.446
-223.247
-225.049
-239.130
-230.996
-242.431
-215.071
-241.153
-226.649
-243.670
-247.500
-246.586
-243.896
-243.606
-237.509
-229.700
-231.227
-228.744
-238.801
-237.602
-228.061
-231.285
-223.112
-235.939
-227.444
-229.946
-237.592
-231.440
-229.646
-229.835
-242.126
-239.374
-230.279
-242.131
-214.946
-239.877
-216.231
-237.535
-234.129
-233.068
-243.922
-234.643
-235.573
-234.085
-241.617
-243.670
-235.449
-228.443
-232.315
-207.031
-228.197
-238.174
-228.725
-239.205
-240.585
-241.236
-210.477
-241.042
-247.500
-246.586
-243.896
-243.670
