  ID   Compositions    Enthalpies    Volumes    fitness  SYMM
                       (eV/atom)    (A^3/atom)    ()         
  42  [    18 40  ]     -4.2672     20.4421   -247.5001     0
  41  [    18 40  ]     -4.2515     23.7178   -246.5862     0
 119  [    18 40  ]     -4.2055     26.7592   -243.9216     0
  44  [    18 40  ]     -4.2051     31.0215   -243.8962     0
  88  [    18 40  ]     -4.2012     26.7592   -243.6695     0
  24  [    18 40  ]     -4.2001     26.7592   -243.6058     0
  63  [    18 40  ]     -4.1913     26.7592   -243.0928     0
  43  [    18 40  ]     -4.1895     22.8244   -242.9928     0
  69  [    18 40  ]     -4.1808     26.7592   -242.4851     0
  84  [    18 40  ]     -4.1798     26.7592   -242.4312     0
  35  [    18 40  ]     -4.1758     26.7592   -242.1966     0
 112  [    18 40  ]     -4.1747     26.7592   -242.1308     0
 109  [    18 40  ]     -4.1746     26.7592   -242.1262     0
  36  [    18 40  ]     -4.1733     26.7592   -242.0502     0
  57  [    18 40  ]     -4.1658     26.7592   -241.6168     0
   5  [    18 40  ]     -4.1633     26.7592   -241.4696     0
 134  [    18 40  ]     -4.1592     26.7592   -241.2361     0
   8  [    18 40  ]     -4.1584     26.7592   -241.1896     0
  86  [    18 40  ]     -4.1578     26.7592   -241.1527     0
 136  [    18 40  ]     -4.1559     26.7592   -241.0422     0
