Gen   ID    Origin   Composition    Enthalpy   Volume  Density   Fitness   KPOINTS  SYMM  Q_entr A_order S_order
                                      (eV)     (A^3)  (g/cm^3)
  1    1   Random    [    18 40  ]  -225.078  1552.036   3.028   -225.078 [ 1  1  1]   0  0.131  0.178  3.008
  1    2   Random    [    18 40  ]  -235.185  1552.036   3.028   -235.185 [ 1  1  1]   0  0.238  0.177  1.937
  1    3   Random    [    18 40  ]  -224.459  1552.036   3.028   -224.459 [ 1  1  1]   0  0.195  0.176  2.191
  1    4   Random    [    18 40  ]  -236.130  1552.036   3.028   -236.130 [ 1  1  1]   0  0.111  0.177  2.985
  1    5   Random    [    18 40  ]  -241.470  1552.036   3.028   -241.470 [ 1  1  1]   0  0.000  0.177  3.496
  1    6   Random    [    18 40  ]  -240.863  1552.036   3.028   -240.863 [ 1  1  1]   0  0.183  0.178  2.526
  1    7   Random    [    18 40  ]  -235.693  1552.036   3.028   -235.693 [ 1  1  1]   0  0.090  0.178  3.164
  1    8   Random    [    18 40  ]  -241.190  1552.036   3.028   -241.190 [ 1  1  1]   0  0.082  0.178  2.727
  1    9   Random    [    18 40  ]  -239.555  1552.036   3.028   -239.555 [ 1  1  1]   0  0.123  0.178  3.251
  1   10   Random    [    18 40  ]  -228.332  1552.036   3.028   -228.332 [ 1  1  1]   0  0.181  0.178  2.758
  1   11   Random    [    18 40  ]  -235.909  1552.036   3.028   -235.909 [ 1  1  1]   0  0.202  0.177  2.155
  1   12   Random    [    18 40  ]  -228.822  1552.036   3.028   -228.822 [ 1  1  1]   0  0.263  0.176  2.780
  1   13   Random    [    18 40  ]  -230.798  1552.036   3.028   -230.798 [ 1  1  1]   0  0.143  0.176  2.290
  1   14   Random    [    18 40  ]  -234.043  1552.036   3.028   -234.043 [ 1  1  1]   0  0.226  0.177  2.025
  1   15   Random    [    18 40  ]  -232.411  1552.036   3.028   -232.411 [ 1  1  1]   0  0.192  0.177  2.609
  1   16   Random    [    18 40  ]  -231.700  1552.036   3.028   -231.700 [ 1  1  1]   0  0.126  0.178  3.546
  1   17   Random    [    18 40  ]  -237.325  1552.036   3.028   -237.325 [ 1  1  1]   0  0.090  0.177  3.024
  1   18   Random    [    18 40  ]  -227.265  1552.036   3.028   -227.265 [ 1  1  1]   0  0.172  0.176  2.613
  1   19   Random    [    18 40  ]  -234.461  1552.036   3.028   -234.461 [ 1  1  1]   0  0.187  0.178  3.570
  1   20   Random    [    18 40  ]  -232.294  1552.036   3.028   -232.294 [ 1  1  1]   0  0.263  0.178  2.304
  1   21   Random    [    18 40  ]  -221.854  1552.036   3.028   -221.854 [ 1  1  1]   0  0.215  0.177  2.170
  1   22   Random    [    18 40  ]  -224.577  1552.036   3.028   -224.577 [ 1  1  1]   0  0.123  0.178  3.299
  1   23   Random    [    18 40  ]  -231.380  1552.036   3.028   -231.380 [ 1  1  1]   0  0.107  0.177  2.913
  1   24   Random    [    18 40  ]  -243.606  1552.036   3.028   -243.606 [ 1  1  1]   0  0.167  0.177  3.546
  1   25   Random    [    18 40  ]  -225.002  1552.036   3.028   -225.002 [ 1  1  1]   0  0.203  0.176  2.786
  1   26   Random    [    18 40  ]  -220.278  1552.036   3.028   -220.278 [ 1  1  1]   0  0.223  0.178  3.429
  1   27   Random    [    18 40  ]  -220.843  1552.036   3.028   -220.843 [ 1  1  1]   0  0.143  0.177  3.229
  1   28   Random    [    18 40  ]  -233.329  1552.036   3.028   -233.329 [ 1  1  1]   0  0.204  0.178  2.062
  1   29   Random    [    18 40  ]  -232.218  1552.036   3.028   -232.218 [ 1  1  1]   0  0.152  0.176  2.556
  1   30   Random    [    18 40  ]  -234.425  1552.036   3.028   -234.425 [ 1  1  1]   0  0.213  0.177  2.039
  1   31   Random    [    18 40  ]  -240.727  1552.036   3.028   -240.727 [ 1  1  1]   0  0.120  0.178  2.928
  1   32   Random    [    18 40  ]  -234.398  1552.036   3.028   -234.398 [ 1  1  1]   0  0.163  0.178  4.312
  1   33   Random    [    18 40  ]  -236.417  1552.036   3.028   -236.417 [ 1  1  1]   0  0.111  0.177  2.937
  1   34   Random    [    18 40  ]  -239.871  1552.036   3.028   -239.871 [ 1  1  1]   0  0.093  0.178  3.334
  1   35   Random    [    18 40  ]  -242.197  1552.036   3.028   -242.197 [ 1  1  1]   0  0.137  0.177  4.116
  1   36   Random    [    18 40  ]  -242.050  1552.036   3.028   -242.050 [ 1  1  1]   0  0.103  0.178  3.341
  1   37   Random    [    18 40  ]  -222.499  1552.036   3.028   -222.499 [ 1  1  1]   0  0.192  0.177  4.844
  1   38   Random    [    18 40  ]  -233.316  1552.036   3.028   -233.316 [ 1  1  1]   0  0.113  0.177  2.716
  1   39   Random    [    18 40  ]  -226.834  1552.036   3.028   -226.834 [ 1  1  1]   0  0.167  0.177  4.444
  1   40   Random    [    18 40  ]  -229.392  1552.036   3.028   -229.392 [ 1  1  1]   0  0.192  0.177  2.188
  1   41   Seeds     [    18 40  ]  -246.586  1375.634   3.416   -246.586 [ 1  1  1]   0  0.089  0.177  7.546
  1   42   Seeds     [    18 40  ]  -247.500  1185.643   3.963   -247.500 [ 1  1  1]   0  0.091  0.177 11.907
  1   43   Seeds     [    18 40  ]  -242.993  1323.813   3.550   -242.993 [ 1  1  1]   0  0.059  0.177 11.434
  1   44   Seeds     [    18 40  ]  -243.896  1799.247   2.612   -243.896 [ 1  1  1]   0  0.207  0.177  9.939
  2   45 Heredity    [    18 40  ]  -235.852  1552.036   3.028   -235.852 [ 1  1  1]   0  0.206  0.177  1.881
  2   46 Heredity    [    18 40  ]  -235.048  1552.036   3.028   -235.048 [ 1  1  1]   0  0.224  0.177  1.795
  2   47 Heredity    [    18 40  ]  -236.386  1552.036   3.028   -236.386 [ 1  1  1]   0  0.156  0.177  2.514
  2   48 Heredity    [    18 40  ]  -235.063  1552.036   3.028   -235.063 [ 1  1  1]   0  0.200  0.177  1.887
  2   49 Heredity    [    18 40  ]  -240.710  1552.036   3.028   -240.710 [ 1  1  1]   0  0.200  0.177  1.841
  2   50 Heredity    [    18 40  ]  -237.014  1552.036   3.028   -237.014 [ 1  1  1]   0  0.257  0.177  2.130
  2   51 Heredity    [    18 40  ]  -233.285  1552.036   3.028   -233.285 [ 1  1  1]   0  0.206  0.177  2.174
  2   52 Heredity    [    18 40  ]  -238.592  1552.036   3.028   -238.592 [ 1  1  1]   0  0.247  0.177  2.269
  2   53 Heredity    [    18 40  ]  -234.628  1552.036   3.028   -234.628 [ 1  1  1]   0  0.180  0.177  1.837
  2   54 Heredity    [    18 40  ]  -217.803  1552.036   3.028   -217.803 [ 1  1  1]   0  0.179  0.177  2.566
  2   55 Heredity    [    18 40  ]  -235.846  1552.036   3.028   -235.846 [ 1  1  1]   0  0.183  0.177  2.668
  2   56 Heredity    [    18 40  ]  -228.752  1552.036   3.028   -228.752 [ 1  1  1]   0  0.243  0.177  2.318
  2   57 Heredity    [    18 40  ]  -241.617  1552.036   3.028   -241.617 [ 1  1  1]   0  0.193  0.177  1.832
  2   58 Heredity    [    18 40  ]  -233.129  1552.036   3.028   -233.129 [ 1  1  1]   0  0.221  0.177  1.846
  2   59 Heredity    [    18 40  ]  -229.415  1552.036   3.028   -229.415 [ 1  1  1]   0  0.183  0.178  2.098
  2   60 Heredity    [    18 40  ]  -231.153  1552.036   3.028   -231.153 [ 1  1  1]   0  0.185  0.177  2.573
  2   61 Heredity    [    18 40  ]  -235.109  1552.036   3.028   -235.109 [ 1  1  1]   0  0.231  0.177  1.861
  2   62 Heredity    [    18 40  ]  -235.589  1552.036   3.028   -235.589 [ 1  1  1]   0  0.236  0.177  2.309
  2   63 Heredity    [    18 40  ]  -243.093  1552.036   3.028   -243.093 [ 1  1  1]   0  0.186  0.178  2.271
  2   64 Heredity    [    18 40  ]  -224.510  1552.036   3.028   -224.510 [ 1  1  1]   0  0.196  0.177  3.249
  2   65   Random    [    18 40  ]  -222.502  1552.036   3.028   -222.502 [ 1  1  1]   0  0.268  0.178  2.606
  2   66   Random    [    18 40  ]  -226.163  1552.036   3.028   -226.163 [ 1  1  1]   0  0.133  0.177  3.798
  2   67   Random    [    18 40  ]  -208.316  1552.036   3.028   -208.316 [ 1  1  1]   0  0.063  0.177  2.639
  2   68   Random    [    18 40  ]  -229.667  1552.036   3.028   -229.667 [ 1  1  1]   0  0.173  0.178  2.928
  2   69   Random    [    18 40  ]  -242.485  1552.036   3.028   -242.485 [ 1  1  1]   0  0.000  0.178  3.479
  2   70   Random    [    18 40  ]  -238.663  1552.036   3.028   -238.663 [ 1  1  1]   0  0.139  0.178  3.151
  2   71   Random    [    18 40  ]  -234.085  1552.036   3.028   -234.085 [ 1  1  1]   0  0.147  0.177  2.498
  2   72   Random    [    18 40  ]  -226.581  1552.036   3.028   -226.581 [ 1  1  1]   0  0.198  0.177  3.330
  2   73 Permutate   [    18 40  ]  -214.477  1457.882   3.223   -214.477 [ 1  1  1]   0  0.079  0.177 10.089
  2   74 Permutate   [    18 40  ]  -235.693  1552.036   3.028   -235.617 [ 1  1  1]   0  0.090  0.178  3.164
  2   75 Permutate   [    18 40  ]  -242.197  1552.036   3.028   -242.121 [ 1  1  1]   0  0.137  0.177  4.116
  2   76 Permutate   [    18 40  ]  -243.606  1552.036   3.028   -243.530 [ 1  1  1]   0  0.167  0.177  3.546
  2   77 softmutate  [    18 40  ]  -239.273  1552.036   3.028   -239.273 [ 1  1  1]   0  0.068  0.178  3.268
  2   78 softmutate  [    18 40  ]  -227.302  1552.036   3.028   -227.302 [ 1  1  1]   0  0.224  0.177  3.033
  2   79 softmutate  [    18 40  ]  -233.446  1552.036   3.028   -233.446 [ 1  1  1]   0  0.231  0.178  2.359
  2   80 softmutate  [    18 40  ]  -223.247  1441.604   3.260   -223.247 [ 1  1  1]   0  0.066  0.178  3.000
  2   81 softmutate  [    18 40  ]  -225.049  1441.604   3.260   -225.049 [ 1  1  1]   0  0.118  0.177  8.500
  2   82 CoorMutate  [    18 40  ]  -239.130  1552.036   3.028   -239.130 [ 1  1  1]   0  0.194  0.178  2.703
  2   83 softmutate  [    18 40  ]  -230.996  1552.036   3.028   -230.996 [ 1  1  1]   0  0.148  0.177  2.538
  2   84 CoorMutate  [    18 40  ]  -242.431  1552.036   3.028   -242.431 [ 1  1  1]   0  0.175  0.177  2.582
  2   85 Transmutate [    18 40  ]  -215.071  1457.882   3.223   -215.071 [ 1  1  1]   0  0.134  0.177  5.267
  2   86 Transmutate [    18 40  ]  -241.153  1552.036   3.028   -241.153 [ 1  1  1]   0  0.222  0.178  2.115
  2   87 Transmutate [    18 40  ]  -226.649  1441.604   3.260   -226.649 [ 1  1  1]   0  0.122  0.177  2.564
  2   88 Transmutate [    18 40  ]  -243.670  1552.036   3.028   -243.670 [ 1  1  1]   0  0.158  0.177  2.615
  2   89 keptBest    [    18 40  ]  -247.500  1185.643   3.963   -247.424 [ 1  1  1]   0  0.091  0.177 11.907
  2   90 keptBest    [    18 40  ]  -246.586  1375.634   3.416   -246.510 [ 1  1  1]   0  0.089  0.177  7.546
  2   91 keptBest    [    18 40  ]  -243.896  1799.247   2.612   -243.820 [ 1  1  1]   0  0.207  0.177  9.939
  2   92 keptBest    [    18 40  ]  -243.606  1552.036   3.028   -243.530 [ 1  1  1]   0  0.167  0.177  3.546
  3   93 Heredity    [    18 40  ]  -237.509  1552.036   3.028   -237.509 [ 1  1  1]   0  0.197  0.177  3.067
  3   94 Heredity    [    18 40  ]  -229.700  1552.036   3.028   -229.700 [ 1  1  1]   0  0.209  0.177  2.031
  3   95 Heredity    [    18 40  ]  -231.227  1552.036   3.028   -231.227 [ 1  1  1]   0  0.164  0.177  2.203
  3   96 Heredity    [    18 40  ]  -228.744  1552.036   3.028   -228.744 [ 1  1  1]   0  0.216  0.177  1.940
  3   97 Heredity    [    18 40  ]  -238.801  1552.036   3.028   -238.801 [ 1  1  1]   0  0.228  0.177  1.843
  3   98 Heredity    [    18 40  ]  -237.602  1552.036   3.028   -237.602 [ 1  1  1]   0  0.210  0.178  1.867
  3   99 Heredity    [    18 40  ]  -228.061  1552.036   3.028   -228.061 [ 1  1  1]   0  0.268  0.177  2.023
  3  100 Heredity    [    18 40  ]  -231.285  1552.036   3.028   -231.285 [ 1  1  1]   0  0.157  0.177  2.925
  3  101 Heredity    [    18 40  ]  -223.112  1552.036   3.028   -223.112 [ 1  1  1]   0  0.154  0.177  3.967
  3  102 Heredity    [    18 40  ]  -235.939  1552.036   3.028   -235.939 [ 1  1  1]   0  0.256  0.178  2.261
  3  103 Heredity    [    18 40  ]  -227.444  1552.036   3.028   -227.444 [ 1  1  1]   0  0.252  0.178  1.989
  3  104 Heredity    [    18 40  ]  -229.946  1552.036   3.028   -229.946 [ 1  1  1]   0  0.251  0.176  2.256
  3  105 Heredity    [    18 40  ]  -237.592  1552.036   3.028   -237.592 [ 1  1  1]   0  0.225  0.177  1.858
  3  106 Heredity    [    18 40  ]  -231.440  1552.036   3.028   -231.440 [ 1  1  1]   0  0.241  0.177  1.994
  3  107 Heredity    [    18 40  ]  -229.646  1552.036   3.028   -229.646 [ 1  1  1]   0  0.211  0.177  2.414
  3  108 Heredity    [    18 40  ]  -229.835  1552.036   3.028   -229.835 [ 1  1  1]   0  0.203  0.178  2.124
  3  109 Heredity    [    18 40  ]  -242.126  1552.036   3.028   -242.126 [ 1  1  1]   0  0.174  0.177  2.084
  3  110 Heredity    [    18 40  ]  -239.374  1552.036   3.028   -239.374 [ 1  1  1]   0  0.185  0.177  2.048
  3  111 Heredity    [    18 40  ]  -230.279  1552.036   3.028   -230.279 [ 1  1  1]   0  0.170  0.178  3.247
  3  112 Heredity    [    18 40  ]  -242.131  1552.036   3.028   -242.131 [ 1  1  1]   0  0.161  0.177  2.428
  3  113   Random    [    18 40  ]  -214.946  1552.036   3.028   -214.946 [ 1  1  1]   0  0.151  0.177  3.877
  3  114   Random    [    18 40  ]  -239.877  1552.036   3.028   -239.877 [ 1  1  1]   0  0.127  0.178  3.356
  3  115   Random    [    18 40  ]  -216.231  1552.036   3.028   -216.231 [ 1  1  1]   0  0.139  0.177  4.586
  3  116   Random    [    18 40  ]  -237.535  1552.036   3.028   -237.535 [ 1  1  1]   0  0.161  0.177  2.778
  3  117   Random    [    18 40  ]  -234.129  1552.036   3.028   -234.129 [ 1  1  1]   0  0.189  0.177  3.390
  3  118   Random    [    18 40  ]  -233.068  1552.036   3.028   -233.068 [ 1  1  1]   0  0.152  0.177  2.562
  3  119   Random    [    18 40  ]  -243.922  1552.036   3.028   -243.922 [ 1  1  1]   0  0.169  0.177  3.476
  3  120   Random    [    18 40  ]  -234.643  1552.036   3.028   -234.643 [ 1  1  1]   0  0.129  0.176  2.904
  3  121 Permutate   [    18 40  ]  -235.573  1552.036   3.028   -235.573 [ 1  1  1]   0  0.196  0.178  2.241
  3  122 Permutate   [    18 40  ]  -234.085  1552.036   3.028   -234.012 [ 1  1  1]   0  0.147  0.177  2.498
  3  123 Permutate   [    18 40  ]  -241.617  1552.036   3.028   -241.543 [ 1  1  1]   0  0.193  0.177  1.832
  3  124 Permutate   [    18 40  ]  -243.670  1552.036   3.028   -243.602 [ 1  1  1]   0  0.157  0.177  2.616
  3  125 softmutate  [    18 40  ]  -235.449  1552.036   3.028   -235.449 [ 1  1  1]   0  0.252  0.176  1.905
  3  126 softmutate  [    18 40  ]  -228.443  1552.036   3.028   -228.443 [ 1  1  1]   0  0.173  0.176  3.148
  3  127 softmutate  [    18 40  ]  -232.315  1552.036   3.028   -232.315 [ 1  1  1]   0  0.226  0.177  1.860
  3  128 softmutate  [    18 40  ]  -207.031  2622.261   1.792   -207.031 [ 1  1  1]   0  0.242  0.177 12.804
  3  129 softmutate  [    18 40  ]  -228.197  1552.036   3.028   -228.197 [ 1  1  1]   0  0.217  0.177  1.935
  3  130 softmutate  [    18 40  ]  -238.174  1552.036   3.028   -238.174 [ 1  1  1]   0  0.143  0.177  1.797
  3  131 softmutate  [    18 40  ]  -228.725  1552.036   3.028   -228.725 [ 1  1  1]   0  0.185  0.177  2.043
  3  132 softmutate  [    18 40  ]  -239.205  1552.036   3.028   -239.205 [ 1  1  1]   0  0.182  0.177  1.898
  3  133 Transmutate [    18 40  ]  -240.585  1552.036   3.028   -240.585 [ 1  1  1]   0  0.211  0.177  2.066
  3  134 Transmutate [    18 40  ]  -241.236  1552.036   3.028   -241.236 [ 1  1  1]   0  0.181  0.178  1.940
  3  135 Transmutate [    18 40  ]  -210.477  2622.261   1.792   -210.477 [ 1  1  1]   0  0.142  0.177  9.792
  3  136 Transmutate [    18 40  ]  -241.042  1552.036   3.028   -241.042 [ 1  1  1]   0  0.188  0.177  1.943
  3  137 keptBest    [    18 40  ]  -247.500  1185.643   3.963   -247.350 [ 1  1  1]   0  0.091  0.177 11.907
  3  138 keptBest    [    18 40  ]  -246.586  1375.634   3.416   -246.436 [ 1  1  1]   0  0.089  0.177  7.546
  3  139 keptBest    [    18 40  ]  -243.896  1799.247   2.612   -243.746 [ 1  1  1]   0  0.207  0.177  9.939
  3  140 keptBest    [    18 40  ]  -243.670  1552.036   3.028   -243.596 [ 1  1  1]   0  0.158  0.177  2.615
