-125.38386671480848
-123.78675549842254
-124.73792470007933
-118.36546066808594
-121.64873052261615
-125.07588574148738
-124.49491261985844
-122.58698740804823
-118.2824599410143
-115.43585609354099
-113.15958675349306
-120.37631675463138
-123.34458598080505
-119.31412659741471
-122.9286497349297
-119.45607362489032
-124.34260871493211
-113.16058580311594
-123.36448476589504
-122.75050490077716
-123.89898444141224
-125.37142332118961
-123.45086018990887
-123.58101403503542
-124.74375802083657
-121.82744891940187
-124.41906553750975
-125.12234752314102
-122.58669311878032
-117.53565701709911
-121.4770943301574
-124.50791565658925
-121.70484286716642
-122.42228247405475
-121.20468883254938
-124.86697487953649
-124.38610130932031
-121.9657991903527
-110.11959251466546
-124.89003760752065
-124.11761836284819
-123.6137351329462
-90.50635775657994
-103.50343439292192
-123.57293806824156
-121.06875754133685
-115.78705457768888
-110.92329904302788
-123.14677574683756
-123.36915235370661
-112.18362928104125
-122.5244488647283
-122.54187446128255
-107.44544121799791
-119.4310847449542
-124.16036550243801
-123.89657290453883
-123.93133443675531
-123.21594250954658
-124.56128846165662
-124.12762838227536
-124.03149378482166
-123.81531572740431
-124.63780949102488
-123.39457416904507
-124.2874491953612
-125.95706232650726
-123.55570960205183
-123.55459770659033
-124.99583239031935
-122.62732904125781
-125.11238856715272
-125.87588266392507
-123.4655762541214
-122.80898798627167
-125.48676215825932
-122.83842498274355
-122.69697182623237
-124.67976273373105
-124.66714658360286
-116.78323973807925
-120.5633598691017
-121.89935027264949
-123.67496733735945
-124.72631218932999
-124.42781956648454
-121.54418793441334
-122.01579658755128
-122.78280120398745
-124.14846824877777
-125.35780728886527
-123.51538877906881
-124.87289372968061
-124.34385443185852
-122.67902426094733
-123.77233542814085
-125.15456180203222
-125.11355688698808
-123.21672694480822
-124.51702207754522
-124.86945369205412
-123.45747362322066
-124.35218335123741
-124.72109607438327
-123.34698650047905
-123.46450858047969
-125.17705877103985
-123.5069127675563
-124.79547587410353
-124.51920710788534
-125.06482022948866
-125.17285579006577
-123.90046804412641
-125.52342330888027
-124.79986310040924
-125.05974005041564
-123.7981073107058
-124.8248571940347
-123.96826726159229
-124.04096962583404
-125.28752564758895
-123.90334235275486
-125.14654479644213
-124.76185474404846
-123.00002566351506
-123.93895102802036
-124.45237415229937
-124.46152173341963
-125.58096428251662
-124.78605903813182
-124.65884499395273
-123.613472666966
-124.47531166741524
-124.5104802552536
-124.18714500131445
-123.05075678230996
-124.33251455664478
-122.0277633223441
-118.47032401158884
-125.95706915365929
-122.65963907916384
-125.6535355755115
-125.4483385782469
-123.50967702468826
-123.67426702184386
-123.6256000299139
-124.33649578666035
-124.11639471616658
-125.92213150929132
-124.87893921718876
-123.71776529227927
-125.48282387405658
-125.98492226374925
-124.6649117294506
-124.84565896194732
-124.28789431744111
