-154.851
-154.322
-154.763
-154.712
-154.528
-151.226
-151.991
-153.874
-154.866
-154.822
-149.902
-153.866
-154.689
-154.198
-154.492
-154.940
-151.535
-154.923
-150.251
-153.865
-154.099
-154.920
-155.027
-154.798
-154.329
-153.663
-153.850
-154.317
-154.520
-154.768
-154.407
-154.681
-154.001
-154.723
-154.849
-153.421
-154.837
-155.342
-154.862
-153.866
-154.725
-154.883
-154.909
-154.548
-154.955
-154.759
-153.969
-153.261
-154.557
-154.576
-154.513
-154.701
-154.330
-154.798
-154.891
-154.571
-154.875
-154.905
-154.867
-154.899
-154.842
-154.679
-154.913
-154.866
-154.903
-154.931
-154.953
-154.893
-154.976
-154.945
-154.877
-154.915
-155.060
-154.803
-154.878
-154.830
-154.914
-154.879
-154.927
-154.849
-154.514
-154.027
-154.803
-155.040
-155.024
-154.578
-154.413
-154.756
-154.682
-154.795
-155.027
-154.723
-154.837
-154.557
-155.342
-154.796
-154.568
-154.764
-154.750
-154.801
-154.397
-155.339
-155.337
-154.866
-155.342
-155.027
-154.955
-154.940
-154.923
-154.909
-154.883
-154.866
-155.147
-155.039
-154.952
-155.325
-154.910
-154.979
-155.272
-154.849
-154.994
-155.070
-154.965
-155.035
-154.956
-155.143
-154.886
-154.912
-155.116
-154.938
-155.077
-154.975
-154.877
-155.101
-154.950
-154.813
-154.955
-154.957
-155.100
-154.982
-155.092
-155.036
-155.320
-154.997
-155.028
-154.547
-153.974
-154.056
-151.219
-151.682
-154.912
-154.920
-154.942
-155.026
-154.859
-155.026
-155.060
-155.024
-154.567
-155.025
-155.025
-155.338
-155.342
-155.040
-155.027
-155.024
-154.955
-154.940
-154.931
-154.923
