  ID   Compositions    Enthalpies    Volumes    fitness  SYMM
                       (eV/atom)    (A^3/atom)    ()         
  95  [    12 24  ]     -4.3151     12.8123   -155.3423     0
  38  [    12 24  ]     -4.3151     12.0761   -155.3418     0
 102  [    12 24  ]     -4.3150     12.6093   -155.3392     0
 116  [    12 24  ]     -4.3146     12.7094   -155.3248     0
 113  [    12 24  ]     -4.3096     13.8208   -155.1468     0
 126  [    12 24  ]     -4.3095     14.4881   -155.1433     0
 129  [    12 24  ]     -4.3088     14.7158   -155.1158     0
 134  [    12 24  ]     -4.3084     15.5651   -155.1007     0
 139  [    12 24  ]     -4.3083     15.0781   -155.1002     0
 141  [    12 24  ]     -4.3081     15.3066   -155.0917     0
 131  [    12 24  ]     -4.3077     17.5105   -155.0771     0
 122  [    12 24  ]     -4.3075     14.2353   -155.0696     0
  73  [    12 24  ]     -4.3072     15.1718   -155.0605     0
 157  [    12 24  ]     -4.3072     15.2738   -155.0604     0
  84  [    12 24  ]     -4.3067     12.5798   -155.0399     0
 114  [    12 24  ]     -4.3066     15.1838   -155.0390     0
 142  [    12 24  ]     -4.3066     16.4420   -155.0359     0
 124  [    12 24  ]     -4.3065     15.3783   -155.0350     0
 145  [    12 24  ]     -4.3063     15.6271   -155.0283     0
  23  [    12 24  ]     -4.3063     14.6633   -155.0269     0
  91  [    12 24  ]     -4.3063     15.4201   -155.0268     0
  85  [    12 24  ]     -4.3062     14.3737   -155.0245     0
 158  [    12 24  ]     -4.3062     15.0583   -155.0244     0
 144  [    12 24  ]     -4.3055     15.2790   -154.9974     0
 121  [    12 24  ]     -4.3054     15.8518   -154.9941     0
 140  [    12 24  ]     -4.3051     18.5313   -154.9818     0
 118  [    12 24  ]     -4.3050     14.5012   -154.9785     0
  69  [    12 24  ]     -4.3049     16.8753   -154.9763     0
 132  [    12 24  ]     -4.3049     15.8982   -154.9748     0
 123  [    12 24  ]     -4.3046     17.6787   -154.9651     0
 138  [    12 24  ]     -4.3043     16.9946   -154.9566     0
 125  [    12 24  ]     -4.3043     18.5473   -154.9559     0
 137  [    12 24  ]     -4.3043     21.0263   -154.9553     0
  45  [    12 24  ]     -4.3043     20.5380   -154.9548     0
  67  [    12 24  ]     -4.3043     16.7825   -154.9533     0
 115  [    12 24  ]     -4.3042     18.0736   -154.9516     0
 135  [    12 24  ]     -4.3042     17.0584   -154.9502     0
  70  [    12 24  ]     -4.3040     17.5976   -154.9449     0
 153  [    12 24  ]     -4.3039     18.2745   -154.9421     0
  16  [    12 24  ]     -4.3039     11.9028   -154.9404     0
 130  [    12 24  ]     -4.3038     17.1934   -154.9377     0
  66  [    12 24  ]     -4.3036     22.3521   -154.9306     0
  79  [    12 24  ]     -4.3035     20.5285   -154.9274     0
  18  [    12 24  ]     -4.3034     18.3726   -154.9230     0
  22  [    12 24  ]     -4.3033     30.9495   -154.9200     0
 152  [    12 24  ]     -4.3033     22.4400   -154.9199     0
  72  [    12 24  ]     -4.3032     24.4067   -154.9150     0
  77  [    12 24  ]     -4.3032     22.2097   -154.9143     0
  63  [    12 24  ]     -4.3032     18.9318   -154.9135     0
 128  [    12 24  ]     -4.3031     17.4465   -154.9121     0
