Gen   ID    Origin   Composition    Enthalpy   Volume  Density   Fitness   KPOINTS  SYMM  Q_entr A_order S_order
                                      (eV)     (A^3)  (g/cm^3)
  1    1   Random    [    12 24  ]  -154.851   694.381   4.106   -154.851 [ 1  1  1]   0  0.259  0.017  0.004
  1    2   Random    [    12 24  ]  -154.322   678.770   4.201   -154.322 [ 1  1  1]   0  0.251  0.019  0.004
  1    3   Random    [    12 24  ]  -154.763   760.232   3.751   -154.763 [ 1  1  1]   0  0.152  0.027  0.008
  1    4   Random    [    12 24  ]  -154.712  1682.997   1.694   -154.712 [ 1  1  1]   0  0.314  0.013  0.002
  1    5   Random    [    12 24  ]  -154.528   564.036   5.055   -154.528 [ 1  1  1]   0  0.281  0.022  0.004
  1    6   Random    [    12 24  ]  -151.226   718.103   3.971   -151.226 [ 1  1  1]   0  0.102  0.042  0.013
  1    7   Random    [    12 24  ]  -151.991   615.243   4.634   -151.991 [ 1  1  1]   0  0.114  0.042  0.012
  1    8   Random    [    12 24  ]  -153.874   355.562   8.019   -153.874 [ 1  1  1]   0  0.110  0.027  0.008
  1    9   Random    [    12 24  ]  -154.866   734.993   3.879   -154.866 [ 1  1  1]   0  0.177  0.012  0.003
  1   10   Random    [    12 24  ]  -154.822   894.006   3.189   -154.822 [ 1  1  1]   0  0.108  0.017  0.005
  1   11   Random    [    12 24  ]  -149.902   793.918   3.591   -149.902 [ 1  1  1]   0  0.191  0.052  0.014
  1   12   Random    [    12 24  ]  -153.866   637.381   4.473   -153.866 [ 1  1  1]   0  0.240  0.020  0.004
  1   13   Random    [    12 24  ]  -154.689  1055.863   2.700   -154.689 [ 1  1  1]   0  0.317  0.014  0.002
  1   14   Random    [    12 24  ]  -154.198   893.014   3.193   -154.198 [ 1  1  1]   0  0.206  0.018  0.004
  1   15   Random    [    12 24  ]  -154.492  1014.818   2.810   -154.492 [ 1  1  1]   0  0.117  0.017  0.005
  1   16   Random    [    12 24  ]  -154.940   428.500   6.654   -154.940 [ 1  1  1]   0  0.063  0.020  0.007
  1   17   Random    [    12 24  ]  -151.535   368.628   7.735   -151.535 [ 1  1  1]   0  0.167  0.027  0.008
  1   18   Random    [    12 24  ]  -154.923   661.412   4.311   -154.923 [ 1  1  1]   0  0.253  0.021  0.004
  1   19   Random    [    12 24  ]  -150.251   573.176   4.975   -150.251 [ 1  1  1]   0  0.085  0.042  0.013
  1   20   Random    [    12 24  ]  -153.865   616.109   4.628   -153.865 [ 1  1  1]   0  0.214  0.022  0.005
  1   21   Random    [    12 24  ]  -154.099   642.665   4.437   -154.099 [ 1  1  1]   0  0.235  0.021  0.005
  1   22   Random    [    12 24  ]  -154.920  1114.180   2.559   -154.920 [ 1  1  1]   0  0.164  0.017  0.004
  1   23   Random    [    12 24  ]  -155.027   527.879   5.401   -155.027 [ 1  1  1]   0  0.212  0.019  0.005
  1   24   Random    [    12 24  ]  -154.798   875.344   3.257   -154.798 [ 1  1  1]   0  0.271  0.016  0.003
  1   25   Random    [    12 24  ]  -154.329   924.905   3.083   -154.329 [ 1  1  1]   0  0.106  0.014  0.004
  1   26   Random    [    12 24  ]  -153.663   421.653   6.762   -153.663 [ 1  1  1]   0  0.105  0.019  0.006
  1   27   Random    [    12 24  ]  -153.850   609.191   4.680   -153.850 [ 1  1  1]   0  0.217  0.021  0.005
  1   28   Random    [    12 24  ]  -154.317   689.156   4.137   -154.317 [ 1  1  1]   0  0.246  0.018  0.004
  1   29   Random    [    12 24  ]  -154.520   495.885   5.750   -154.520 [ 1  1  1]   0  0.236  0.019  0.004
  1   30   Random    [    12 24  ]  -154.768   615.503   4.632   -154.768 [ 1  1  1]   0  0.179  0.017  0.004
  1   31   Random    [    12 24  ]  -154.407   411.075   6.936   -154.407 [ 1  1  1]   0  0.202  0.027  0.007
  1   32   Random    [    12 24  ]  -154.681   859.439   3.318   -154.681 [ 1  1  1]   0  0.195  0.019  0.004
  1   33   Random    [    12 24  ]  -154.001   586.394   4.862   -154.001 [ 1  1  1]   0  0.201  0.022  0.005
  1   34   Random    [    12 24  ]  -154.723   769.631   3.705   -154.723 [ 1  1  1]   0  0.218  0.013  0.003
  1   35   Random    [    12 24  ]  -154.849   499.224   5.711   -154.849 [ 1  1  1]   0  0.177  0.021  0.006
  1   36   Random    [    12 24  ]  -153.421   448.937   6.351   -153.421 [ 1  1  1]   0  0.192  0.022  0.006
  1   37   Random    [    12 24  ]  -154.837   602.354   4.734   -154.837 [ 1  1  1]   0  0.158  0.030  0.007
  1   38   Random    [    12 24  ]  -155.342   434.739   6.559   -155.342 [ 1  1  1]   0  0.132  0.034  0.010
  1   39   Random    [    12 24  ]  -154.862   523.202   5.450   -154.862 [ 1  1  1]   0  0.234  0.026  0.006
  1   40   Random    [    12 24  ]  -153.866   582.564   4.894   -153.866 [ 1  1  1]   0  0.225  0.021  0.005
  1   41   Random    [    12 24  ]  -154.725   665.553   4.284   -154.725 [ 1  1  1]   0  0.231  0.016  0.004
  1   42   Random    [    12 24  ]  -154.883   538.278   5.297   -154.883 [ 1  1  1]   0  0.213  0.016  0.004
  1   43   Random    [    12 24  ]  -154.909   615.664   4.631   -154.909 [ 1  1  1]   0  0.120  0.015  0.004
  1   44   Random    [    12 24  ]  -154.548   549.539   5.189   -154.548 [ 1  1  1]   0  0.225  0.022  0.005
  1   45   Random    [    12 24  ]  -154.955   739.370   3.856   -154.955 [ 1  1  1]   0  0.214  0.019  0.004
  1   46   Random    [    12 24  ]  -154.759   628.224   4.539   -154.759 [ 1  1  1]   0  0.249  0.017  0.004
  1   47   Random    [    12 24  ]  -153.969   653.087   4.366   -153.969 [ 1  1  1]   0  0.255  0.022  0.004
  1   48   Random    [    12 24  ]  -153.261   512.661   5.562   -153.261 [ 1  1  1]   0  0.188  0.021  0.005
  1   49   Random    [    12 24  ]  -154.557   811.118   3.515   -154.557 [ 1  1  1]   0  0.234  0.012  0.003
  1   50   Random    [    12 24  ]  -154.576   884.921   3.222   -154.576 [ 1  1  1]   0  0.253  0.017  0.003
  1   51   Seeds     [    12 24  ]  -154.513  1201.706   2.373   -154.513 [ 1  1  1]   0  0.000  0.008  0.003
  1   52   Seeds     [    12 24  ]  -154.701  1251.021   2.279   -154.701 [ 1  1  1]   0  0.233  0.010  0.002
  1   53   Seeds     [    12 24  ]  -154.330  1468.334   1.942   -154.330 [ 1  1  1]   0  0.268  0.012  0.003
  1   54   Seeds     [    12 24  ]  -154.798   755.642   3.773   -154.798 [ 1  1  1]   0  0.246  0.011  0.002
  2   55 Heredity    [    12 24  ]  -154.891   687.929   4.145   -154.891 [ 1  1  1]   0  0.282  0.024  0.005
  2   56 Heredity    [    12 24  ]  -154.571   697.864   4.086   -154.571 [ 1  1  1]   0  0.299  0.019  0.003
  2   57 Heredity    [    12 24  ]  -154.875   674.499   4.227   -154.875 [ 1  1  1]   0  0.273  0.019  0.004
  2   58 Heredity    [    12 24  ]  -154.905   786.801   3.624   -154.905 [ 1  1  1]   0  0.276  0.015  0.003
  2   59 Heredity    [    12 24  ]  -154.867   743.755   3.834   -154.867 [ 1  1  1]   0  0.265  0.020  0.004
  2   60 Heredity    [    12 24  ]  -154.899   774.565   3.681   -154.899 [ 1  1  1]   0  0.294  0.018  0.003
  2   61 Heredity    [    12 24  ]  -154.842   701.963   4.062   -154.842 [ 1  1  1]   0  0.291  0.022  0.004
  2   62 Heredity    [    12 24  ]  -154.679   709.936   4.016   -154.679 [ 1  1  1]   0  0.299  0.018  0.003
  2   63 Heredity    [    12 24  ]  -154.913   681.544   4.184   -154.913 [ 1  1  1]   0  0.287  0.022  0.004
  2   64 Heredity    [    12 24  ]  -154.866   962.757   2.962   -154.866 [ 1  1  1]   0  0.285  0.016  0.003
  2   65 Heredity    [    12 24  ]  -154.903   675.825   4.219   -154.903 [ 1  1  1]   0  0.286  0.018  0.003
  2   66 Heredity    [    12 24  ]  -154.931   804.674   3.543   -154.931 [ 1  1  1]   0  0.288  0.015  0.003
  2   67 Heredity    [    12 24  ]  -154.953   604.169   4.719   -154.953 [ 1  1  1]   0  0.276  0.018  0.003
  2   68 Heredity    [    12 24  ]  -154.893   813.403   3.505   -154.893 [ 1  1  1]   0  0.276  0.015  0.003
  2   69 Heredity    [    12 24  ]  -154.976   607.509   4.693   -154.976 [ 1  1  1]   0  0.275  0.017  0.003
  2   70 Heredity    [    12 24  ]  -154.945   633.513   4.501   -154.945 [ 1  1  1]   0  0.276  0.017  0.003
  2   71 Heredity    [    12 24  ]  -154.877   673.546   4.233   -154.877 [ 1  1  1]   0  0.286  0.019  0.004
  2   72 Heredity    [    12 24  ]  -154.915   878.640   3.245   -154.915 [ 1  1  1]   0  0.289  0.014  0.002
  2   73 Heredity    [    12 24  ]  -155.060   546.183   5.220   -155.060 [ 1  1  1]   0  0.271  0.023  0.005
  2   74 Heredity    [    12 24  ]  -154.803   668.158   4.267   -154.803 [ 1  1  1]   0  0.274  0.022  0.004
  2   75 Heredity    [    12 24  ]  -154.878   800.822   3.560   -154.878 [ 1  1  1]   0  0.286  0.016  0.003
  2   76 Heredity    [    12 24  ]  -154.830   814.659   3.500   -154.830 [ 1  1  1]   0  0.280  0.015  0.003
  2   77 Heredity    [    12 24  ]  -154.914   799.549   3.566   -154.914 [ 1  1  1]   0  0.280  0.015  0.003
  2   78 Heredity    [    12 24  ]  -154.879   818.888   3.482   -154.879 [ 1  1  1]   0  0.266  0.019  0.004
  2   79 Heredity    [    12 24  ]  -154.927   739.026   3.858   -154.927 [ 1  1  1]   0  0.257  0.016  0.003
  2   80   Random    [    12 24  ]  -154.849   741.417   3.846   -154.849 [ 1  1  1]   0  0.192  0.014  0.003
  2   81   Random    [    12 24  ]  -154.514   864.938   3.297   -154.514 [ 1  1  1]   0  0.100  0.020  0.008
  2   82   Random    [    12 24  ]  -154.027   446.421   6.387   -154.027 [ 1  1  1]   0  0.064  0.025  0.010
  2   83   Random    [    12 24  ]  -154.803   662.564   4.303   -154.803 [ 1  1  1]   0  0.239  0.016  0.004
  2   84   Random    [    12 24  ]  -155.040   452.872   6.296   -155.040 [ 1  1  1]   0  0.139  0.019  0.006
  2   85   Random    [    12 24  ]  -155.024   517.452   5.510   -155.024 [ 1  1  1]   0  0.194  0.019  0.004
  2   86   Random    [    12 24  ]  -154.578  1201.702   2.373   -154.578 [ 1  1  1]   0  0.134  0.015  0.004
  2   87   Random    [    12 24  ]  -154.413   682.297   4.179   -154.413 [ 1  1  1]   0  0.179  0.018  0.004
  2   88 softmutate  [    12 24  ]  -154.756   790.967   3.605   -154.756 [ 1  1  1]   0  0.276  0.015  0.003
  2   89 softmutate  [    12 24  ]  -154.682   788.493   3.616   -154.682 [ 1  1  1]   0  0.206  0.019  0.004
  2   90 softmutate  [    12 24  ]  -154.795   882.298   3.232   -154.795 [ 1  1  1]   0  0.273  0.015  0.003
  2   91 softmutate  [    12 24  ]  -155.027   555.124   5.136   -155.027 [ 1  1  1]   0  0.232  0.019  0.004
  2   92 softmutate  [    12 24  ]  -154.723   927.070   3.076   -154.723 [ 1  1  1]   0  0.256  0.013  0.003
  2   93 softmutate  [    12 24  ]  -154.837   614.140   4.643   -154.837 [ 1  1  1]   0  0.160  0.030  0.007
  2   94 softmutate  [    12 24  ]  -154.557  1490.738   1.913   -154.557 [ 1  1  1]   0  0.269  0.014  0.003
  2   95 softmutate  [    12 24  ]  -155.342   461.242   6.182   -155.342 [ 1  1  1]   0  0.166  0.031  0.008
  2   96 softmutate  [    12 24  ]  -154.796  1206.989   2.362   -154.796 [ 1  1  1]   0  0.266  0.016  0.003
  2   97 softmutate  [    12 24  ]  -154.568   683.501   4.172   -154.568 [ 1  1  1]   0  0.178  0.021  0.006
  2   98 softmutate  [    12 24  ]  -154.764   785.131   3.632   -154.764 [ 1  1  1]   0  0.170  0.027  0.008
  2   99 softmutate  [    12 24  ]  -154.750  1478.641   1.928   -154.750 [ 1  1  1]   0  0.292  0.012  0.002
  2  100 softmutate  [    12 24  ]  -154.801  1151.120   2.477   -154.801 [ 1  1  1]   0  0.266  0.013  0.003
  2  101 softmutate  [    12 24  ]  -154.397   563.616   5.059   -154.397 [ 1  1  1]   0  0.219  0.016  0.004
  2  102 softmutate  [    12 24  ]  -155.339   453.936   6.281   -155.339 [ 1  1  1]   0  0.178  0.030  0.008
  2  103 softmutate  [    12 24  ]  -155.337   456.368   6.248   -155.337 [ 1  1  1]   0  0.156  0.031  0.009
  2  104 softmutate  [    12 24  ]  -154.866   784.215   3.636   -154.866 [ 1  1  1]   0  0.216  0.012  0.003
  2  105 keptBest    [    12 24  ]  -155.342   434.739   6.559   -155.342 [ 1  1  1]   0  0.132  0.034  0.010
  2  106 keptBest    [    12 24  ]  -155.027   527.879   5.401   -155.027 [ 1  1  1]   0  0.212  0.019  0.005
  2  107 keptBest    [    12 24  ]  -154.955   739.370   3.856   -154.955 [ 1  1  1]   0  0.214  0.019  0.004
  2  108 keptBest    [    12 24  ]  -154.940   428.500   6.654   -154.940 [ 1  1  1]   0  0.063  0.020  0.007
  2  109 keptBest    [    12 24  ]  -154.923   661.412   4.311   -154.923 [ 1  1  1]   0  0.253  0.021  0.004
  2  110 keptBest    [    12 24  ]  -154.909   615.664   4.631   -154.909 [ 1  1  1]   0  0.120  0.015  0.004
  2  111 keptBest    [    12 24  ]  -154.883   538.278   5.297   -154.883 [ 1  1  1]   0  0.213  0.016  0.004
  2  112 keptBest    [    12 24  ]  -154.866   734.993   3.879   -154.866 [ 1  1  1]   0  0.177  0.012  0.003
  3  113 Heredity    [    12 24  ]  -155.147   497.548   5.731   -155.147 [ 1  1  1]   0  0.266  0.024  0.005
  3  114 Heredity    [    12 24  ]  -155.039   546.615   5.216   -155.039 [ 1  1  1]   0  0.271  0.022  0.004
  3  115 Heredity    [    12 24  ]  -154.952   650.649   4.382   -154.952 [ 1  1  1]   0  0.278  0.018  0.003
  3  116 Heredity    [    12 24  ]  -155.325   457.539   6.232   -155.325 [ 1  1  1]   0  0.165  0.032  0.009
  3  117 Heredity    [    12 24  ]  -154.910   684.940   4.163   -154.910 [ 1  1  1]   0  0.286  0.018  0.003
  3  118 Heredity    [    12 24  ]  -154.979   522.042   5.462   -154.979 [ 1  1  1]   0  0.280  0.026  0.005
  3  119 Heredity    [    12 24  ]  -155.272   442.634   6.442   -155.272 [ 1  1  1]   0  0.179  0.032  0.009
  3  120 Heredity    [    12 24  ]  -154.849   727.530   3.919   -154.849 [ 1  1  1]   0  0.285  0.019  0.003
  3  121 Heredity    [    12 24  ]  -154.994   570.666   4.996   -154.994 [ 1  1  1]   0  0.290  0.019  0.003
  3  122 Heredity    [    12 24  ]  -155.070   512.469   5.564   -155.070 [ 1  1  1]   0  0.271  0.024  0.005
  3  123 Heredity    [    12 24  ]  -154.965   636.431   4.480   -154.965 [ 1  1  1]   0  0.289  0.022  0.004
  3  124 Heredity    [    12 24  ]  -155.035   553.619   5.150   -155.035 [ 1  1  1]   0  0.261  0.020  0.004
  3  125 Heredity    [    12 24  ]  -154.956   667.703   4.270   -154.956 [ 1  1  1]   0  0.296  0.016  0.003
  3  126 Heredity    [    12 24  ]  -155.143   521.573   5.467   -155.143 [ 1  1  1]   0  0.262  0.024  0.005
  3  127 Heredity    [    12 24  ]  -154.886   644.890   4.421   -154.886 [ 1  1  1]   0  0.265  0.018  0.004
  3  128 Heredity    [    12 24  ]  -154.912   628.074   4.540   -154.912 [ 1  1  1]   0  0.272  0.018  0.004
  3  129 Heredity    [    12 24  ]  -155.116   529.769   5.382   -155.116 [ 1  1  1]   0  0.270  0.024  0.005
  3  130 Heredity    [    12 24  ]  -154.938   618.964   4.607   -154.938 [ 1  1  1]   0  0.258  0.016  0.003
  3  131 Heredity    [    12 24  ]  -155.077   630.377   4.523   -155.077 [ 1  1  1]   0  0.270  0.028  0.006
  3  132 Heredity    [    12 24  ]  -154.975   572.335   4.982   -154.975 [ 1  1  1]   0  0.277  0.017  0.003
  3  133 Heredity    [    12 24  ]  -154.877   592.709   4.811   -154.877 [ 1  1  1]   0  0.277  0.018  0.004
  3  134 Heredity    [    12 24  ]  -155.101   560.342   5.089   -155.101 [ 1  1  1]   0  0.282  0.023  0.004
  3  135 Heredity    [    12 24  ]  -154.950   614.104   4.643   -154.950 [ 1  1  1]   0  0.282  0.018  0.003
  3  136 Heredity    [    12 24  ]  -154.813   739.075   3.858   -154.813 [ 1  1  1]   0  0.302  0.019  0.003
  3  137 Heredity    [    12 24  ]  -154.955   756.948   3.767   -154.955 [ 1  1  1]   0  0.286  0.019  0.003
  3  138 Heredity    [    12 24  ]  -154.957   611.806   4.660   -154.957 [ 1  1  1]   0  0.273  0.018  0.003
  3  139 Heredity    [    12 24  ]  -155.100   542.812   5.253   -155.100 [ 1  1  1]   0  0.244  0.023  0.005
  3  140 Heredity    [    12 24  ]  -154.982   667.126   4.274   -154.982 [ 1  1  1]   0  0.278  0.022  0.005
  3  141 Heredity    [    12 24  ]  -155.092   551.036   5.174   -155.092 [ 1  1  1]   0  0.277  0.022  0.005
  3  142 Heredity    [    12 24  ]  -155.036   591.914   4.817   -155.036 [ 1  1  1]   0  0.262  0.024  0.005
  3  143 Heredity    [    12 24  ]  -155.320   441.964   6.451   -155.320 [ 1  1  1]   0  0.185  0.030  0.008
  3  144 Heredity    [    12 24  ]  -154.997   550.045   5.184   -154.997 [ 1  1  1]   0  0.292  0.018  0.003
  3  145 Heredity    [    12 24  ]  -155.028   562.576   5.068   -155.028 [ 1  1  1]   0  0.284  0.022  0.004
  3  146   Random    [    12 24  ]  -154.547   487.731   5.846   -154.547 [ 1  1  1]   0  0.109  0.018  0.006
  3  147   Random    [    12 24  ]  -153.974   451.840   6.310   -153.974 [ 1  1  1]   0  0.228  0.023  0.006
  3  148   Random    [    12 24  ]  -154.056   368.281   7.742   -154.056 [ 1  1  1]   0  0.148  0.023  0.007
  3  149   Random    [    12 24  ]  -151.219   369.699   7.713   -151.219 [ 1  1  1]   0  0.209  0.039  0.011
  3  150   Random    [    12 24  ]  -151.682   683.505   4.172   -151.682 [ 1  1  1]   0  0.184  0.032  0.008
  3  151 softmutate  [    12 24  ]  -154.912   795.993   3.582   -154.912 [ 1  1  1]   0  0.287  0.015  0.003
  3  152 softmutate  [    12 24  ]  -154.920   807.840   3.530   -154.920 [ 1  1  1]   0  0.280  0.015  0.003
  3  153 softmutate  [    12 24  ]  -154.942   657.881   4.334   -154.942 [ 1  1  1]   0  0.277  0.016  0.003
  3  154 softmutate  [    12 24  ]  -155.026   565.752   5.040   -155.026 [ 1  1  1]   0  0.232  0.019  0.004
  3  155 softmutate  [    12 24  ]  -154.859   812.272   3.510   -154.859 [ 1  1  1]   0  0.301  0.017  0.003
  3  156 softmutate  [    12 24  ]  -155.026   565.907   5.038   -155.026 [ 1  1  1]   0  0.233  0.019  0.004
  3  157 softmutate  [    12 24  ]  -155.060   549.856   5.186   -155.060 [ 1  1  1]   0  0.279  0.023  0.004
  3  158 softmutate  [    12 24  ]  -155.024   542.099   5.260   -155.024 [ 1  1  1]   0  0.210  0.019  0.005
  3  159 softmutate  [    12 24  ]  -154.567   813.547   3.505   -154.567 [ 1  1  1]   0  0.166  0.020  0.006
  3  160 softmutate  [    12 24  ]  -155.025   568.791   5.013   -155.025 [ 1  1  1]   0  0.234  0.019  0.004
  3  161 softmutate  [    12 24  ]  -155.025   563.944   5.056   -155.025 [ 1  1  1]   0  0.233  0.019  0.004
  3  162 softmutate  [    12 24  ]  -155.338   450.455   6.330   -155.338 [ 1  1  1]   0  0.179  0.030  0.008
  3  163 keptBest    [    12 24  ]  -155.342   461.242   6.182   -155.342 [ 1  1  1]   0  0.166  0.031  0.008
  3  164 keptBest    [    12 24  ]  -155.040   452.872   6.296   -155.040 [ 1  1  1]   0  0.139  0.019  0.006
  3  165 keptBest    [    12 24  ]  -155.027   527.879   5.401   -155.027 [ 1  1  1]   0  0.212  0.019  0.005
  3  166 keptBest    [    12 24  ]  -155.024   517.452   5.510   -155.024 [ 1  1  1]   0  0.194  0.019  0.004
  3  167 keptBest    [    12 24  ]  -154.955   739.370   3.856   -154.955 [ 1  1  1]   0  0.214  0.019  0.004
  3  168 keptBest    [    12 24  ]  -154.940   428.500   6.654   -154.940 [ 1  1  1]   0  0.063  0.020  0.007
  3  169 keptBest    [    12 24  ]  -154.931   804.674   3.543   -154.931 [ 1  1  1]   0  0.288  0.015  0.003
  3  170 keptBest    [    12 24  ]  -154.923   661.412   4.311   -154.923 [ 1  1  1]   0  0.253  0.021  0.004
