 ID    Origin    Enthalpy   Parent-E   Parent-ID
   1   Random      -4.301    -4.301  [         0]
   2   Random      -4.287    -4.287  [         0]
   3   Random      -4.299    -4.299  [         0]
   4   Random      -4.298    -4.298  [         0]
   5   Random      -4.292    -4.292  [         0]
   6   Random      -4.201    -4.201  [         0]
   7   Random      -4.222    -4.222  [         0]
   8   Random      -4.274    -4.274  [         0]
   9   Random      -4.302    -4.302  [         0]
  10   Random      -4.301    -4.301  [         0]
  11   Random      -4.164    -4.164  [         0]
  12   Random      -4.274    -4.274  [         0]
  13   Random      -4.297    -4.297  [         0]
  14   Random      -4.283    -4.283  [         0]
  15   Random      -4.291    -4.291  [         0]
  16   Random      -4.304    -4.304  [         0]
  17   Random      -4.209    -4.209  [         0]
  18   Random      -4.303    -4.303  [         0]
  19   Random      -4.174    -4.174  [         0]
  20   Random      -4.274    -4.274  [         0]
  21   Random      -4.281    -4.281  [         0]
  22   Random      -4.303    -4.303  [         0]
  23   Random      -4.306    -4.306  [         0]
  24   Random      -4.300    -4.300  [         0]
  25   Random      -4.287    -4.287  [         0]
  26   Random      -4.268    -4.268  [         0]
  27   Random      -4.274    -4.274  [         0]
  28   Random      -4.287    -4.287  [         0]
  29   Random      -4.292    -4.292  [         0]
  30   Random      -4.299    -4.299  [         0]
  31   Random      -4.289    -4.289  [         0]
  32   Random      -4.297    -4.297  [         0]
  33   Random      -4.278    -4.278  [         0]
  34   Random      -4.298    -4.298  [         0]
  35   Random      -4.301    -4.301  [         0]
  36   Random      -4.262    -4.262  [         0]
  37   Random      -4.301    -4.301  [         0]
  38   Random      -4.315    -4.315  [         0]
  39   Random      -4.302    -4.302  [         0]
  40   Random      -4.274    -4.274  [         0]
  41   Random      -4.298    -4.298  [         0]
  42   Random      -4.302    -4.302  [         0]
  43   Random      -4.303    -4.303  [         0]
  44   Random      -4.293    -4.293  [         0]
  45   Random      -4.304    -4.304  [         0]
  46   Random      -4.299    -4.299  [         0]
  47   Random      -4.277    -4.277  [         0]
  48   Random      -4.257    -4.257  [         0]
  49   Random      -4.293    -4.293  [         0]
  50   Random      -4.294    -4.294  [         0]
  51   Seeds       -4.292    [          ]
  52   Seeds       -4.297    [          ]
  53   Seeds       -4.287    [          ]
  54   Seeds       -4.300    [          ]
  55 Heredity      -4.303    -4.301  [    39  37]
  56 Heredity      -4.294    -4.300  [    39  41]
  57 Heredity      -4.302    -4.304  [    18  16]
  58 Heredity      -4.303    -4.302  [    43   1]
  59 Heredity      -4.302    -4.303  [    18  22]
  60 Heredity      -4.303    -4.303  [    45   1]
  61 Heredity      -4.301    -4.303  [    39  45]
  62 Heredity      -4.297    -4.301  [    18  41]
  63 Heredity      -4.303    -4.303  [    18  39]
  64 Heredity      -4.302    -4.300  [    37   3]
  65 Heredity      -4.303    -4.303  [    45   1]
  66 Heredity      -4.304    -4.302  [     1  42]
  67 Heredity      -4.304    -4.305  [    43  23]
  68 Heredity      -4.303    -4.303  [    16   9]
  69 Heredity      -4.305    -4.305  [    43  23]
  70 Heredity      -4.304    -4.305  [    23  43]
  71 Heredity      -4.302    -4.303  [    35  45]
  72 Heredity      -4.303    -4.303  [    43  22]
  73 Heredity      -4.307    -4.311  [    38  23]
  74 Heredity      -4.300    -4.301  [    35  37]
  75 Heredity      -4.302    -4.301  [    10  35]
  76 Heredity      -4.301    -4.302  [     1  42]
  77 Heredity      -4.303    -4.302  [    43   1]
  78 Heredity      -4.302    -4.301  [    10  39]
  79 Heredity      -4.304    -4.303  [    16  43]
  80   Random      -4.301    -4.301  [         0]
  81   Random      -4.292    -4.292  [         0]
  82   Random      -4.279    -4.279  [         0]
  83   Random      -4.300    -4.300  [         0]
  84   Random      -4.307    -4.307  [         0]
  85   Random      -4.306    -4.306  [         0]
  86   Random      -4.294    -4.294  [         0]
  87   Random      -4.289    -4.289  [         0]
  88 softmutate    -4.299    -4.299  [        30]
  89 softmutate    -4.297    -4.297  [        32]
  90 softmutate    -4.300    -4.300  [        24]
  91 softmutate    -4.306    -4.306  [        23]
  92 softmutate    -4.298    -4.298  [        34]
  93 softmutate    -4.301    -4.301  [        37]
  94 softmutate    -4.293    -4.303  [        22]
  95 softmutate    -4.315    -4.315  [        38]
  96 softmutate    -4.300    -4.303  [        43]
  97 softmutate    -4.294    -4.306  [        23]
  98 softmutate    -4.299    -4.299  [         3]
  99 softmutate    -4.299    -4.300  [        24]
 100 softmutate    -4.300    -4.306  [        23]
 101 softmutate    -4.289    -4.304  [        16]
 102 softmutate    -4.315    -4.315  [        38]
 103 softmutate    -4.315    -4.315  [        38]
 104 softmutate    -4.302    -4.302  [         9]
 105 keptBest      -4.315    -4.315  [        38]
 106 keptBest      -4.306    -4.306  [        23]
 107 keptBest      -4.304    -4.304  [        45]
 108 keptBest      -4.304    -4.304  [        16]
 109 keptBest      -4.303    -4.303  [        18]
 110 keptBest      -4.303    -4.303  [        43]
 111 keptBest      -4.302    -4.302  [        42]
 112 keptBest      -4.302    -4.302  [         9]
 113 Heredity      -4.310    -4.311  [   84  105]
 114 Heredity      -4.307    -4.309  [  102  111]
 115 Heredity      -4.304    -4.305  [    85  79]
 116 Heredity      -4.315    -4.315  [  105   95]
 117 Heredity      -4.303    -4.303  [  110   63]
 118 Heredity      -4.305    -4.311  [    73  95]
 119 Heredity      -4.313    -4.315  [  105  102]
 120 Heredity      -4.301    -4.305  [    73  79]
 121 Heredity      -4.305    -4.305  [    84  67]
 122 Heredity      -4.307    -4.310  [  105   70]
 123 Heredity      -4.305    -4.309  [  105   66]
 124 Heredity      -4.307    -4.306  [    85  84]
 125 Heredity      -4.304    -4.305  [    84  66]
 126 Heredity      -4.310    -4.311  [    84  95]
 127 Heredity      -4.302    -4.304  [  108   66]
 128 Heredity      -4.303    -4.305  [  108  106]
 129 Heredity      -4.309    -4.311  [   95  106]
 130 Heredity      -4.304    -4.305  [   91  110]
 131 Heredity      -4.308    -4.309  [  105   55]
 132 Heredity      -4.305    -4.305  [    84  70]
 133 Heredity      -4.302    -4.304  [   70  108]
 134 Heredity      -4.308    -4.309  [    79  95]
 135 Heredity      -4.304    -4.304  [    70  67]
 136 Heredity      -4.300    -4.304  [  109   69]
 137 Heredity      -4.304    -4.305  [   91  107]
 138 Heredity      -4.304    -4.305  [  106  110]
 139 Heredity      -4.308    -4.307  [    84  73]
 140 Heredity      -4.305    -4.309  [   77  102]
 141 Heredity      -4.308    -4.310  [  102   69]
 142 Heredity      -4.307    -4.306  [  108   73]
 143 Heredity      -4.314    -4.315  [   95  102]
 144 Heredity      -4.305    -4.305  [    91  67]
 145 Heredity      -4.306    -4.310  [    70  95]
 146   Random      -4.293    -4.293  [         0]
 147   Random      -4.277    -4.277  [         0]
 148   Random      -4.279    -4.279  [         0]
 149   Random      -4.201    -4.201  [         0]
 150   Random      -4.213    -4.213  [         0]
 151 softmutate    -4.303    -4.303  [        77]
 152 softmutate    -4.303    -4.303  [        77]
 153 softmutate    -4.304    -4.304  [        70]
 154 softmutate    -4.306    -4.306  [        91]
 155 softmutate    -4.302    -4.302  [        71]
 156 softmutate    -4.306    -4.306  [        91]
 157 softmutate    -4.307    -4.307  [        73]
 158 softmutate    -4.306    -4.306  [       106]
 159 softmutate    -4.294    -4.304  [       108]
 160 softmutate    -4.306    -4.306  [        91]
 161 softmutate    -4.306    -4.306  [        91]
 162 softmutate    -4.315    -4.315  [       102]
 163 keptBest      -4.315    -4.315  [        95]
 164 keptBest      -4.307    -4.307  [        84]
 165 keptBest      -4.306    -4.306  [       106]
 166 keptBest      -4.306    -4.306  [        85]
 167 keptBest      -4.304    -4.304  [       107]
 168 keptBest      -4.304    -4.304  [       108]
 169 keptBest      -4.304    -4.304  [        66]
 170 keptBest      -4.303    -4.303  [       109]
