-100.87911949533664
-101.31546189106041
-99.41860397596284
-96.50323496764278
-96.77683792060185
-100.39447824187754
-99.0973188752728
-99.01638047295378
-100.56374331701637
-100.31931761219369
-96.60127814898479
-96.64530302007677
-101.8577186530811
-98.92255813093067
-100.7608319911643
-101.14415533372872
-100.55659168185883
-100.20779422680647
-100.4420837394545
-97.51747530592843
-99.35677028830695
-99.40921737689614
-99.4757314048148
-100.45015767598078
-100.81736548291778
-98.54223084491927
-100.71018487374963
-93.24502534616187
-100.52573453506682
-98.51075695000424
-98.3668982319501
-99.54735151447187
-98.50026185449713
-98.07103334940552
-99.81890974773908
-99.0984355225744
-99.90333210722972
-98.74362623358557
-100.74237961248394
-99.56139849696692
-99.92689248929253
-98.03336857810058
-99.00063551610168
-99.9011034324857
-98.99993299610298
-100.65619207293756
-95.85210000590914
-101.36869085777126
-102.51028237592114
-98.0744761603247
-94.13495050123927
-94.87328396715387
-98.31932243232836
-95.63314346735503
-95.24112944150022
-100.89603650264567
-99.11138972255638
-101.97751577512969
-99.91818374168898
-101.75347468899419
-100.00945473650599
-100.2615135141073
-100.00164148926274
-100.01097690397319
-100.40500973745173
-101.42047598191184
-100.77955768797428
-101.58814544826257
-100.27213275758047
-100.96650978970553
-99.68972965241116
-100.50057448655286
-100.4561121398499
-101.39408116683444
-101.04096445276016
-99.64541791900788
-100.056492632615
-99.93407649357373
-101.01613547471392
-100.77443022548104
-100.59085331774239
-99.94264235165598
-99.90378869253084
-99.12070603098005
-101.66094999808055
-100.58295189102874
-98.53634923454494
-101.01714416943548
-101.3669077731021
-98.04598988615346
-100.4480069003315
-101.18919815316518
-103.23803762098652
-100.8986641905831
-97.25025015089835
-100.88351897451744
-100.73148918156858
-100.69325609360504
-100.68334327885816
-102.51710028920381
-98.8667156230358
-99.55495654309709
-101.85075606489877
-99.24431689300663
-101.16213746357523
-101.14056177224255
-100.85754783215758
-101.83089449033537
-99.36985895020959
-100.01053075716413
-101.35393115563528
-101.15851461065942
-100.13830232596567
-102.0075172821487
-101.76777459176236
-101.56133915294147
-100.73881321112549
-99.40820924870982
-100.10116951270349
-100.99239913550414
-100.33024329575082
-100.9139265599758
-99.54304344834085
-102.33219630546907
-100.69167812983855
-100.38323016183148
-101.44930352659475
-100.92625804135145
-100.69390915757717
-101.26870137149501
-101.98633523327118
-100.2527335894376
-99.81641737675096
-96.30803514331218
-100.1448627017608
-97.79615911131131
-99.62475931663548
-103.30906311574026
-100.76754431499529
-101.41254501549281
-101.97565295838572
-101.40041674410867
-101.96078708252475
-101.74360574874495
-99.67017276641306
-98.91526057829901
-100.23160733710057
-103.35185117902623
-99.9187561335786
-101.8596075609692
-101.56406749234505
-100.65542788862034
-101.57801858383058
-101.83847398372399
-100.80370757281526
