-253.134
-253.181
-252.966
-253.101
-253.131
-253.105
-253.068
-252.552
-252.823
-253.174
-253.007
-252.817
-253.062
-253.011
-252.833
-252.877
-253.148
-253.229
-252.710
-253.049
-253.111
-253.154
-253.138
-253.140
-252.875
-252.998
-253.247
-253.007
-253.075
-253.218
-253.112
-253.052
-253.012
-253.119
-253.151
-252.933
-253.051
-252.310
-252.935
-253.069
-253.294
-253.273
-252.899
-253.052
-253.244
-253.089
-253.018
-253.119
-253.179
-252.789
-253.008
-253.161
-252.900
-252.947
-253.166
-253.246
-252.982
-252.965
-253.019
-253.149
-253.185
-252.936
-253.134
-253.057
-253.186
-253.138
-252.314
-253.200
-252.796
-253.061
-253.098
-253.155
-253.101
-253.229
-253.165
-253.012
-252.967
-252.610
-253.092
-252.987
-252.961
-253.107
-253.090
-253.041
-253.167
-253.160
-253.234
-253.202
-253.294
-253.273
-253.247
-253.229
-253.043
-253.037
-253.116
-253.120
-253.042
-253.179
-252.967
-253.050
-253.110
-253.073
-252.891
-252.913
-253.062
-253.055
-252.896
-253.118
-253.115
-252.771
-253.134
-253.141
-252.984
-253.170
-253.050
-253.025
-252.760
-253.063
-253.089
-253.047
-253.194
-252.920
-253.199
-253.186
-253.140
-253.077
-253.165
-253.114
-252.907
-252.747
-252.901
-253.150
-253.227
-253.215
-253.235
-253.227
-253.294
-253.273
-253.246
-253.244
