  ID   Compositions    Enthalpies    Volumes    fitness  SYMM
                       (eV/atom)    (A^3/atom)    ()         
  41  [    19 40  ]     -4.2931     19.6741   -253.2936     0
  42  [    19 40  ]     -4.2928     19.1770   -253.2731     0
  27  [    19 40  ]     -4.2923     26.3057   -253.2470     0
  56  [    19 40  ]     -4.2923     26.3057   -253.2458     0
  45  [    19 40  ]     -4.2923     26.3057   -253.2438     0
 135  [    19 40  ]     -4.2921     26.3057   -253.2355     0
  87  [    19 40  ]     -4.2921     26.3057   -253.2342     0
  18  [    19 40  ]     -4.2920     26.3057   -253.2288     0
 136  [    19 40  ]     -4.2920     26.3057   -253.2271     0
 133  [    19 40  ]     -4.2920     26.3057   -253.2268     0
  30  [    19 40  ]     -4.2918     26.3057   -253.2180     0
 134  [    19 40  ]     -4.2918     26.3057   -253.2153     0
  88  [    19 40  ]     -4.2916     26.3057   -253.2020     0
  68  [    19 40  ]     -4.2915     26.3057   -253.1996     0
 123  [    19 40  ]     -4.2915     26.3057   -253.1989     0
 121  [    19 40  ]     -4.2914     26.3057   -253.1936     0
  65  [    19 40  ]     -4.2913     26.3057   -253.1864     0
  61  [    19 40  ]     -4.2913     26.3057   -253.1850     0
   2  [    19 40  ]     -4.2912     26.3057   -253.1813     0
  49  [    19 40  ]     -4.2912     26.3057   -253.1791     0
