Gen   ID    Origin   Composition    Enthalpy   Volume  Density   Fitness   KPOINTS  SYMM  Q_entr A_order S_order
                                      (eV)     (A^3)  (g/cm^3)
  1    1   Random    [    19 40  ]  -253.134  1552.036   3.045   -253.134 [ 1  1  1]   0  0.179  0.192  2.805
  1    2   Random    [    19 40  ]  -253.181  1552.036   3.045   -253.181 [ 1  1  1]   0  0.142  0.193  3.129
  1    3   Random    [    19 40  ]  -252.966  1552.036   3.045   -252.966 [ 1  1  1]   0  0.063  0.193  4.351
  1    4   Random    [    19 40  ]  -253.101  1552.036   3.045   -253.101 [ 1  1  1]   0  0.152  0.192  3.005
  1    5   Random    [    19 40  ]  -253.131  1552.036   3.045   -253.131 [ 1  1  1]   0  0.101  0.192  3.470
  1    6   Random    [    19 40  ]  -253.105  1552.036   3.045   -253.105 [ 1  1  1]   0  0.257  0.191  2.689
  1    7   Random    [    19 40  ]  -253.068  1552.036   3.045   -253.068 [ 1  1  1]   0  0.168  0.191  2.664
  1    8   Random    [    19 40  ]  -252.552  1552.036   3.045   -252.552 [ 1  1  1]   0  0.283  0.192  2.484
  1    9   Random    [    19 40  ]  -252.823  1552.036   3.045   -252.823 [ 1  1  1]   0  0.218  0.193  2.998
  1   10   Random    [    19 40  ]  -253.174  1552.036   3.045   -253.174 [ 1  1  1]   0  0.145  0.191  2.853
  1   11   Random    [    19 40  ]  -253.007  1552.036   3.045   -253.007 [ 1  1  1]   0  0.158  0.191  2.912
  1   12   Random    [    19 40  ]  -252.817  1552.036   3.045   -252.817 [ 1  1  1]   0  0.235  0.191  3.017
  1   13   Random    [    19 40  ]  -253.062  1552.036   3.045   -253.062 [ 1  1  1]   0  0.113  0.192  2.493
  1   14   Random    [    19 40  ]  -253.011  1552.036   3.045   -253.011 [ 1  1  1]   0  0.173  0.192  2.970
  1   15   Random    [    19 40  ]  -252.833  1552.036   3.045   -252.833 [ 1  1  1]   0  0.210  0.192  3.723
  1   16   Random    [    19 40  ]  -252.877  1552.036   3.045   -252.877 [ 1  1  1]   0  0.216  0.192  2.329
  1   17   Random    [    19 40  ]  -253.148  1552.036   3.045   -253.148 [ 1  1  1]   0  0.168  0.191  2.239
  1   18   Random    [    19 40  ]  -253.229  1552.036   3.045   -253.229 [ 1  1  1]   0  0.153  0.192  2.349
  1   19   Random    [    19 40  ]  -252.710  1552.036   3.045   -252.710 [ 1  1  1]   0  0.261  0.192  2.329
  1   20   Random    [    19 40  ]  -253.049  1552.036   3.045   -253.049 [ 1  1  1]   0  0.131  0.191  2.379
  1   21   Random    [    19 40  ]  -253.111  1552.036   3.045   -253.111 [ 1  1  1]   0  0.052  0.192  3.745
  1   22   Random    [    19 40  ]  -253.154  1552.036   3.045   -253.154 [ 1  1  1]   0  0.170  0.192  2.670
  1   23   Random    [    19 40  ]  -253.138  1552.036   3.045   -253.138 [ 1  1  1]   0  0.132  0.192  2.671
  1   24   Random    [    19 40  ]  -253.140  1552.036   3.045   -253.140 [ 1  1  1]   0  0.161  0.192  3.033
  1   25   Random    [    19 40  ]  -252.875  1552.036   3.045   -252.875 [ 1  1  1]   0  0.256  0.192  2.620
  1   26   Random    [    19 40  ]  -252.998  1552.036   3.045   -252.998 [ 1  1  1]   0  0.243  0.192  3.077
  1   27   Random    [    19 40  ]  -253.247  1552.036   3.045   -253.247 [ 1  1  1]   0  0.045  0.192  3.678
  1   28   Random    [    19 40  ]  -253.007  1552.036   3.045   -253.007 [ 1  1  1]   0  0.241  0.192  2.444
  1   29   Random    [    19 40  ]  -253.075  1552.036   3.045   -253.075 [ 1  1  1]   0  0.198  0.192  3.350
  1   30   Random    [    19 40  ]  -253.218  1552.036   3.045   -253.218 [ 1  1  1]   0  0.173  0.192  2.623
  1   31   Random    [    19 40  ]  -253.112  1552.036   3.045   -253.112 [ 1  1  1]   0  0.163  0.192  2.315
  1   32   Random    [    19 40  ]  -253.052  1552.036   3.045   -253.052 [ 1  1  1]   0  0.139  0.192  2.162
  1   33   Random    [    19 40  ]  -253.012  1552.036   3.045   -253.012 [ 1  1  1]   0  0.226  0.192  2.031
  1   34   Random    [    19 40  ]  -253.119  1552.036   3.045   -253.119 [ 1  1  1]   0  0.193  0.192  2.210
  1   35   Random    [    19 40  ]  -253.151  1552.036   3.045   -253.151 [ 1  1  1]   0  0.220  0.191  1.873
  1   36   Random    [    19 40  ]  -252.933  1552.036   3.045   -252.933 [ 1  1  1]   0  0.177  0.193  3.553
  1   37   Random    [    19 40  ]  -253.051  1552.036   3.045   -253.051 [ 1  1  1]   0  0.104  0.191  3.086
  1   38   Random    [    19 40  ]  -252.310  1552.036   3.045   -252.310 [ 1  1  1]   0  0.197  0.192  4.735
  1   39   Random    [    19 40  ]  -252.935  1552.036   3.045   -252.935 [ 1  1  1]   0  0.202  0.191  3.196
  1   40   Random    [    19 40  ]  -253.069  1552.036   3.045   -253.069 [ 1  1  1]   0  0.132  0.192  2.839
  1   41   Seeds     [    19 40  ]  -253.294  1160.774   4.071   -253.294 [ 1  1  1]   0  0.085  0.192 25.417
  1   42   Seeds     [    19 40  ]  -253.273  1131.441   4.177   -253.273 [ 1  1  1]   0  0.085  0.192 47.599
  1   43   Seeds     [    19 40  ]  -252.899  1720.104   2.747   -252.899 [ 1  1  1]   0  0.175  0.191  7.819
  1   44   Seeds     [    19 40  ]  -253.052  1566.548   3.017   -253.052 [ 1  1  1]   0  0.148  0.192  2.287
  2   45 Heredity    [    19 40  ]  -253.244  1552.036   3.045   -253.244 [ 1  1  1]   0  0.177  0.192  2.063
  2   46 Heredity    [    19 40  ]  -253.089  1552.036   3.045   -253.089 [ 1  1  1]   0  0.176  0.192  1.855
  2   47 Heredity    [    19 40  ]  -253.018  1552.036   3.045   -253.018 [ 1  1  1]   0  0.266  0.192  2.540
  2   48 Heredity    [    19 40  ]  -253.119  1552.036   3.045   -253.119 [ 1  1  1]   0  0.204  0.192  2.432
  2   49 Heredity    [    19 40  ]  -253.179  1552.036   3.045   -253.179 [ 1  1  1]   0  0.190  0.192  2.250
  2   50 Heredity    [    19 40  ]  -252.789  1552.036   3.045   -252.789 [ 1  1  1]   0  0.236  0.192  2.086
  2   51 Heredity    [    19 40  ]  -253.008  1552.036   3.045   -253.008 [ 1  1  1]   0  0.210  0.192  2.527
  2   52 Heredity    [    19 40  ]  -253.161  1552.036   3.045   -253.161 [ 1  1  1]   0  0.203  0.192  1.859
  2   53 Heredity    [    19 40  ]  -252.900  1552.036   3.045   -252.900 [ 1  1  1]   0  0.241  0.192  2.929
  2   54 Heredity    [    19 40  ]  -252.947  1552.036   3.045   -252.947 [ 1  1  1]   0  0.269  0.191  1.906
  2   55 Heredity    [    19 40  ]  -253.166  1552.036   3.045   -253.166 [ 1  1  1]   0  0.180  0.192  1.783
  2   56 Heredity    [    19 40  ]  -253.246  1552.036   3.045   -253.246 [ 1  1  1]   0  0.155  0.192  2.536
  2   57 Heredity    [    19 40  ]  -252.982  1552.036   3.045   -252.982 [ 1  1  1]   0  0.256  0.192  2.083
  2   58 Heredity    [    19 40  ]  -252.965  1552.036   3.045   -252.965 [ 1  1  1]   0  0.233  0.192  2.619
  2   59 Heredity    [    19 40  ]  -253.019  1552.036   3.045   -253.019 [ 1  1  1]   0  0.246  0.192  2.097
  2   60 Heredity    [    19 40  ]  -253.149  1552.036   3.045   -253.149 [ 1  1  1]   0  0.217  0.192  1.867
  2   61 Heredity    [    19 40  ]  -253.185  1552.036   3.045   -253.185 [ 1  1  1]   0  0.192  0.192  1.946
  2   62 Heredity    [    19 40  ]  -252.936  1552.036   3.045   -252.936 [ 1  1  1]   0  0.205  0.192  2.293
  2   63 Heredity    [    19 40  ]  -253.134  1552.036   3.045   -253.134 [ 1  1  1]   0  0.196  0.192  2.343
  2   64 Heredity    [    19 40  ]  -253.057  1552.036   3.045   -253.057 [ 1  1  1]   0  0.239  0.192  2.318
  2   65   Random    [    19 40  ]  -253.186  1552.036   3.045   -253.186 [ 1  1  1]   0  0.176  0.192  2.747
  2   66   Random    [    19 40  ]  -253.138  1552.036   3.045   -253.138 [ 1  1  1]   0  0.178  0.192  1.925
  2   67   Random    [    19 40  ]  -252.314  1552.036   3.045   -252.314 [ 1  1  1]   0  0.239  0.192  2.833
  2   68   Random    [    19 40  ]  -253.200  1552.036   3.045   -253.200 [ 1  1  1]   0  0.195  0.192  2.038
  2   69   Random    [    19 40  ]  -252.796  1552.036   3.045   -252.796 [ 1  1  1]   0  0.240  0.192  2.716
  2   70   Random    [    19 40  ]  -253.061  1552.036   3.045   -253.061 [ 1  1  1]   0  0.094  0.192  2.695
  2   71   Random    [    19 40  ]  -253.098  1552.036   3.045   -253.098 [ 1  1  1]   0  0.170  0.192  2.817
  2   72   Random    [    19 40  ]  -253.155  1552.036   3.045   -253.155 [ 1  1  1]   0  0.139  0.191  3.272
  2   73 Permutate   [    19 40  ]  -253.101  1552.036   3.045   -253.100 [ 1  1  1]   0  0.152  0.192  3.005
  2   74 Permutate   [    19 40  ]  -253.229  1552.036   3.045   -253.227 [ 1  1  1]   0  0.153  0.192  2.349
  2   75 Permutate   [    19 40  ]  -253.165  1552.036   3.045   -253.165 [ 1  1  1]   0  0.187  0.191  2.069
  2   76 Permutate   [    19 40  ]  -253.012  1552.036   3.045   -253.012 [ 1  1  1]   0  0.181  0.192  1.961
  2   77 softmutate  [    19 40  ]  -252.967  1552.036   3.045   -252.967 [ 1  1  1]   0  0.165  0.192  1.932
  2   78 softmutate  [    19 40  ]  -252.610  1538.168   3.072   -252.610 [ 1  1  1]   0  0.223  0.192  8.110
  2   79 softmutate  [    19 40  ]  -253.092  1552.036   3.045   -253.092 [ 1  1  1]   0  0.229  0.192  2.619
  2   80 softmutate  [    19 40  ]  -252.987  1552.036   3.045   -252.987 [ 1  1  1]   0  0.119  0.192 15.260
  2   81 softmutate  [    19 40  ]  -252.961  1212.375   3.898   -252.961 [ 1  1  1]   0  0.070  0.192  6.802
  2   82 CoorMutate  [    19 40  ]  -253.107  1552.036   3.045   -253.107 [ 1  1  1]   0  0.196  0.191  1.941
  2   83 softmutate  [    19 40  ]  -253.090  1552.036   3.045   -253.090 [ 1  1  1]   0  0.162  0.191  2.631
  2   84 softmutate  [    19 40  ]  -253.041  1552.036   3.045   -253.041 [ 1  1  1]   0  0.123  0.192  3.070
  2   85 Transmutate [    19 40  ]  -253.167  1552.036   3.045   -253.167 [ 1  1  1]   0  0.147  0.192  2.209
  2   86 Transmutate [    19 40  ]  -253.160  1552.036   3.045   -253.160 [ 1  1  1]   0  0.139  0.192  2.734
  2   87 Transmutate [    19 40  ]  -253.234  1552.036   3.045   -253.234 [ 1  1  1]   0  0.179  0.192  2.436
  2   88 Transmutate [    19 40  ]  -253.202  1552.036   3.045   -253.202 [ 1  1  1]   0  0.200  0.192  2.108
  2   89 keptBest    [    19 40  ]  -253.294  1160.774   4.071   -253.292 [ 1  1  1]   0  0.085  0.192 25.417
  2   90 keptBest    [    19 40  ]  -253.273  1131.441   4.177   -253.272 [ 1  1  1]   0  0.085  0.192 47.599
  2   91 keptBest    [    19 40  ]  -253.247  1552.036   3.045   -253.246 [ 1  1  1]   0  0.045  0.192  3.678
  2   92 keptBest    [    19 40  ]  -253.229  1552.036   3.045   -253.227 [ 1  1  1]   0  0.153  0.192  2.349
  3   93 Heredity    [    19 40  ]  -253.043  1552.036   3.045   -253.043 [ 1  1  1]   0  0.214  0.191  1.838
  3   94 Heredity    [    19 40  ]  -253.037  1552.036   3.045   -253.037 [ 1  1  1]   0  0.258  0.192  2.101
  3   95 Heredity    [    19 40  ]  -253.116  1552.036   3.045   -253.116 [ 1  1  1]   0  0.176  0.192  1.859
  3   96 Heredity    [    19 40  ]  -253.120  1552.036   3.045   -253.120 [ 1  1  1]   0  0.183  0.192  1.814
  3   97 Heredity    [    19 40  ]  -253.042  1552.036   3.045   -253.042 [ 1  1  1]   0  0.233  0.192  1.999
  3   98 Heredity    [    19 40  ]  -253.179  1552.036   3.045   -253.179 [ 1  1  1]   0  0.199  0.192  1.800
  3   99 Heredity    [    19 40  ]  -252.967  1552.036   3.045   -252.967 [ 1  1  1]   0  0.267  0.191  2.300
  3  100 Heredity    [    19 40  ]  -253.050  1552.036   3.045   -253.050 [ 1  1  1]   0  0.196  0.192  1.975
  3  101 Heredity    [    19 40  ]  -253.110  1552.036   3.045   -253.110 [ 1  1  1]   0  0.213  0.192  1.854
  3  102 Heredity    [    19 40  ]  -253.073  1552.036   3.045   -253.073 [ 1  1  1]   0  0.258  0.192  2.051
  3  103 Heredity    [    19 40  ]  -252.891  1552.036   3.045   -252.891 [ 1  1  1]   0  0.248  0.192  2.251
  3  104 Heredity    [    19 40  ]  -252.913  1552.036   3.045   -252.913 [ 1  1  1]   0  0.182  0.192  1.802
  3  105 Heredity    [    19 40  ]  -253.062  1552.036   3.045   -253.062 [ 1  1  1]   0  0.193  0.192  2.196
  3  106 Heredity    [    19 40  ]  -253.055  1552.036   3.045   -253.055 [ 1  1  1]   0  0.217  0.192  2.065
  3  107 Heredity    [    19 40  ]  -252.896  1552.036   3.045   -252.896 [ 1  1  1]   0  0.208  0.191  2.129
  3  108 Heredity    [    19 40  ]  -253.118  1552.036   3.045   -253.118 [ 1  1  1]   0  0.225  0.192  2.562
  3  109 Heredity    [    19 40  ]  -253.115  1552.036   3.045   -253.115 [ 1  1  1]   0  0.227  0.192  2.087
  3  110 Heredity    [    19 40  ]  -252.771  1552.036   3.045   -252.771 [ 1  1  1]   0  0.284  0.192  2.070
  3  111 Heredity    [    19 40  ]  -253.134  1552.036   3.045   -253.134 [ 1  1  1]   0  0.208  0.192  1.918
  3  112 Heredity    [    19 40  ]  -253.141  1552.036   3.045   -253.141 [ 1  1  1]   0  0.191  0.192  2.012
  3  113   Random    [    19 40  ]  -252.984  1552.036   3.045   -252.984 [ 1  1  1]   0  0.166  0.192  2.509
  3  114   Random    [    19 40  ]  -253.170  1552.036   3.045   -253.170 [ 1  1  1]   0  0.146  0.192  4.564
  3  115   Random    [    19 40  ]  -253.050  1552.036   3.045   -253.050 [ 1  1  1]   0  0.124  0.192  2.850
  3  116   Random    [    19 40  ]  -253.025  1552.036   3.045   -253.025 [ 1  1  1]   0  0.144  0.193  2.311
  3  117   Random    [    19 40  ]  -252.760  1552.036   3.045   -252.760 [ 1  1  1]   0  0.229  0.192  3.539
  3  118   Random    [    19 40  ]  -253.063  1552.036   3.045   -253.063 [ 1  1  1]   0  0.203  0.192  1.867
  3  119   Random    [    19 40  ]  -253.089  1552.036   3.045   -253.089 [ 1  1  1]   0  0.085  0.193  2.813
  3  120   Random    [    19 40  ]  -253.047  1552.036   3.045   -253.047 [ 1  1  1]   0  0.189  0.191  2.309
  3  121 Permutate   [    19 40  ]  -253.194  1552.036   3.045   -253.194 [ 1  1  1]   0  0.156  0.192  2.777
  3  122 Permutate   [    19 40  ]  -252.920  1212.375   3.898   -252.917 [ 1  1  1]   0  0.085  0.192 47.616
  3  123 Permutate   [    19 40  ]  -253.199  1552.036   3.045   -253.199 [ 1  1  1]   0  0.208  0.192  1.855
  3  124 Permutate   [    19 40  ]  -253.186  1552.036   3.045   -253.185 [ 1  1  1]   0  0.176  0.192  2.747
  3  125 softmutate  [    19 40  ]  -253.140  1552.036   3.045   -253.140 [ 1  1  1]   0  0.196  0.192  1.753
  3  126 softmutate  [    19 40  ]  -253.077  1552.036   3.045   -253.077 [ 1  1  1]   0  0.218  0.192  1.917
  3  127 softmutate  [    19 40  ]  -253.165  1552.036   3.045   -253.165 [ 1  1  1]   0  0.118  0.192  2.209
  3  128 softmutate  [    19 40  ]  -253.114  1552.036   3.045   -253.114 [ 1  1  1]   0  0.152  0.191  1.822
  3  129 softmutate  [    19 40  ]  -252.907  1552.036   3.045   -252.907 [ 1  1  1]   0  0.251  0.191  1.985
  3  130 softmutate  [    19 40  ]  -252.747  1552.036   3.045   -252.747 [ 1  1  1]   0  0.273  0.192  2.007
  3  131 softmutate  [    19 40  ]  -252.901  1212.375   3.898   -252.901 [ 1  1  1]   0  0.084  0.192 47.340
  3  132 softmutate  [    19 40  ]  -253.150  1552.036   3.045   -253.150 [ 1  1  1]   0  0.188  0.191  2.077
  3  133 Transmutate [    19 40  ]  -253.227  1552.036   3.045   -253.227 [ 1  1  1]   0  0.179  0.192  2.057
  3  134 Transmutate [    19 40  ]  -253.215  1552.036   3.045   -253.215 [ 1  1  1]   0  0.181  0.192  1.781
  3  135 Transmutate [    19 40  ]  -253.235  1552.036   3.045   -253.235 [ 1  1  1]   0  0.211  0.192  2.154
  3  136 Transmutate [    19 40  ]  -253.227  1552.036   3.045   -253.227 [ 1  1  1]   0  0.186  0.192  2.007
  3  137 keptBest    [    19 40  ]  -253.294  1160.774   4.071   -253.291 [ 1  1  1]   0  0.085  0.192 25.417
  3  138 keptBest    [    19 40  ]  -253.273  1131.441   4.177   -253.271 [ 1  1  1]   0  0.085  0.192 47.599
  3  139 keptBest    [    19 40  ]  -253.246  1552.036   3.045   -253.245 [ 1  1  1]   0  0.155  0.192  2.536
  3  140 keptBest    [    19 40  ]  -253.244  1552.036   3.045   -253.243 [ 1  1  1]   0  0.177  0.192  2.063
