-234.64368825800355
-254.1875356337374
-247.83838834212523
-234.02248612106612
-227.94981948311863
-247.7432723836704
-245.17924591252154
-234.6495178640236
-229.43931447447173
-260.99928421354724
-196.45120065725115
-241.57057650875748
-258.1998658926203
-257.18862226566847
-221.30537029653408
-242.22165262981463
-238.76961979286904
-247.62756668116413
-231.6571451526737
-245.57796164683668
-243.6801102057562
-259.6195606632176
-231.1499152036422
-226.70053353277922
-243.18030466509168
-238.1914622609076
-255.91419116641507
-253.49467962826554
-260.0808096179114
-259.857691728042
-253.42903202532153
-256.7289677292411
-255.5609621373981
-240.51280160849458
-238.54658346345298
-249.91956959584545
-251.2522770892586
-258.5130396977364
-225.27125999490192
-244.05539876431047
-243.46980759727646
-258.34340361241516
-255.20990716667305
-242.93297633635365
-241.86327749229957
-259.75388288024465
-260.1578480824617
-256.6314081133935
-251.39021748740487
-241.39841613494207
-249.14312633891635
-223.51174548001444
-239.73688274636424
-253.7905551960016
-261.09659877141087
-255.12913403200466
-253.3604506263658
-256.4170309889035
-257.96583715094584
-257.27394857235487
-253.96986499453254
-239.07867509559213
-251.15201556296836
-211.0700246624
-250.5505805563136
-257.7879075388073
-250.5769862301351
-252.67129210016145
-261.79310974523673
-259.0910737842308
-255.5609621373981
-258.9900925911844
-259.98299707376646
-246.56495539953718
-220.34035557702953
-254.82731533463266
-247.37162302478058
-246.5734654069273
-249.08943522443602
-248.8719314875699
-257.3679582631765
-257.9616445664797
-252.03384843904254
-259.402638686659
-226.9248166832745
-252.2129962953989
-239.89906459018584
-255.94509443478563
-252.4669823367086
-259.02380238386894
-250.49198481725165
-254.44792630095807
-234.93475115053886
-254.61592496658864
-241.3086192114247
-253.92668248011313
-259.1348356127937
-249.46191411834286
-238.63299186310113
-258.5464189585489
-254.73593059560824
-248.76638166439415
-257.72174015181406
-257.4891161191377
-232.10185911311467
-249.47928766534298
-258.93569854207493
-253.98306076153506
-255.91818828638077
-232.55160578557897
-260.1133936373367
-258.2879934083889
-256.4170309889035
-260.4284194819654
-253.7905551960016
-257.3679582631765
-254.84540892408393
-259.6974825464132
-249.84349600474533
-252.8199453060981
-259.0456123949857
-253.51424863899518
-257.2251847031608
-256.09692271007106
-258.5588572683939
-257.4083532674327
-257.9461038181427
-259.65050333368606
