-247.867
-247.829
-247.981
-247.805
-247.742
-247.926
-247.678
-247.911
-247.953
-247.870
-247.771
-247.906
-247.844
-248.036
-248.038
-247.788
-247.739
-247.852
-248.015
-247.114
-247.734
-247.751
-247.763
-247.707
-247.940
-247.680
-247.868
-247.898
-247.801
-247.954
-247.496
-247.635
-247.685
-247.871
-247.893
-247.924
-247.679
-247.901
-247.680
-247.920
-243.390
-248.277
-248.060
-247.815
-247.924
-247.798
-247.933
-247.820
-247.815
-247.901
-247.780
-247.919
-247.893
-247.964
-247.938
-247.898
-247.965
-247.938
-247.941
-247.964
-247.975
-247.921
-247.824
-247.766
-247.775
-247.812
-247.882
-247.825
-247.918
-247.814
-247.780
-247.059
-247.870
-247.987
-247.834
-247.828
-247.897
-247.945
-248.011
-247.732
-247.627
-247.712
-247.784
-247.813
-247.969
-247.896
-245.370
-245.362
-248.277
-248.060
-248.038
-248.036
-247.817
-247.990
-247.714
-247.915
-247.871
-247.876
-247.873
-247.967
-247.909
-247.776
-247.905
-247.868
-247.847
-247.744
-247.968
-247.958
-247.876
-247.939
-247.854
-247.883
-247.916
-247.756
-247.977
-247.667
-247.999
-247.796
-248.013
-247.783
-247.975
-247.919
-247.938
-247.953
-247.865
-247.758
-247.953
-247.656
-247.868
-247.927
-247.871
-247.923
-247.956
-247.873
-247.979
-247.905
-248.277
-248.060
-248.038
-248.036
