  ID   Compositions    Enthalpies    Volumes    fitness  SYMM
                       (eV/atom)    (A^3/atom)    ()         
  42  [    18 40  ]     -4.2806     14.7247   -248.2772     0
  43  [    18 40  ]     -4.2769     20.4421   -248.0602     0
  15  [    18 40  ]     -4.2765     26.7592   -248.0379     0
  14  [    18 40  ]     -4.2765     26.7592   -248.0356     0
  19  [    18 40  ]     -4.2761     26.7592   -248.0148     0
 119  [    18 40  ]     -4.2761     26.7592   -248.0127     0
  79  [    18 40  ]     -4.2761     26.7592   -248.0112     0
 117  [    18 40  ]     -4.2758     26.7592   -247.9987     0
  94  [    18 40  ]     -4.2757     26.7592   -247.9903     0
  74  [    18 40  ]     -4.2756     26.7592   -247.9870     0
   3  [    18 40  ]     -4.2755     26.7592   -247.9808     0
 135  [    18 40  ]     -4.2755     26.7592   -247.9794     0
 115  [    18 40  ]     -4.2755     26.7592   -247.9770     0
  61  [    18 40  ]     -4.2754     26.7592   -247.9754     0
  85  [    18 40  ]     -4.2753     26.7592   -247.9694     0
 107  [    18 40  ]     -4.2753     26.7592   -247.9675     0
 100  [    18 40  ]     -4.2753     26.7592   -247.9673     0
  57  [    18 40  ]     -4.2753     26.7592   -247.9652     0
  54  [    18 40  ]     -4.2752     26.7592   -247.9641     0
  60  [    18 40  ]     -4.2752     26.7592   -247.9635     0
