Gen   ID    Origin   Composition    Enthalpy   Volume  Density   Fitness   KPOINTS  SYMM  Q_entr A_order S_order
                                      (eV)     (A^3)  (g/cm^3)
  1    1   Random    [    18 40  ]  -247.867  1552.036   3.028   -247.867 [ 1  1  1]   0  0.156  0.178  3.426
  1    2   Random    [    18 40  ]  -247.829  1552.036   3.028   -247.829 [ 1  1  1]   0  0.117  0.177  2.299
  1    3   Random    [    18 40  ]  -247.981  1552.036   3.028   -247.981 [ 1  1  1]   0  0.141  0.177  4.419
  1    4   Random    [    18 40  ]  -247.805  1552.036   3.028   -247.805 [ 1  1  1]   0  0.183  0.178  3.090
  1    5   Random    [    18 40  ]  -247.742  1552.036   3.028   -247.742 [ 1  1  1]   0  0.067  0.178  4.837
  1    6   Random    [    18 40  ]  -247.926  1552.036   3.028   -247.926 [ 1  1  1]   0  0.166  0.177  2.820
  1    7   Random    [    18 40  ]  -247.678  1552.036   3.028   -247.678 [ 1  1  1]   0  0.193  0.177  2.450
  1    8   Random    [    18 40  ]  -247.911  1552.036   3.028   -247.911 [ 1  1  1]   0  0.202  0.178  5.214
  1    9   Random    [    18 40  ]  -247.953  1552.036   3.028   -247.953 [ 1  1  1]   0  0.105  0.177  2.851
  1   10   Random    [    18 40  ]  -247.870  1552.036   3.028   -247.870 [ 1  1  1]   0  0.189  0.178  3.859
  1   11   Random    [    18 40  ]  -247.771  1552.036   3.028   -247.771 [ 1  1  1]   0  0.210  0.177  2.561
  1   12   Random    [    18 40  ]  -247.906  1552.036   3.028   -247.906 [ 1  1  1]   0  0.209  0.177  2.267
  1   13   Random    [    18 40  ]  -247.844  1552.036   3.028   -247.844 [ 1  1  1]   0  0.134  0.176  3.012
  1   14   Random    [    18 40  ]  -248.036  1552.036   3.028   -248.036 [ 1  1  1]   0  0.135  0.177  3.026
  1   15   Random    [    18 40  ]  -248.038  1552.036   3.028   -248.038 [ 1  1  1]   0  0.160  0.177  3.127
  1   16   Random    [    18 40  ]  -247.788  1552.036   3.028   -247.788 [ 1  1  1]   0  0.182  0.177  1.764
  1   17   Random    [    18 40  ]  -247.739  1552.036   3.028   -247.739 [ 1  1  1]   0  0.138  0.178  3.804
  1   18   Random    [    18 40  ]  -247.852  1552.036   3.028   -247.852 [ 1  1  1]   0  0.058  0.177  3.705
  1   19   Random    [    18 40  ]  -248.015  1552.036   3.028   -248.015 [ 1  1  1]   0  0.134  0.177  2.824
  1   20   Random    [    18 40  ]  -247.114  1552.036   3.028   -247.114 [ 1  1  1]   0  0.197  0.178  3.936
  1   21   Random    [    18 40  ]  -247.734  1552.036   3.028   -247.734 [ 1  1  1]   0  0.177  0.177  4.324
  1   22   Random    [    18 40  ]  -247.751  1552.036   3.028   -247.751 [ 1  1  1]   0  0.156  0.177  2.472
  1   23   Random    [    18 40  ]  -247.763  1552.036   3.028   -247.763 [ 1  1  1]   0  0.000  0.177  4.736
  1   24   Random    [    18 40  ]  -247.707  1552.036   3.028   -247.707 [ 1  1  1]   0  0.153  0.177  5.780
  1   25   Random    [    18 40  ]  -247.940  1552.036   3.028   -247.940 [ 1  1  1]   0  0.127  0.178  2.841
  1   26   Random    [    18 40  ]  -247.680  1552.036   3.028   -247.680 [ 1  1  1]   0  0.184  0.177  2.515
  1   27   Random    [    18 40  ]  -247.868  1552.036   3.028   -247.868 [ 1  1  1]   0  0.260  0.177  1.995
  1   28   Random    [    18 40  ]  -247.898  1552.036   3.028   -247.898 [ 1  1  1]   0  0.233  0.177  2.151
  1   29   Random    [    18 40  ]  -247.801  1552.036   3.028   -247.801 [ 1  1  1]   0  0.126  0.177  3.226
  1   30   Random    [    18 40  ]  -247.954  1552.036   3.028   -247.954 [ 1  1  1]   0  0.119  0.178  2.725
  1   31   Random    [    18 40  ]  -247.496  1552.036   3.028   -247.496 [ 1  1  1]   0  0.176  0.178  2.406
  1   32   Random    [    18 40  ]  -247.635  1552.036   3.028   -247.635 [ 1  1  1]   0  0.146  0.177  3.508
  1   33   Random    [    18 40  ]  -247.685  1552.036   3.028   -247.685 [ 1  1  1]   0  0.038  0.177  4.343
  1   34   Random    [    18 40  ]  -247.871  1552.036   3.028   -247.871 [ 1  1  1]   0  0.122  0.178  2.745
  1   35   Random    [    18 40  ]  -247.893  1552.036   3.028   -247.893 [ 1  1  1]   0  0.154  0.177  3.801
  1   36   Random    [    18 40  ]  -247.924  1552.036   3.028   -247.924 [ 1  1  1]   0  0.034  0.177  4.000
  1   37   Random    [    18 40  ]  -247.679  1552.036   3.028   -247.679 [ 1  1  1]   0  0.138  0.177  3.968
  1   38   Random    [    18 40  ]  -247.901  1552.036   3.028   -247.901 [ 1  1  1]   0  0.000  0.178  4.335
  1   39   Random    [    18 40  ]  -247.680  1552.036   3.028   -247.680 [ 1  1  1]   0  0.146  0.176  3.395
  1   40   Random    [    18 40  ]  -247.920  1552.036   3.028   -247.920 [ 1  1  1]   0  0.000  0.176  3.663
  1   41   Seeds     [    18 40  ]  -243.390   856.388   5.487   -243.390 [ 1  1  1]   0  0.025  0.180  2.596
  1   42   Seeds     [    18 40  ]  -248.277   854.032   5.502   -248.277 [ 1  1  1]   0  0.050  0.178  4.135
  1   43   Seeds     [    18 40  ]  -248.060  1185.643   3.963   -248.060 [ 1  1  1]   0  0.091  0.177 11.907
  1   44   Seeds     [    18 40  ]  -247.815  1371.370   3.427   -247.815 [ 1  1  1]   0  0.100  0.177  3.690
  2   45 Heredity    [    18 40  ]  -247.924  1552.036   3.028   -247.924 [ 1  1  1]   0  0.214  0.177  2.153
  2   46 Heredity    [    18 40  ]  -247.798  1552.036   3.028   -247.798 [ 1  1  1]   0  0.236  0.177  2.372
  2   47 Heredity    [    18 40  ]  -247.933  1552.036   3.028   -247.933 [ 1  1  1]   0  0.192  0.177  2.364
  2   48 Heredity    [    18 40  ]  -247.820  1552.036   3.028   -247.820 [ 1  1  1]   0  0.228  0.177  2.028
  2   49 Heredity    [    18 40  ]  -247.815  1552.036   3.028   -247.815 [ 1  1  1]   0  0.174  0.177  2.334
  2   50 Heredity    [    18 40  ]  -247.901  1552.036   3.028   -247.901 [ 1  1  1]   0  0.207  0.177  2.281
  2   51 Heredity    [    18 40  ]  -247.780  1552.036   3.028   -247.780 [ 1  1  1]   0  0.204  0.177  2.387
  2   52 Heredity    [    18 40  ]  -247.919  1552.036   3.028   -247.919 [ 1  1  1]   0  0.223  0.177  2.136
  2   53 Heredity    [    18 40  ]  -247.893  1552.036   3.028   -247.893 [ 1  1  1]   0  0.194  0.177  2.686
  2   54 Heredity    [    18 40  ]  -247.964  1552.036   3.028   -247.964 [ 1  1  1]   0  0.218  0.176  4.671
  2   55 Heredity    [    18 40  ]  -247.938  1552.036   3.028   -247.938 [ 1  1  1]   0  0.188  0.177  4.042
  2   56 Heredity    [    18 40  ]  -247.898  1552.036   3.028   -247.898 [ 1  1  1]   0  0.229  0.177  1.934
  2   57 Heredity    [    18 40  ]  -247.965  1552.036   3.028   -247.965 [ 1  1  1]   0  0.238  0.177  1.859
  2   58 Heredity    [    18 40  ]  -247.938  1552.036   3.028   -247.938 [ 1  1  1]   0  0.214  0.177  2.092
  2   59 Heredity    [    18 40  ]  -247.941  1552.036   3.028   -247.941 [ 1  1  1]   0  0.203  0.177  2.097
  2   60 Heredity    [    18 40  ]  -247.964  1552.036   3.028   -247.964 [ 1  1  1]   0  0.186  0.177  2.504
  2   61 Heredity    [    18 40  ]  -247.975  1552.036   3.028   -247.975 [ 1  1  1]   0  0.264  0.177  2.383
  2   62 Heredity    [    18 40  ]  -247.921  1552.036   3.028   -247.921 [ 1  1  1]   0  0.205  0.177  2.260
  2   63 Heredity    [    18 40  ]  -247.824  1552.036   3.028   -247.824 [ 1  1  1]   0  0.212  0.177  1.861
  2   64 Heredity    [    18 40  ]  -247.766  1552.036   3.028   -247.766 [ 1  1  1]   0  0.243  0.177  1.977
  2   65   Random    [    18 40  ]  -247.775  1552.036   3.028   -247.775 [ 1  1  1]   0  0.099  0.178  2.824
  2   66   Random    [    18 40  ]  -247.812  1552.036   3.028   -247.812 [ 1  1  1]   0  0.167  0.177  2.564
  2   67   Random    [    18 40  ]  -247.882  1552.036   3.028   -247.882 [ 1  1  1]   0  0.147  0.177  4.296
  2   68   Random    [    18 40  ]  -247.825  1552.036   3.028   -247.825 [ 1  1  1]   0  0.077  0.177  2.785
  2   69   Random    [    18 40  ]  -247.918  1552.036   3.028   -247.918 [ 1  1  1]   0  0.173  0.177  2.075
  2   70   Random    [    18 40  ]  -247.814  1552.036   3.028   -247.814 [ 1  1  1]   0  0.108  0.177  3.146
  2   71   Random    [    18 40  ]  -247.780  1552.036   3.028   -247.780 [ 1  1  1]   0  0.195  0.177  1.961
  2   72   Random    [    18 40  ]  -247.059  1552.036   3.028   -247.059 [ 1  1  1]   0  0.252  0.176  3.633
  2   73 Permutate   [    18 40  ]  -247.870  1552.036   3.028   -247.868 [ 1  1  1]   0  0.189  0.178  3.859
  2   74 Permutate   [    18 40  ]  -247.987  1552.036   3.028   -247.987 [ 1  1  1]   0  0.225  0.177  2.690
  2   75 Permutate   [    18 40  ]  -247.834  1552.036   3.028   -247.834 [ 1  1  1]   0  0.206  0.177  2.174
  2   76 Permutate   [    18 40  ]  -247.828  1552.036   3.028   -247.828 [ 1  1  1]   0  0.183  0.177  3.221
  2   77 softmutate  [    18 40  ]  -247.897  1552.036   3.028   -247.897 [ 1  1  1]   0  0.161  0.178  2.659
  2   78 CoorMutate  [    18 40  ]  -247.945  1552.036   3.028   -247.945 [ 1  1  1]   0  0.175  0.177  1.940
  2   79 softmutate  [    18 40  ]  -248.011  1552.036   3.028   -248.011 [ 1  1  1]   0  0.202  0.176  2.279
  2   80 softmutate  [    18 40  ]  -247.732  1552.036   3.028   -247.732 [ 1  1  1]   0  0.238  0.178  2.458
  2   81 softmutate  [    18 40  ]  -247.627  1552.036   3.028   -247.627 [ 1  1  1]   0  0.241  0.177  2.403
  2   82 softmutate  [    18 40  ]  -247.712  1552.036   3.028   -247.712 [ 1  1  1]   0  0.111  0.178  3.567
  2   83 softmutate  [    18 40  ]  -247.784  1552.036   3.028   -247.784 [ 1  1  1]   0  0.240  0.177  2.028
  2   84 CoorMutate  [    18 40  ]  -247.813  1552.036   3.028   -247.813 [ 1  1  1]   0  0.210  0.177  2.941
  2   85 Transmutate [    18 40  ]  -247.969  1552.036   3.028   -247.969 [ 1  1  1]   0  0.197  0.178  2.013
  2   86 Transmutate [    18 40  ]  -247.896  1552.036   3.028   -247.896 [ 1  1  1]   0  0.195  0.177  2.042
  2   87 Transmutate [    18 40  ]  -245.370   651.266   7.215   -245.370 [ 1  1  1]   0  0.086  0.179 14.108
  2   88 Transmutate [    18 40  ]  -245.362   651.266   7.215   -245.362 [ 1  1  1]   0  0.054  0.178 10.464
  2   89 keptBest    [    18 40  ]  -248.277   854.032   5.502   -248.275 [ 1  1  1]   0  0.050  0.178  4.135
  2   90 keptBest    [    18 40  ]  -248.060  1185.643   3.963   -248.058 [ 1  1  1]   0  0.091  0.177 11.907
  2   91 keptBest    [    18 40  ]  -248.038  1552.036   3.028   -248.036 [ 1  1  1]   0  0.160  0.177  3.127
  2   92 keptBest    [    18 40  ]  -248.036  1552.036   3.028   -248.033 [ 1  1  1]   0  0.135  0.177  3.026
  3   93 Heredity    [    18 40  ]  -247.817  1552.036   3.028   -247.817 [ 1  1  1]   0  0.218  0.177  4.122
  3   94 Heredity    [    18 40  ]  -247.990  1552.036   3.028   -247.990 [ 1  1  1]   0  0.220  0.178  3.623
  3   95 Heredity    [    18 40  ]  -247.714  1552.036   3.028   -247.714 [ 1  1  1]   0  0.226  0.177  2.075
  3   96 Heredity    [    18 40  ]  -247.915  1552.036   3.028   -247.915 [ 1  1  1]   0  0.251  0.177  1.909
  3   97 Heredity    [    18 40  ]  -247.871  1552.036   3.028   -247.871 [ 1  1  1]   0  0.179  0.176  3.032
  3   98 Heredity    [    18 40  ]  -247.876  1552.036   3.028   -247.876 [ 1  1  1]   0  0.176  0.177  4.047
  3   99 Heredity    [    18 40  ]  -247.873  1552.036   3.028   -247.873 [ 1  1  1]   0  0.173  0.177  1.887
  3  100 Heredity    [    18 40  ]  -247.967  1552.036   3.028   -247.967 [ 1  1  1]   0  0.183  0.176  2.549
  3  101 Heredity    [    18 40  ]  -247.909  1552.036   3.028   -247.909 [ 1  1  1]   0  0.217  0.177  2.136
  3  102 Heredity    [    18 40  ]  -247.776  1552.036   3.028   -247.776 [ 1  1  1]   0  0.191  0.177  2.122
  3  103 Heredity    [    18 40  ]  -247.905  1552.036   3.028   -247.905 [ 1  1  1]   0  0.212  0.177  1.855
  3  104 Heredity    [    18 40  ]  -247.868  1552.036   3.028   -247.868 [ 1  1  1]   0  0.227  0.177  2.309
  3  105 Heredity    [    18 40  ]  -247.847  1552.036   3.028   -247.847 [ 1  1  1]   0  0.208  0.177  1.949
  3  106 Heredity    [    18 40  ]  -247.744  1552.036   3.028   -247.744 [ 1  1  1]   0  0.244  0.177  2.006
  3  107 Heredity    [    18 40  ]  -247.968  1552.036   3.028   -247.968 [ 1  1  1]   0  0.184  0.177  2.403
  3  108 Heredity    [    18 40  ]  -247.958  1552.036   3.028   -247.958 [ 1  1  1]   0  0.207  0.177  2.040
  3  109 Heredity    [    18 40  ]  -247.876  1552.036   3.028   -247.876 [ 1  1  1]   0  0.189  0.178  2.330
  3  110 Heredity    [    18 40  ]  -247.939  1552.036   3.028   -247.939 [ 1  1  1]   0  0.214  0.177  4.223
  3  111 Heredity    [    18 40  ]  -247.854  1552.036   3.028   -247.854 [ 1  1  1]   0  0.209  0.177  4.261
  3  112 Heredity    [    18 40  ]  -247.883  1552.036   3.028   -247.883 [ 1  1  1]   0  0.236  0.177  2.218
  3  113   Random    [    18 40  ]  -247.916  1552.036   3.028   -247.916 [ 1  1  1]   0  0.177  0.177  2.442
  3  114   Random    [    18 40  ]  -247.756  1552.036   3.028   -247.756 [ 1  1  1]   0  0.168  0.177  2.593
  3  115   Random    [    18 40  ]  -247.977  1552.036   3.028   -247.977 [ 1  1  1]   0  0.128  0.178  3.335
  3  116   Random    [    18 40  ]  -247.667  1552.036   3.028   -247.667 [ 1  1  1]   0  0.222  0.178  2.343
  3  117   Random    [    18 40  ]  -247.999  1552.036   3.028   -247.999 [ 1  1  1]   0  0.000  0.178  3.577
  3  118   Random    [    18 40  ]  -247.796  1552.036   3.028   -247.796 [ 1  1  1]   0  0.263  0.177  2.340
  3  119   Random    [    18 40  ]  -248.013  1552.036   3.028   -248.013 [ 1  1  1]   0  0.159  0.178  6.754
  3  120   Random    [    18 40  ]  -247.783  1552.036   3.028   -247.783 [ 1  1  1]   0  0.145  0.177  2.373
  3  121 Permutate   [    18 40  ]  -247.975  1552.036   3.028   -247.973 [ 1  1  1]   0  0.264  0.177  2.383
  3  122 Permutate   [    18 40  ]  -247.919  1552.036   3.028   -247.919 [ 1  1  1]   0  0.204  0.177  1.993
  3  123 Permutate   [    18 40  ]  -247.938  1552.036   3.028   -247.936 [ 1  1  1]   0  0.188  0.177  4.042
  3  124 Permutate   [    18 40  ]  -247.953  1552.036   3.028   -247.953 [ 1  1  1]   0  0.205  0.177  2.023
  3  125 softmutate  [    18 40  ]  -247.865  1552.036   3.028   -247.865 [ 1  1  1]   0  0.221  0.177  1.872
  3  126 softmutate  [    18 40  ]  -247.758  1552.036   3.028   -247.758 [ 1  1  1]   0  0.230  0.177  2.603
  3  127 softmutate  [    18 40  ]  -247.953  1552.036   3.028   -247.953 [ 1  1  1]   0  0.162  0.177  3.501
  3  128 softmutate  [    18 40  ]  -247.656  1552.036   3.028   -247.656 [ 1  1  1]   0  0.290  0.177  2.025
  3  129 softmutate  [    18 40  ]  -247.868  1552.036   3.028   -247.868 [ 1  1  1]   0  0.177  0.176  3.336
  3  130 CoorMutate  [    18 40  ]  -247.927  1552.036   3.028   -247.927 [ 1  1  1]   0  0.220  0.178  2.039
  3  131 softmutate  [    18 40  ]  -247.871  1552.036   3.028   -247.871 [ 1  1  1]   0  0.250  0.177  1.924
  3  132 softmutate  [    18 40  ]  -247.923  1552.036   3.028   -247.923 [ 1  1  1]   0  0.249  0.177  1.883
  3  133 Transmutate [    18 40  ]  -247.956  1552.036   3.028   -247.956 [ 1  1  1]   0  0.206  0.177  1.835
  3  134 Transmutate [    18 40  ]  -247.873  1552.036   3.028   -247.873 [ 1  1  1]   0  0.178  0.177  2.125
  3  135 Transmutate [    18 40  ]  -247.979  1552.036   3.028   -247.979 [ 1  1  1]   0  0.207  0.177  2.597
  3  136 Transmutate [    18 40  ]  -247.905  1552.036   3.028   -247.905 [ 1  1  1]   0  0.195  0.177  1.754
  3  137 keptBest    [    18 40  ]  -248.277   854.032   5.502   -248.273 [ 1  1  1]   0  0.050  0.178  4.135
  3  138 keptBest    [    18 40  ]  -248.060  1185.643   3.963   -248.056 [ 1  1  1]   0  0.091  0.177 11.907
  3  139 keptBest    [    18 40  ]  -248.038  1552.036   3.028   -248.034 [ 1  1  1]   0  0.160  0.177  3.127
  3  140 keptBest    [    18 40  ]  -248.036  1552.036   3.028   -248.031 [ 1  1  1]   0  0.135  0.177  3.026
