-242.61631302208875
-242.58708119370766
-242.60833144241138
-242.54728013445938
-242.66653396643244
-242.5694620188145
-242.5952114671507
-242.1568404991689
-242.47513673731783
-242.49290551971185
-242.58270950110645
-242.26962208434395
-242.72754405791665
-242.50185200225627
-242.36422263588105
-242.7581337040604
-242.61060497326724
-242.61188732961492
-242.71812051422717
-242.59870024458985
-242.50522803281854
-242.69592667383
-242.7325966792115
-242.5725624967507
-242.77589797560245
-242.78084669771283
-242.37352901587548
-242.586320496501
-242.61248422364662
-242.51261770309725
-242.53700611398247
-242.56960348666684
-242.68275352489243
-242.63099370187274
-242.63773416823972
-242.55544407061666
-242.54349742623305
-242.4827743336084
-242.59304778710617
-242.57405240363155
-242.68282325513823
-242.7333763405733
-242.50083561146295
-242.82097933538805
-242.54211594986216
-242.72545907205554
-242.47018650437894
-242.60077345023723
-242.62841018599218
-242.67556436857262
-242.5625148206603
-242.590403405081
-242.7034694270909
-242.67243867288113
-242.64680992872172
-242.71170703166325
-242.62914124418683
-242.63572780714298
-242.6141609322507
-242.57782877260377
-242.63170158975907
-242.6734296804957
-242.71600221852725
-242.69254071944135
-242.53396426313145
-242.80421564975646
-242.69407686160395
-242.67437761499977
-242.65343954660182
-242.49023752932976
-242.47580869720719
-242.50974081787697
-242.62407125884886
-242.42889571255324
-242.64784846902367
-242.69509245815885
-242.62919759889195
-242.7393815103941
-242.89407722399736
-242.69028930216135
-242.6227663194657
-242.74166697160317
-242.59723659184084
-242.63613024586851
-242.6189845316182
-242.5551485737613
-242.6658650857672
-242.70169049604928
-242.6284189057995
-242.6010432077972
-242.64488871719007
-242.52404128523864
-242.6862624952633
-242.5925058409809
-242.6980610382913
-242.64667344572473
-242.5234396515352
-242.59399823214002
-242.5380922775571
-242.5862878520782
-242.7031467461121
-242.67634201490716
-242.66260606440994
-242.63314994346553
-242.76264179134301
-242.63882199402536
-242.73782097449555
-242.67678725036467
-242.31864128799256
-242.55459131362227
-242.57585660281944
-242.60646925593872
-242.60035292701622
-242.6109796200199
-242.57139978864805
-242.64871875047095
-242.80421564975646
-242.32823891658933
-242.7034694270909
-242.6734296804957
-242.71199244799504
-242.6465273567162
-242.6740319183163
-242.698312426102
-242.63300642572779
-242.73310114207564
-242.5634744127255
-242.6367117536465
-242.69973054665363
-242.7100714882687
-242.89073871047452
-242.89214611833756
