-234.644
-254.188
-247.838
-234.022
-227.950
-247.743
-245.179
-234.650
-229.439
-260.999
-196.451
-241.571
-258.200
-257.189
-221.305
-242.222
-238.770
-247.628
-231.657
-245.578
-243.680
-259.620
-231.150
-226.701
-243.180
-238.191
-255.914
-253.495
-260.081
-259.858
-253.429
-256.729
-255.561
-240.513
-238.547
-249.920
-251.252
-258.513
-225.271
-244.055
-243.470
-258.343
-255.210
-242.933
-241.863
-259.754
-260.158
-256.631
-251.390
-241.398
-249.143
-223.512
-239.737
-253.791
-261.097
-255.129
-253.360
-256.417
-257.966
-257.274
-253.970
-239.079
-251.152
-211.070
-250.551
-257.788
-250.577
-252.671
-261.793
-259.091
-255.561
-258.990
-259.983
-246.565
-220.340
-254.827
-247.372
-246.573
-249.089
-248.872
-257.368
-257.962
-252.034
-259.403
-260.999
-260.081
-259.858
-259.620
-226.925
-252.213
-239.899
-255.945
-252.467
-259.024
-250.492
-254.448
-234.935
-254.616
-241.309
-253.927
-259.135
-249.462
-238.633
-258.546
-254.736
-248.766
-257.722
-257.489
-232.102
-249.479
-258.936
-253.983
-255.918
-232.552
-260.113
-258.288
-256.417
-260.428
-253.791
-257.368
-254.845
-259.697
-249.843
-252.820
-259.046
-253.514
-257.225
-256.097
-258.559
-257.408
-257.946
-259.651
-261.793
-261.097
-260.158
-259.983
