  ID   Compositions    Enthalpies    Volumes    fitness  SYMM
                       (eV/atom)    (A^3/atom)    ()         
  69  [    21 40  ]     -4.2917     25.4432   -261.7931     0
  55  [    21 40  ]     -4.2803     25.4432   -261.0966     0
  10  [    21 40  ]     -4.2787     25.4432   -260.9993     0
 118  [    21 40  ]     -4.2693     25.4432   -260.4284     0
  47  [    21 40  ]     -4.2649     25.4432   -260.1578     0
 115  [    21 40  ]     -4.2642     25.4432   -260.1134     0
  29  [    21 40  ]     -4.2636     25.4432   -260.0808     0
  73  [    21 40  ]     -4.2620     25.4432   -259.9830     0
  30  [    21 40  ]     -4.2600     25.4432   -259.8577     0
  46  [    21 40  ]     -4.2583     25.4432   -259.7539     0
 122  [    21 40  ]     -4.2573     25.4432   -259.6975     0
 132  [    21 40  ]     -4.2566     25.4432   -259.6505     0
  22  [    21 40  ]     -4.2561     25.4432   -259.6196     0
  84  [    21 40  ]     -4.2525     25.4432   -259.4026     0
 101  [    21 40  ]     -4.2481     25.4432   -259.1348     0
  70  [    21 40  ]     -4.2474     25.4432   -259.0911     0
 125  [    21 40  ]     -4.2466     25.4432   -259.0456     0
  94  [    21 40  ]     -4.2463     25.4432   -259.0238     0
  72  [    21 40  ]     -4.2457     25.4432   -258.9901     0
 111  [    21 40  ]     -4.2448     25.4432   -258.9357     0
