Gen   ID    Origin   Composition    Enthalpy   Volume  Density   Fitness   KPOINTS  SYMM  Q_entr A_order S_order
                                      (eV)     (A^3)  (g/cm^3)
  1    1   Random    [    21 40  ]  -234.644  1552.036   3.079   -234.644 [ 1  1  1]   0  0.188  0.218  3.078
  1    2   Random    [    21 40  ]  -254.188  1552.036   3.079   -254.188 [ 1  1  1]   0  0.070  0.218  2.563
  1    3   Random    [    21 40  ]  -247.838  1552.036   3.079   -247.838 [ 1  1  1]   0  0.178  0.219  2.552
  1    4   Random    [    21 40  ]  -234.022  1552.036   3.079   -234.022 [ 1  1  1]   0  0.189  0.219  2.202
  1    5   Random    [    21 40  ]  -227.950  1552.036   3.079   -227.950 [ 1  1  1]   0  0.225  0.220  2.062
  1    6   Random    [    21 40  ]  -247.743  1552.036   3.079   -247.743 [ 1  1  1]   0  0.113  0.219  2.615
  1    7   Random    [    21 40  ]  -245.179  1552.036   3.079   -245.179 [ 1  1  1]   0  0.241  0.219  1.898
  1    8   Random    [    21 40  ]  -234.650  1552.036   3.079   -234.650 [ 1  1  1]   0  0.213  0.220  1.964
  1    9   Random    [    21 40  ]  -229.439  1552.036   3.079   -229.439 [ 1  1  1]   0  0.240  0.220  2.039
  1   10   Random    [    21 40  ]  -260.999  1552.036   3.079   -260.999 [ 1  1  1]   0  0.140  0.220  2.728
  1   11   Random    [    21 40  ]  -196.451  1552.036   3.079   -196.451 [ 1  1  1]   0  0.167  0.221  5.027
  1   12   Random    [    21 40  ]  -241.571  1552.036   3.079   -241.571 [ 1  1  1]   0  0.149  0.220  2.612
  1   13   Random    [    21 40  ]  -258.200  1552.036   3.079   -258.200 [ 1  1  1]   0  0.114  0.219  2.741
  1   14   Random    [    21 40  ]  -257.189  1552.036   3.079   -257.189 [ 1  1  1]   0  0.118  0.220  3.011
  1   15   Random    [    21 40  ]  -221.305  1552.036   3.079   -221.305 [ 1  1  1]   0  0.125  0.219  3.385
  1   16   Random    [    21 40  ]  -242.222  1552.036   3.079   -242.222 [ 1  1  1]   0  0.115  0.219  2.616
  1   17   Random    [    21 40  ]  -238.770  1552.036   3.079   -238.770 [ 1  1  1]   0  0.150  0.220  3.330
  1   18   Random    [    21 40  ]  -247.628  1552.036   3.079   -247.628 [ 1  1  1]   0  0.148  0.219  2.768
  1   19   Random    [    21 40  ]  -231.657  1552.036   3.079   -231.657 [ 1  1  1]   0  0.120  0.220  2.801
  1   20   Random    [    21 40  ]  -245.578  1552.036   3.079   -245.578 [ 1  1  1]   0  0.085  0.219  3.083
  1   21   Random    [    21 40  ]  -243.680  1552.036   3.079   -243.680 [ 1  1  1]   0  0.187  0.220  1.892
  1   22   Random    [    21 40  ]  -259.620  1552.036   3.079   -259.620 [ 1  1  1]   0  0.113  0.220  1.980
  1   23   Random    [    21 40  ]  -231.150  1552.036   3.079   -231.150 [ 1  1  1]   0  0.228  0.219  2.291
  1   24   Random    [    21 40  ]  -226.701  1552.036   3.079   -226.701 [ 1  1  1]   0  0.283  0.218  2.089
  1   25   Random    [    21 40  ]  -243.180  1552.036   3.079   -243.180 [ 1  1  1]   0  0.187  0.220  1.924
  1   26   Random    [    21 40  ]  -238.191  1552.036   3.079   -238.191 [ 1  1  1]   0  0.204  0.219  2.168
  1   27   Random    [    21 40  ]  -255.914  1552.036   3.079   -255.914 [ 1  1  1]   0  0.105  0.218  3.499
  1   28   Random    [    21 40  ]  -253.495  1552.036   3.079   -253.495 [ 1  1  1]   0  0.216  0.219  1.613
  1   29   Random    [    21 40  ]  -260.081  1552.036   3.079   -260.081 [ 1  1  1]   0  0.099  0.219  2.532
  1   30   Random    [    21 40  ]  -259.858  1552.036   3.079   -259.858 [ 1  1  1]   0  0.186  0.220  2.160
  1   31   Random    [    21 40  ]  -253.429  1552.036   3.079   -253.429 [ 1  1  1]   0  0.138  0.220  2.712
  1   32   Random    [    21 40  ]  -256.729  1552.036   3.079   -256.729 [ 1  1  1]   0  0.119  0.220  2.930
  1   33   Random    [    21 40  ]  -255.561  1552.036   3.079   -255.561 [ 1  1  1]   0  0.089  0.219  2.509
  1   34   Random    [    21 40  ]  -240.513  1552.036   3.079   -240.513 [ 1  1  1]   0  0.185  0.219  2.269
  1   35   Random    [    21 40  ]  -238.547  1552.036   3.079   -238.547 [ 1  1  1]   0  0.046  0.220  3.754
  1   36   Random    [    21 40  ]  -249.920  1552.036   3.079   -249.920 [ 1  1  1]   0  0.181  0.219  1.717
  1   37   Random    [    21 40  ]  -251.252  1552.036   3.079   -251.252 [ 1  1  1]   0  0.132  0.219  2.294
  1   38   Random    [    21 40  ]  -258.513  1552.036   3.079   -258.513 [ 1  1  1]   0  0.165  0.220  2.301
  1   39   Random    [    21 40  ]  -225.271  1552.036   3.079   -225.271 [ 1  1  1]   0  0.141  0.219  3.819
  1   40   Random    [    21 40  ]  -244.055  1552.036   3.079   -244.055 [ 1  1  1]   0  0.109  0.220  2.993
  2   41 Heredity    [    21 40  ]  -243.470  1552.036   3.079   -243.470 [ 1  1  1]   0  0.187  0.219  1.624
  2   42 Heredity    [    21 40  ]  -258.343  1552.036   3.079   -258.343 [ 1  1  1]   0  0.169  0.219  1.763
  2   43 Heredity    [    21 40  ]  -255.210  1552.036   3.079   -255.210 [ 1  1  1]   0  0.156  0.219  2.540
  2   44 Heredity    [    21 40  ]  -242.933  1552.036   3.079   -242.933 [ 1  1  1]   0  0.194  0.219  2.259
  2   45 Heredity    [    21 40  ]  -241.863  1552.036   3.079   -241.863 [ 1  1  1]   0  0.195  0.219  1.659
  2   46 Heredity    [    21 40  ]  -259.754  1552.036   3.079   -259.754 [ 1  1  1]   0  0.187  0.220  1.658
  2   47 Heredity    [    21 40  ]  -260.158  1552.036   3.079   -260.158 [ 1  1  1]   0  0.187  0.219  1.678
  2   48 Heredity    [    21 40  ]  -256.631  1552.036   3.079   -256.631 [ 1  1  1]   0  0.226  0.220  1.817
  2   49 Heredity    [    21 40  ]  -251.390  1552.036   3.079   -251.390 [ 1  1  1]   0  0.203  0.219  2.040
  2   50 Heredity    [    21 40  ]  -241.398  1552.036   3.079   -241.398 [ 1  1  1]   0  0.158  0.220  1.759
  2   51 Heredity    [    21 40  ]  -249.143  1552.036   3.079   -249.143 [ 1  1  1]   0  0.201  0.219  2.031
  2   52 Heredity    [    21 40  ]  -223.512  1552.036   3.079   -223.512 [ 1  1  1]   0  0.199  0.219  1.799
  2   53 Heredity    [    21 40  ]  -239.737  1552.036   3.079   -239.737 [ 1  1  1]   0  0.195  0.219  2.123
  2   54 Heredity    [    21 40  ]  -253.791  1552.036   3.079   -253.791 [ 1  1  1]   0  0.178  0.219  1.615
  2   55 Heredity    [    21 40  ]  -261.097  1552.036   3.079   -261.097 [ 1  1  1]   0  0.201  0.219  1.647
  2   56 Heredity    [    21 40  ]  -255.129  1552.036   3.079   -255.129 [ 1  1  1]   0  0.221  0.220  1.870
  2   57 Heredity    [    21 40  ]  -253.360  1552.036   3.079   -253.360 [ 1  1  1]   0  0.186  0.220  2.203
  2   58 Heredity    [    21 40  ]  -256.417  1552.036   3.079   -256.417 [ 1  1  1]   0  0.173  0.220  2.280
  2   59 Heredity    [    21 40  ]  -257.966  1552.036   3.079   -257.966 [ 1  1  1]   0  0.194  0.220  1.855
  2   60 Heredity    [    21 40  ]  -257.274  1552.036   3.079   -257.274 [ 1  1  1]   0  0.177  0.219  1.959
  2   61   Random    [    21 40  ]  -253.970  1552.036   3.079   -253.970 [ 1  1  1]   0  0.065  0.219  2.880
  2   62   Random    [    21 40  ]  -239.079  1552.036   3.079   -239.079 [ 1  1  1]   0  0.018  0.220  3.926
  2   63   Random    [    21 40  ]  -251.152  1552.036   3.079   -251.152 [ 1  1  1]   0  0.126  0.219  3.313
  2   64   Random    [    21 40  ]  -211.070  1552.036   3.079   -211.070 [ 1  1  1]   0  0.170  0.219  3.368
  2   65   Random    [    21 40  ]  -250.551  1552.036   3.079   -250.551 [ 1  1  1]   0  0.196  0.219  1.692
  2   66   Random    [    21 40  ]  -257.788  1552.036   3.079   -257.788 [ 1  1  1]   0  0.100  0.218  2.422
  2   67   Random    [    21 40  ]  -250.577  1552.036   3.079   -250.577 [ 1  1  1]   0  0.171  0.220  2.302
  2   68   Random    [    21 40  ]  -252.671  1552.036   3.079   -252.671 [ 1  1  1]   0  0.197  0.219  2.331
  2   69 Permutate   [    21 40  ]  -261.793  1552.036   3.079   -261.793 [ 1  1  1]   0  0.143  0.220  2.395
  2   70 Permutate   [    21 40  ]  -259.091  1552.036   3.079   -259.091 [ 1  1  1]   0  0.159  0.219  2.329
  2   71 Permutate   [    21 40  ]  -255.561  1552.036   3.079   -255.461 [ 1  1  1]   0  0.089  0.219  2.509
  2   72 Permutate   [    21 40  ]  -258.990  1552.036   3.079   -258.990 [ 1  1  1]   0  0.172  0.220  2.196
  2   73 softmutate  [    21 40  ]  -259.983  1552.036   3.079   -259.983 [ 1  1  1]   0  0.152  0.221  2.108
  2   74 softmutate  [    21 40  ]  -246.565  1552.036   3.079   -246.565 [ 1  1  1]   0  0.182  0.220  2.438
  2   75 softmutate  [    21 40  ]  -220.340  1552.036   3.079   -220.340 [ 1  1  1]   0  0.214  0.219  2.879
  2   76 softmutate  [    21 40  ]  -254.827  1552.036   3.079   -254.827 [ 1  1  1]   0  0.129  0.219  2.024
  2   77 softmutate  [    21 40  ]  -247.372  1552.036   3.079   -247.372 [ 1  1  1]   0  0.215  0.220  1.974
  2   78 softmutate  [    21 40  ]  -246.573  1552.036   3.079   -246.573 [ 1  1  1]   0  0.187  0.219  2.428
  2   79 softmutate  [    21 40  ]  -249.089  1552.036   3.079   -249.089 [ 1  1  1]   0  0.195  0.219  1.631
  2   80 softmutate  [    21 40  ]  -248.872  1552.036   3.079   -248.872 [ 1  1  1]   0  0.183  0.220  2.671
  2   81 Transmutate [    21 40  ]  -257.368  1552.036   3.079   -257.368 [ 1  1  1]   0  0.157  0.220  1.762
  2   82 Transmutate [    21 40  ]  -257.962  1552.036   3.079   -257.962 [ 1  1  1]   0  0.131  0.220  2.059
  2   83 Transmutate [    21 40  ]  -252.034  1552.036   3.079   -252.034 [ 1  1  1]   0  0.150  0.220  1.844
  2   84 Transmutate [    21 40  ]  -259.403  1552.036   3.079   -259.403 [ 1  1  1]   0  0.160  0.220  1.872
  2   85 keptBest    [    21 40  ]  -260.999  1552.036   3.079   -260.899 [ 1  1  1]   0  0.140  0.220  2.728
  2   86 keptBest    [    21 40  ]  -260.081  1552.036   3.079   -259.981 [ 1  1  1]   0  0.099  0.219  2.532
  2   87 keptBest    [    21 40  ]  -259.858  1552.036   3.079   -259.758 [ 1  1  1]   0  0.186  0.220  2.160
  2   88 keptBest    [    21 40  ]  -259.620  1552.036   3.079   -259.520 [ 1  1  1]   0  0.113  0.220  1.980
  3   89 Heredity    [    21 40  ]  -226.925  1552.036   3.079   -226.925 [ 1  1  1]   0  0.236  0.220  2.026
  3   90 Heredity    [    21 40  ]  -252.213  1552.036   3.079   -252.213 [ 1  1  1]   0  0.190  0.220  1.633
  3   91 Heredity    [    21 40  ]  -239.899  1552.036   3.079   -239.899 [ 1  1  1]   0  0.176  0.219  1.633
  3   92 Heredity    [    21 40  ]  -255.945  1552.036   3.079   -255.945 [ 1  1  1]   0  0.216  0.219  1.832
  3   93 Heredity    [    21 40  ]  -252.467  1552.036   3.079   -252.467 [ 1  1  1]   0  0.156  0.220  1.687
  3   94 Heredity    [    21 40  ]  -259.024  1552.036   3.079   -259.024 [ 1  1  1]   0  0.223  0.220  1.736
  3   95 Heredity    [    21 40  ]  -250.492  1552.036   3.079   -250.492 [ 1  1  1]   0  0.164  0.219  1.652
  3   96 Heredity    [    21 40  ]  -254.448  1552.036   3.079   -254.448 [ 1  1  1]   0  0.170  0.219  1.941
  3   97 Heredity    [    21 40  ]  -234.935  1552.036   3.079   -234.935 [ 1  1  1]   0  0.216  0.220  1.817
  3   98 Heredity    [    21 40  ]  -254.616  1552.036   3.079   -254.616 [ 1  1  1]   0  0.189  0.219  1.677
  3   99 Heredity    [    21 40  ]  -241.309  1552.036   3.079   -241.309 [ 1  1  1]   0  0.187  0.220  1.855
  3  100 Heredity    [    21 40  ]  -253.927  1552.036   3.079   -253.927 [ 1  1  1]   0  0.207  0.219  1.625
  3  101 Heredity    [    21 40  ]  -259.135  1552.036   3.079   -259.135 [ 1  1  1]   0  0.165  0.220  1.636
  3  102 Heredity    [    21 40  ]  -249.462  1552.036   3.079   -249.462 [ 1  1  1]   0  0.213  0.219  1.834
  3  103 Heredity    [    21 40  ]  -238.633  1552.036   3.079   -238.633 [ 1  1  1]   0  0.191  0.220  1.924
  3  104 Heredity    [    21 40  ]  -258.546  1552.036   3.079   -258.546 [ 1  1  1]   0  0.158  0.220  1.719
  3  105 Heredity    [    21 40  ]  -254.736  1552.036   3.079   -254.736 [ 1  1  1]   0  0.206  0.220  1.588
  3  106 Heredity    [    21 40  ]  -248.766  1552.036   3.079   -248.766 [ 1  1  1]   0  0.207  0.220  1.762
  3  107 Heredity    [    21 40  ]  -257.722  1552.036   3.079   -257.722 [ 1  1  1]   0  0.163  0.219  2.010
  3  108 Heredity    [    21 40  ]  -257.489  1552.036   3.079   -257.489 [ 1  1  1]   0  0.189  0.220  1.632
  3  109   Random    [    21 40  ]  -232.102  1552.036   3.079   -232.102 [ 1  1  1]   0  0.119  0.218  7.230
  3  110   Random    [    21 40  ]  -249.479  1552.036   3.079   -249.479 [ 1  1  1]   0  0.165  0.220  2.326
  3  111   Random    [    21 40  ]  -258.936  1552.036   3.079   -258.936 [ 1  1  1]   0  0.028  0.219  3.346
  3  112   Random    [    21 40  ]  -253.983  1552.036   3.079   -253.983 [ 1  1  1]   0  0.186  0.220  2.448
  3  113   Random    [    21 40  ]  -255.918  1552.036   3.079   -255.918 [ 1  1  1]   0  0.172  0.219  2.412
  3  114   Random    [    21 40  ]  -232.552  1552.036   3.079   -232.552 [ 1  1  1]   0  0.218  0.220  2.742
  3  115   Random    [    21 40  ]  -260.113  1552.036   3.079   -260.113 [ 1  1  1]   0  0.203  0.219  1.917
  3  116   Random    [    21 40  ]  -258.288  1552.036   3.079   -258.288 [ 1  1  1]   0  0.152  0.219  2.167
  3  117 Permutate   [    21 40  ]  -256.417  1552.036   3.079   -256.362 [ 1  1  1]   0  0.173  0.220  2.280
  3  118 Permutate   [    21 40  ]  -260.428  1552.036   3.079   -260.428 [ 1  1  1]   0  0.158  0.220  2.311
  3  119 Permutate   [    21 40  ]  -253.791  1552.036   3.079   -253.736 [ 1  1  1]   0  0.178  0.219  1.615
  3  120 Permutate   [    21 40  ]  -257.368  1552.036   3.079   -257.313 [ 1  1  1]   0  0.157  0.220  1.762
  3  121 softmutate  [    21 40  ]  -254.845  1552.036   3.079   -254.845 [ 1  1  1]   0  0.148  0.220  1.945
  3  122 softmutate  [    21 40  ]  -259.697  1552.036   3.079   -259.697 [ 1  1  1]   0  0.161  0.219  1.630
  3  123 softmutate  [    21 40  ]  -249.843  1552.036   3.079   -249.843 [ 1  1  1]   0  0.165  0.220  1.709
  3  124 softmutate  [    21 40  ]  -252.820  1552.036   3.079   -252.820 [ 1  1  1]   0  0.190  0.220  1.568
  3  125 softmutate  [    21 40  ]  -259.046  1552.036   3.079   -259.046 [ 1  1  1]   0  0.160  0.219  1.814
  3  126 softmutate  [    21 40  ]  -253.514  1552.036   3.079   -253.514 [ 1  1  1]   0  0.193  0.219  1.948
  3  127 softmutate  [    21 40  ]  -257.225  1552.036   3.079   -257.225 [ 1  1  1]   0  0.177  0.219  1.922
  3  128 softmutate  [    21 40  ]  -256.097  1552.036   3.079   -256.097 [ 1  1  1]   0  0.219  0.219  1.917
  3  129 Transmutate [    21 40  ]  -258.559  1552.036   3.079   -258.559 [ 1  1  1]   0  0.116  0.219  1.988
  3  130 Transmutate [    21 40  ]  -257.408  1552.036   3.079   -257.408 [ 1  1  1]   0  0.150  0.220  2.107
  3  131 Transmutate [    21 40  ]  -257.946  1552.036   3.079   -257.946 [ 1  1  1]   0  0.149  0.219  1.996
  3  132 Transmutate [    21 40  ]  -259.651  1552.036   3.079   -259.651 [ 1  1  1]   0  0.188  0.220  2.092
  3  133 keptBest    [    21 40  ]  -261.793  1552.036   3.079   -261.738 [ 1  1  1]   0  0.143  0.220  2.395
  3  134 keptBest    [    21 40  ]  -261.097  1552.036   3.079   -261.042 [ 1  1  1]   0  0.201  0.219  1.647
  3  135 keptBest    [    21 40  ]  -260.158  1552.036   3.079   -260.103 [ 1  1  1]   0  0.187  0.219  1.678
  3  136 keptBest    [    21 40  ]  -259.983  1552.036   3.079   -259.928 [ 1  1  1]   0  0.152  0.221  2.108
