-236.6126851964326
-202.9482129771
-251.8670578815249
-217.0628330956686
-215.5190963708389
-255.55482369591647
-237.1555378467878
-244.56597534167688
-251.37453426086597
-240.20046478431922
-242.31409699434445
-247.2974341774937
-247.19917053690267
-244.5315557575038
-218.327225185459
-241.77512784774493
-253.7964142757075
-255.38202400705393
-223.55864267455095
-246.7392314485882
-248.4020745245367
-253.14114498792566
-242.36186137031552
-231.97605453093405
-253.61427102758736
-249.68503658866862
-238.73143419355785
-254.5466450779408
-242.0549156340096
-245.66284132709012
-250.25637972068486
-241.24134183649946
-244.53370099895614
-249.72503324044936
-245.00155808046486
-249.98607383181064
-257.2216268267322
-251.7514889023298
-253.74224923581065
-256.8836721318765
-260.0143678829598
-259.82907943039964
-257.14839407114516
-257.53129649994855
-256.8544143014995
-256.34015631545674
-256.1787736493006
-255.1483547965547
-257.39457420638325
-256.5038468209348
-254.38142591957495
-257.761137112162
-255.4126992593195
-255.75870552860192
-256.0649990169035
-254.15736523936437
-254.00667128331972
-255.19135221469062
-254.70765778321348
-252.61186971958554
-248.28203494272225
-248.8359351078102
-251.03769891451043
-241.01576523505366
-244.5847688610786
-243.11261846939635
-245.51649094979584
-251.8863172080109
-245.0577168269364
-236.20800855241623
-236.24344376144523
-255.31358934981228
-252.13160215222769
-234.15487153927927
-254.94984680027974
-249.39134377610384
-236.77258063766612
-246.9003047717407
-240.17327390146392
-253.87699399742468
-243.38695668993913
-249.69624329522273
-238.45013788742241
-248.6382661617181
-244.250092762149
-241.68112051157362
-253.03040915531142
-247.34094614731652
-255.38202400705393
-253.27668436288454
-255.55482369591647
-255.19777952046442
-242.17148771317434
-251.33458464936044
-246.56657441443184
-251.81289850818206
-253.4408958237118
-243.42729879918363
-251.4596691287888
-240.58556468620156
-253.48345534882102
-251.7678806314718
-254.3151562307682
-249.9796708101877
-247.5341889762865
-252.61958068533474
-253.4477282306317
-235.00912315084787
-239.18223050412766
-244.0685357159387
-244.8190575925242
-252.5962105492103
-252.2309000539426
-239.47793962468998
-248.88473302421667
-249.4699714847181
-246.98299234790318
-254.28812041618554
-252.95249986318908
-254.14951653369206
-227.67293915865116
-250.63538489849734
-248.0141047694685
-245.2341511031533
-251.72914074982782
-227.79499280820522
-241.66159252918973
-252.8223293956341
-242.9869416415084
-244.08379543682793
-245.43596193053307
-245.856321313112
-252.7211077782196
-255.5948742783501
-252.13160215222769
-254.89526121605667
-243.413522186651
-228.70308609127102
-237.72714515902345
-246.41673301123816
-253.46241973130657
-243.16799742343744
-253.71566540379334
-236.38752181966277
-254.39944550937602
-253.57891791046788
-251.5854951030087
-253.7559444521062
