-238.60525429787597
-209.56124768461325
-226.2670219071677
-231.31824893873926
-243.50021789841983
-222.3979767593972
-221.51639028429835
-217.86084669226338
-232.61596165878387
-235.28821232351754
-237.5159393278223
-228.113776626688
-241.5054602423938
-233.9380168727886
-238.2708757641238
-238.6769805269479
-200.61368758430837
-239.3126412688269
-235.45177357813466
-236.78740154830479
-246.08886394542387
-241.10778876784542
-227.31533062999782
-235.87886703501945
-240.24727101014568
-243.93837705479274
-233.722140526106
-220.2342303792349
-235.5939244574979
-245.0376064791464
-239.11641569912808
-240.3289039761336
-243.94851610528613
-188.1095356704215
-233.02268984219174
-241.07821883927988
-244.52618640813412
-244.43608354708556
-220.4554097001627
-235.46917795360895
-243.1390004413073
-244.51376962748103
-244.41961240524648
-246.87515487409783
-224.39991903330997
-236.69185777123886
-229.45583370951965
-242.37317279452492
-233.66729991427567
-229.55502714791203
-221.57619676819337
-238.11487948526099
-237.03588894979012
-238.41293596316982
-242.43040312549633
-229.11046744943144
-233.6553574140764
-232.88639242962375
-214.08702249503688
-239.61067979390614
-236.5286962828523
-243.63538377845478
-238.62454691349802
-237.96997575959762
-245.92770286003616
-245.13555710443552
-238.8222185251826
-234.92160844742725
-243.88324211758064
-241.16728433919272
-208.0972108201263
-231.49081970218134
-233.91658095263762
-237.5159393278223
-231.71839086989633
-240.24727101014568
-234.10246327828526
-235.83115660062222
-234.41278079402508
-174.71643926478734
-243.85877903853682
-233.02984674711772
-231.92870128535907
-228.94555315203195
-244.6183852522193
-244.85747622091029
-243.43532211802818
-229.70599782059952
-231.339642710652
-233.5730118564448
-243.77707889844882
-241.54162310445304
-235.4200494411575
-232.25961596983353
-233.1387886327947
-241.53919793831105
-238.99646352842748
-227.8378374219258
-239.7910684617226
-243.05801738001617
-220.16377196600948
-246.05964570455052
-238.96581840676583
-242.38266032399767
-239.02656038974365
-226.77953011668325
-236.34510858612043
-243.45050407015933
-214.01004102834614
-243.28905662999802
-239.0701722116311
-243.6077321350678
-240.8571028939898
-242.97345613910653
-221.22543654676815
-237.7740454171843
-244.73123925539446
-227.74493285234493
-236.75838055859555
-236.5286962828523
-178.99876998616497
-229.62045274215245
-240.9407831402315
-234.89651379299812
-234.08826206431058
-227.0693430520106
-242.9369622032344
-234.11813456936204
-244.23345275763617
-242.65905267750708
-228.56249415293198
-242.15226729951644
