-154.85096916617863
-154.32227564382234
-154.76298739195983
-154.71155478012926
-154.52787738556765
-151.22623711022976
-151.9911434960165
-153.87435352966415
-154.86607709917686
-154.82221751454972
-149.90208642954605
-153.86645751944633
-154.68930028021668
-154.19805803756503
-154.49190549462833
-154.94039541794135
-151.5352183531986
-154.92302316094174
-150.25102591004514
-153.86485014292077
-154.09859886009897
-154.9200115916125
-155.0269284101697
-154.79796201711747
-154.32908978712487
-153.66314218098262
-153.84976441582464
-154.31715829796042
-154.51974345911373
-154.7679953797041
-154.4066800006925
-154.68086457873608
-154.0009552159491
-154.72295513842968
-154.84870574927857
-153.42136846159642
-154.83733903839027
-155.34181783909506
-154.8623341528936
-153.86626742988884
-154.72488076183424
-154.88259042032934
-154.9094666503482
-154.54848424889155
-154.95475062526077
-154.75908707220586
-153.96878210244515
-153.26059362842278
-154.55660563925343
-154.57587133094293
-154.51275036069066
-154.7012248508204
-149.22557912753152
-154.32985078321445
-154.79817289113464
-154.89090760946277
-154.57136275492553
-154.87516920248646
-154.90538758442239
-154.86741404364884
-154.89889167757622
-154.8421989042247
-154.6786771831407
-154.91345384076521
-154.8660636792481
-154.90319530783012
-154.93061352217774
-154.95331706734396
-154.89301036026612
-154.9763288828618
-154.94494513133782
-154.87683942860232
-154.91502923518075
-155.06045059812442
-154.80326808290383
-154.87842092326193
-154.8301335953612
-154.91432848330788
-154.87856068684277
-154.92740080062362
-154.84898497581784
-154.51402969241502
-154.02721632917894
-154.80255750948734
-155.03992394340355
-155.02449182159816
-154.57776096751877
-154.41338501470776
-154.7556356511521
-154.68171309418128
-154.79493870919762
-155.02682625233112
-154.7228303677032
-154.83660120336742
-154.55681793225384
-155.34232402849995
-154.79611632995287
-154.5679125945472
-154.76433683377232
-154.75017598664485
-154.8014821914028
-154.39748893528267
-155.33921655735065
-155.33741603246
-154.8664723554248
-155.14679865929045
-155.03898179039058
-154.95162395606988
-155.32476314216734
-154.9095590418492
-154.9785153603179
-155.27154256391682
-154.84893437852605
-154.9941229829466
-155.06961193884848
-154.96508124032624
-155.03502581127648
-154.95591635656797
-155.14329785333587
-154.88571980510673
-154.91208648655928
-155.1158454513332
-154.9377423946861
-155.0770953485192
-154.974785576562
-154.87654278010845
-155.10066468735886
-154.95021061401454
-154.81336314136314
-154.95527495189282
-154.95655234568673
-155.10018089136204
-154.981834953601
-155.09171794837113
-155.03585553749116
-155.32014880798303
-154.99739488020973
-155.02831116011535
-154.54687082371
-153.97447262869065
-154.05551477109057
-151.21949624973954
-151.68153056815316
-154.9120118608891
-154.91993163275683
-154.94205244561243
-155.02613651214634
-154.85862227528878
-155.0257124341577
-155.0603952065348
-155.02436913822325
-154.56727753577894
-155.02487530165985
-155.02548545677746
-155.33841808348657
