-185.569
-183.832
-183.855
-181.900
-186.037
-185.316
-173.320
-185.591
-184.145
-184.496
-184.619
-185.646
-186.018
-184.820
-180.725
-185.797
-185.876
-185.440
-180.281
-184.821
-185.064
-185.913
-184.729
-185.609
-185.489
-185.930
-184.523
-185.147
-185.733
-185.953
-180.190
-185.393
-182.649
-185.737
-185.347
-185.934
-186.020
-185.642
-185.904
-184.220
-185.908
-185.866
-186.163
-185.893
-184.490
-186.154
-185.991
-185.478
-184.647
-184.920
-185.650
-185.784
-185.627
-185.491
-181.591
-185.784
-185.935
-186.008
-185.966
-186.023
-186.019
-185.681
-185.974
-185.969
-185.879
-185.844
-185.737
-185.798
-186.013
-186.003
-185.991
-185.655
-186.080
-185.964
-185.953
-185.992
-185.929
-185.930
-186.021
-186.067
-185.983
-185.927
-183.509
-186.179
-185.564
-185.631
-185.122
-185.646
-185.992
-185.953
-185.613
-185.880
-185.796
-186.162
-183.745
-185.854
-186.020
-185.708
-185.395
-186.034
-185.901
-186.161
-186.017
-185.927
-185.881
-186.163
-186.154
-186.037
-186.020
-186.018
-185.991
-185.953
-185.934
-186.100
-186.072
-186.083
-185.909
-186.036
-186.056
-186.006
-186.037
-185.939
-186.105
-186.126
-186.060
-186.064
-186.087
-186.116
-186.069
-186.081
-185.972
-186.026
-186.077
-185.426
-185.962
-186.069
-185.904
-186.073
-185.997
-186.071
-185.999
-186.064
-186.004
-185.821
-185.432
-185.100
-185.450
-185.063
-186.078
-185.995
-186.019
-186.017
-186.026
-186.153
-186.096
-186.078
-185.700
-186.158
-186.010
-185.991
-185.975
-185.799
-186.153
-186.179
-186.163
-186.154
-186.037
-186.023
-186.020
-186.018
-185.992
