  ID   Compositions    Enthalpies    Volumes    fitness  SYMM
                       (eV/atom)    (A^3/atom)    ()         
  84  [    18 24  ]     -4.4328     12.4183   -186.1790     0
  43  [    18 24  ]     -4.4324     22.4987   -186.1626     0
  94  [    18 24  ]     -4.4324     22.0023   -186.1620     0
  46  [    18 24  ]     -4.4322     21.6398   -186.1536     0
 154  [    18 24  ]     -4.4322     21.7663   -186.1535     0
 124  [    18 24  ]     -4.4316     20.9789   -186.1263     0
 128  [    18 24  ]     -4.4313     25.3849   -186.1157     0
 123  [    18 24  ]     -4.4311     30.7580   -186.1054     0
 114  [    18 24  ]     -4.4310     22.0469   -186.1001     0
 155  [    18 24  ]     -4.4309     25.6646   -186.0960     0
 127  [    18 24  ]     -4.4307     24.0813   -186.0875     0
 116  [    18 24  ]     -4.4305     24.6013   -186.0829     0
 130  [    18 24  ]     -4.4305     26.4111   -186.0811     0
  73  [    18 24  ]     -4.4305     27.6220   -186.0799     0
 149  [    18 24  ]     -4.4304     21.2757   -186.0784     0
 156  [    18 24  ]     -4.4304     27.3330   -186.0784     0
 133  [    18 24  ]     -4.4304     22.3910   -186.0770     0
 138  [    18 24  ]     -4.4303     20.5151   -186.0733     0
 115  [    18 24  ]     -4.4303     25.4109   -186.0725     0
 140  [    18 24  ]     -4.4303     23.5972   -186.0707     0
 129  [    18 24  ]     -4.4302     25.6158   -186.0692     0
 136  [    18 24  ]     -4.4302     21.4409   -186.0686     0
  80  [    18 24  ]     -4.4302     20.5690   -186.0673     0
 142  [    18 24  ]     -4.4301     25.7188   -186.0644     0
 126  [    18 24  ]     -4.4301     25.0502   -186.0642     0
 125  [    18 24  ]     -4.4300     25.6261   -186.0605     0
 119  [    18 24  ]     -4.4299     25.5863   -186.0564     0
 121  [    18 24  ]     -4.4295     23.8903   -186.0374     0
   5  [    18 24  ]     -4.4295     26.5509   -186.0372     0
 118  [    18 24  ]     -4.4294     18.9807   -186.0357     0
 100  [    18 24  ]     -4.4294     25.3714   -186.0344     0
 153  [    18 24  ]     -4.4292     22.6038   -186.0264     0
 132  [    18 24  ]     -4.4292     20.4789   -186.0255     0
  60  [    18 24  ]     -4.4291     30.9115   -186.0231     0
  79  [    18 24  ]     -4.4291     20.2441   -186.0208     0
  97  [    18 24  ]     -4.4290     17.8174   -186.0200     0
 151  [    18 24  ]     -4.4290     17.7381   -186.0192     0
  13  [    18 24  ]     -4.4290     19.3336   -186.0181     0
 103  [    18 24  ]     -4.4290     18.9386   -186.0169     0
  69  [    18 24  ]     -4.4289     28.1816   -186.0130     0
 159  [    18 24  ]     -4.4288     30.5470   -186.0096     0
  58  [    18 24  ]     -4.4288     23.1571   -186.0077     0
 120  [    18 24  ]     -4.4287     21.3820   -186.0060     0
 143  [    18 24  ]     -4.4287     26.5459   -186.0036     0
  70  [    18 24  ]     -4.4286     30.7354   -186.0028     0
 141  [    18 24  ]     -4.4285     29.2672   -185.9990     0
 139  [    18 24  ]     -4.4285     29.4905   -185.9966     0
 150  [    18 24  ]     -4.4285     30.7390   -185.9954     0
  76  [    18 24  ]     -4.4284     28.0952   -185.9919     0
  89  [    18 24  ]     -4.4284     24.2662   -185.9915     0
