Gen   ID    Origin   Composition    Enthalpy   Volume  Density   Fitness   KPOINTS  SYMM  Q_entr A_order S_order
                                      (eV)     (A^3)  (g/cm^3)
  1    1   Random    [    18 24  ]  -185.569   646.087   4.660   -185.569 [ 1  1  1]   0  0.266  0.019  0.004
  1    2   Random    [    18 24  ]  -183.832   657.586   4.578   -183.832 [ 1  1  1]   0  0.244  0.023  0.005
  1    3   Random    [    18 24  ]  -183.855   733.170   4.106   -183.855 [ 1  1  1]   0  0.069  0.025  0.008
  1    4   Random    [    18 24  ]  -181.900   399.095   7.544   -181.900 [ 1  1  1]   0  0.063  0.033  0.011
  1    5   Random    [    18 24  ]  -186.037  1115.136   2.700   -186.037 [ 1  1  1]   0  0.183  0.019  0.005
  1    6   Random    [    18 24  ]  -185.316   609.191   4.942   -185.316 [ 1  1  1]   0  0.230  0.021  0.005
  1    7   Random    [    18 24  ]  -173.320   243.347  12.372   -173.320 [ 1  1  1]   0  0.063  0.054  0.020
  1    8   Random    [    18 24  ]  -185.591   832.678   3.616   -185.591 [ 1  1  1]   0  0.279  0.021  0.004
  1    9   Random    [    18 24  ]  -184.145   651.579   4.621   -184.145 [ 1  1  1]   0  0.192  0.017  0.004
  1   10   Random    [    18 24  ]  -184.496   663.459   4.538   -184.496 [ 1  1  1]   0  0.247  0.021  0.004
  1   11   Random    [    18 24  ]  -184.619   625.209   4.816   -184.619 [ 1  1  1]   0  0.248  0.023  0.005
  1   12   Random    [    18 24  ]  -185.646   789.675   3.813   -185.646 [ 1  1  1]   0  0.250  0.021  0.005
  1   13   Random    [    18 24  ]  -186.018   812.011   3.708   -186.018 [ 1  1  1]   0  0.159  0.016  0.004
  1   14   Random    [    18 24  ]  -184.820   699.436   4.304   -184.820 [ 1  1  1]   0  0.279  0.019  0.004
  1   15   Random    [    18 24  ]  -180.725   514.104   5.856   -180.725 [ 1  1  1]   0  0.068  0.033  0.011
  1   16   Random    [    18 24  ]  -185.797   759.631   3.963   -185.797 [ 1  1  1]   0  0.255  0.017  0.003
  1   17   Random    [    18 24  ]  -185.876   677.893   4.441   -185.876 [ 1  1  1]   0  0.142  0.017  0.005
  1   18   Random    [    18 24  ]  -185.440   732.764   4.109   -185.440 [ 1  1  1]   0  0.239  0.015  0.003
  1   19   Random    [    18 24  ]  -180.281   759.759   3.963   -180.281 [ 1  1  1]   0  0.185  0.034  0.008
  1   20   Random    [    18 24  ]  -184.821   657.721   4.577   -184.821 [ 1  1  1]   0  0.200  0.019  0.005
  1   21   Random    [    18 24  ]  -185.064   571.103   5.272   -185.064 [ 1  1  1]   0  0.209  0.019  0.005
  1   22   Random    [    18 24  ]  -185.913   999.513   3.012   -185.913 [ 1  1  1]   0  0.209  0.016  0.003
  1   23   Random    [    18 24  ]  -184.729   533.812   5.640   -184.729 [ 1  1  1]   0  0.252  0.019  0.004
  1   24   Random    [    18 24  ]  -185.609   986.711   3.051   -185.609 [ 1  1  1]   0  0.204  0.021  0.005
  1   25   Random    [    18 24  ]  -185.489   573.309   5.251   -185.489 [ 1  1  1]   0  0.208  0.019  0.004
  1   26   Random    [    18 24  ]  -185.930   569.250   5.289   -185.930 [ 1  1  1]   0  0.279  0.019  0.004
  1   27   Random    [    18 24  ]  -184.523   673.026   4.473   -184.523 [ 1  1  1]   0  0.251  0.019  0.004
  1   28   Random    [    18 24  ]  -185.147   649.937   4.632   -185.147 [ 1  1  1]   0  0.245  0.018  0.004
  1   29   Random    [    18 24  ]  -185.733   919.962   3.273   -185.733 [ 1  1  1]   0  0.303  0.017  0.003
  1   30   Random    [    18 24  ]  -185.953   796.086   3.782   -185.953 [ 1  1  1]   0  0.232  0.013  0.003
  1   31   Random    [    18 24  ]  -180.190   552.343   5.451   -180.190 [ 1  1  1]   0  0.069  0.039  0.015
  1   32   Random    [    18 24  ]  -185.393   449.924   6.692   -185.393 [ 1  1  1]   0  0.210  0.018  0.005
  1   33   Random    [    18 24  ]  -182.649   497.688   6.049   -182.649 [ 1  1  1]   0  0.196  0.027  0.007
  1   34   Random    [    18 24  ]  -185.737  1142.108   2.636   -185.737 [ 1  1  1]   0  0.151  0.010  0.002
  1   35   Random    [    18 24  ]  -185.347   530.059   5.680   -185.347 [ 1  1  1]   0  0.235  0.024  0.007
  1   36   Random    [    18 24  ]  -185.934   704.867   4.271   -185.934 [ 1  1  1]   0  0.160  0.020  0.005
  1   37   Random    [    18 24  ]  -186.020   745.937   4.036   -186.020 [ 1  1  1]   0  0.266  0.017  0.003
  1   38   Random    [    18 24  ]  -185.642   796.955   3.778   -185.642 [ 1  1  1]   0  0.203  0.018  0.004
  1   39   Random    [    18 24  ]  -185.904   901.695   3.339   -185.904 [ 1  1  1]   0  0.259  0.013  0.003
  1   40   Random    [    18 24  ]  -184.220   773.229   3.894   -184.220 [ 1  1  1]   0  0.251  0.018  0.004
  1   41   Random    [    18 24  ]  -185.908  1110.112   2.712   -185.908 [ 1  1  1]   0  0.185  0.015  0.004
  1   42   Random    [    18 24  ]  -185.866   918.024   3.280   -185.866 [ 1  1  1]   0  0.170  0.022  0.005
  1   43   Random    [    18 24  ]  -186.163   944.946   3.186   -186.163 [ 1  1  1]   0  0.182  0.018  0.004
  1   44   Random    [    18 24  ]  -185.893   956.377   3.148   -185.893 [ 1  1  1]   0  0.214  0.020  0.005
  1   45   Random    [    18 24  ]  -184.490   466.119   6.459   -184.490 [ 1  1  1]   0  0.213  0.022  0.006
  1   46   Random    [    18 24  ]  -186.154   908.872   3.313   -186.154 [ 1  1  1]   0  0.063  0.015  0.004
  1   47   Random    [    18 24  ]  -185.991   855.991   3.517   -185.991 [ 1  1  1]   0  0.263  0.013  0.003
  1   48   Random    [    18 24  ]  -185.478   808.381   3.724   -185.478 [ 1  1  1]   0  0.266  0.019  0.004
  1   49   Random    [    18 24  ]  -184.647   646.361   4.658   -184.647 [ 1  1  1]   0  0.062  0.024  0.007
  1   50   Random    [    18 24  ]  -184.920   684.737   4.397   -184.920 [ 1  1  1]   0  0.050  0.022  0.007
  1   51   Seeds     [    18 24  ]  -185.650  2505.528   1.202   -185.650 [ 1  1  1]   0  0.255  0.010  0.002
  1   52   Seeds     [    18 24  ]  -185.784  1169.025   2.575   -185.784 [ 1  1  1]   0  0.061  0.017  0.005
  1   53   Seeds     [    18 24  ]  -185.627  1807.764   1.665   -185.627 [ 1  1  1]   0  0.190  0.011  0.002
  1   54   Seeds     [    18 24  ]  -185.491  2009.175   1.498   -185.491 [ 1  1  1]   0  0.246  0.007  0.001
  1   55   Seeds     [    18 24  ]  -181.591  1661.673   1.812   -181.591 [ 1  1  1]   0  0.033  0.023  0.008
  2   56 Heredity    [    18 24  ]  -185.784   841.970   3.576   -185.784 [ 1  1  1]   0  0.291  0.018  0.003
  2   57 Heredity    [    18 24  ]  -185.935  1358.567   2.216   -185.935 [ 1  1  1]   0  0.303  0.014  0.002
  2   58 Heredity    [    18 24  ]  -186.008   972.597   3.096   -186.008 [ 1  1  1]   0  0.300  0.013  0.002
  2   59 Heredity    [    18 24  ]  -185.966   961.751   3.130   -185.966 [ 1  1  1]   0  0.305  0.016  0.002
  2   60 Heredity    [    18 24  ]  -186.023  1298.283   2.319   -186.023 [ 1  1  1]   0  0.254  0.010  0.002
  2   61 Heredity    [    18 24  ]  -186.019   960.145   3.136   -186.019 [ 1  1  1]   0  0.294  0.014  0.002
  2   62 Heredity    [    18 24  ]  -185.681  1046.792   2.876   -185.681 [ 1  1  1]   0  0.304  0.015  0.002
  2   63 Heredity    [    18 24  ]  -185.974   980.042   3.072   -185.974 [ 1  1  1]   0  0.300  0.013  0.002
  2   64 Heredity    [    18 24  ]  -185.969   850.600   3.540   -185.969 [ 1  1  1]   0  0.285  0.018  0.003
  2   65 Heredity    [    18 24  ]  -185.879  1163.612   2.587   -185.879 [ 1  1  1]   0  0.290  0.011  0.002
  2   66 Heredity    [    18 24  ]  -185.844  1387.360   2.170   -185.844 [ 1  1  1]   0  0.265  0.016  0.003
  2   67 Heredity    [    18 24  ]  -185.737   976.418   3.083   -185.737 [ 1  1  1]   0  0.306  0.016  0.002
  2   68 Heredity    [    18 24  ]  -185.798  1176.814   2.558   -185.798 [ 1  1  1]   0  0.269  0.015  0.003
  2   69 Heredity    [    18 24  ]  -186.013  1183.625   2.544   -186.013 [ 1  1  1]   0  0.279  0.013  0.002
  2   70 Heredity    [    18 24  ]  -186.003  1290.885   2.332   -186.003 [ 1  1  1]   0  0.307  0.015  0.002
  2   71 Heredity    [    18 24  ]  -185.991  1298.721   2.318   -185.991 [ 1  1  1]   0  0.274  0.014  0.002
  2   72 Heredity    [    18 24  ]  -185.655   989.215   3.044   -185.655 [ 1  1  1]   0  0.302  0.017  0.003
  2   73 Heredity    [    18 24  ]  -186.080  1160.125   2.595   -186.080 [ 1  1  1]   0  0.303  0.014  0.002
  2   74 Heredity    [    18 24  ]  -185.964   826.650   3.642   -185.964 [ 1  1  1]   0  0.302  0.016  0.002
  2   75 Heredity    [    18 24  ]  -185.953  1164.097   2.586   -185.953 [ 1  1  1]   0  0.289  0.015  0.002
  2   76 Heredity    [    18 24  ]  -185.992  1179.999   2.551   -185.992 [ 1  1  1]   0  0.274  0.016  0.003
  2   77 Heredity    [    18 24  ]  -185.929  1176.642   2.559   -185.929 [ 1  1  1]   0  0.307  0.014  0.002
  2   78 Heredity    [    18 24  ]  -185.930   950.733   3.167   -185.930 [ 1  1  1]   0  0.296  0.012  0.002
  2   79 Heredity    [    18 24  ]  -186.021   850.251   3.541   -186.021 [ 1  1  1]   0  0.277  0.017  0.003
  2   80 Heredity    [    18 24  ]  -186.067   863.899   3.485   -186.067 [ 1  1  1]   0  0.290  0.014  0.002
  2   81   Random    [    18 24  ]  -185.983   532.689   5.652   -185.983 [ 1  1  1]   0  0.155  0.019  0.005
  2   82   Random    [    18 24  ]  -185.927   530.644   5.674   -185.927 [ 1  1  1]   0  0.190  0.018  0.005
  2   83   Random    [    18 24  ]  -183.509   489.459   6.151   -183.509 [ 1  1  1]   0  0.201  0.022  0.006
  2   84   Random    [    18 24  ]  -186.179   521.570   5.772   -186.179 [ 1  1  1]   0  0.158  0.021  0.006
  2   85   Random    [    18 24  ]  -185.564   989.277   3.043   -185.564 [ 1  1  1]   0  0.206  0.019  0.004
  2   86   Random    [    18 24  ]  -185.631  1670.236   1.803   -185.631 [ 1  1  1]   0  0.223  0.013  0.003
  2   87   Random    [    18 24  ]  -185.122   636.090   4.733   -185.122 [ 1  1  1]   0  0.235  0.017  0.004
  2   88   Random    [    18 24  ]  -185.646   667.912   4.508   -185.646 [ 1  1  1]   0  0.199  0.017  0.004
  2   89 softmutate  [    18 24  ]  -185.992  1019.182   2.954   -185.992 [ 1  1  1]   0  0.265  0.013  0.002
  2   90 softmutate  [    18 24  ]  -185.953   809.433   3.720   -185.953 [ 1  1  1]   0  0.275  0.013  0.002
  2   91 softmutate  [    18 24  ]  -185.613  1618.183   1.861   -185.613 [ 1  1  1]   0  0.282  0.009  0.002
  2   92 softmutate  [    18 24  ]  -185.880  1124.540   2.677   -185.880 [ 1  1  1]   0  0.305  0.013  0.002
  2   93 softmutate  [    18 24  ]  -185.796   711.286   4.233   -185.796 [ 1  1  1]   0  0.259  0.017  0.003
  2   94 softmutate  [    18 24  ]  -186.162   924.098   3.258   -186.162 [ 1  1  1]   0  0.208  0.018  0.004
  2   95   Random    [    18 24  ]  -183.745   694.766   4.333   -183.745 [ 1  1  1]   0  0.128  0.022  0.007
  2   96 softmutate  [    18 24  ]  -185.854  1136.831   2.648   -185.854 [ 1  1  1]   0  0.298  0.014  0.002
  2   97 softmutate  [    18 24  ]  -186.020   748.333   4.023   -186.020 [ 1  1  1]   0  0.266  0.017  0.003
  2   98 softmutate  [    18 24  ]  -185.708  1095.934   2.747   -185.708 [ 1  1  1]   0  0.289  0.016  0.003
  2   99 softmutate  [    18 24  ]  -185.395   468.080   6.432   -185.395 [ 1  1  1]   0  0.241  0.018  0.004
  2  100 softmutate  [    18 24  ]  -186.034  1065.598   2.825   -186.034 [ 1  1  1]   0  0.240  0.019  0.005
  2  101 softmutate  [    18 24  ]  -185.901  1015.288   2.965   -185.901 [ 1  1  1]   0  0.254  0.016  0.003
  2  102 softmutate  [    18 24  ]  -186.161   943.197   3.192   -186.161 [ 1  1  1]   0  0.210  0.018  0.004
  2  103 softmutate  [    18 24  ]  -186.017   795.421   3.785   -186.017 [ 1  1  1]   0  0.194  0.015  0.004
  2  104 softmutate  [    18 24  ]  -185.927   736.930   4.085   -185.927 [ 1  1  1]   0  0.168  0.020  0.005
  2  105 softmutate  [    18 24  ]  -185.881   806.887   3.731   -185.881 [ 1  1  1]   0  0.284  0.014  0.002
  2  106 keptBest    [    18 24  ]  -186.163   944.946   3.186   -186.163 [ 1  1  1]   0  0.182  0.018  0.004
  2  107 keptBest    [    18 24  ]  -186.154   908.872   3.313   -186.154 [ 1  1  1]   0  0.063  0.015  0.004
  2  108 keptBest    [    18 24  ]  -186.037  1115.136   2.700   -186.037 [ 1  1  1]   0  0.183  0.019  0.005
  2  109 keptBest    [    18 24  ]  -186.020   745.937   4.036   -186.020 [ 1  1  1]   0  0.266  0.017  0.003
  2  110 keptBest    [    18 24  ]  -186.018   812.011   3.708   -186.018 [ 1  1  1]   0  0.159  0.016  0.004
  2  111 keptBest    [    18 24  ]  -185.991   855.991   3.517   -185.991 [ 1  1  1]   0  0.263  0.013  0.003
  2  112 keptBest    [    18 24  ]  -185.953   796.086   3.782   -185.953 [ 1  1  1]   0  0.232  0.013  0.003
  2  113 keptBest    [    18 24  ]  -185.934   704.867   4.271   -185.934 [ 1  1  1]   0  0.160  0.020  0.005
  3  114 Heredity    [    18 24  ]  -186.100   925.969   3.251   -186.100 [ 1  1  1]   0  0.290  0.014  0.002
  3  115 Heredity    [    18 24  ]  -186.072  1067.258   2.821   -186.072 [ 1  1  1]   0  0.301  0.014  0.002
  3  116 Heredity    [    18 24  ]  -186.083  1033.255   2.914   -186.083 [ 1  1  1]   0  0.273  0.012  0.002
  3  117 Heredity    [    18 24  ]  -185.909   799.285   3.767   -185.909 [ 1  1  1]   0  0.286  0.018  0.003
  3  118 Heredity    [    18 24  ]  -186.036   797.191   3.777   -186.036 [ 1  1  1]   0  0.290  0.014  0.002
  3  119 Heredity    [    18 24  ]  -186.056  1074.623   2.802   -186.056 [ 1  1  1]   0  0.298  0.013  0.002
  3  120 Heredity    [    18 24  ]  -186.006   898.042   3.353   -186.006 [ 1  1  1]   0  0.304  0.014  0.002
  3  121 Heredity    [    18 24  ]  -186.037  1003.393   3.001   -186.037 [ 1  1  1]   0  0.301  0.013  0.002
  3  122 Heredity    [    18 24  ]  -185.939   901.209   3.341   -185.939 [ 1  1  1]   0  0.287  0.019  0.003
  3  123 Heredity    [    18 24  ]  -186.105  1291.834   2.331   -186.105 [ 1  1  1]   0  0.303  0.015  0.002
  3  124 Heredity    [    18 24  ]  -186.126   881.115   3.417   -186.126 [ 1  1  1]   0  0.304  0.014  0.002
  3  125 Heredity    [    18 24  ]  -186.060  1076.296   2.797   -186.060 [ 1  1  1]   0  0.297  0.012  0.002
  3  126 Heredity    [    18 24  ]  -186.064  1052.110   2.862   -186.064 [ 1  1  1]   0  0.287  0.016  0.003
  3  127 Heredity    [    18 24  ]  -186.087  1011.414   2.977   -186.087 [ 1  1  1]   0  0.300  0.012  0.002
  3  128 Heredity    [    18 24  ]  -186.116  1066.164   2.824   -186.116 [ 1  1  1]   0  0.278  0.012  0.002
  3  129 Heredity    [    18 24  ]  -186.069  1075.862   2.798   -186.069 [ 1  1  1]   0  0.281  0.013  0.002
  3  130 Heredity    [    18 24  ]  -186.081  1109.267   2.714   -186.081 [ 1  1  1]   0  0.301  0.013  0.002
  3  131 Heredity    [    18 24  ]  -185.972   996.608   3.021   -185.972 [ 1  1  1]   0  0.294  0.013  0.002
  3  132 Heredity    [    18 24  ]  -186.026   860.115   3.500   -186.026 [ 1  1  1]   0  0.293  0.018  0.003
  3  133 Heredity    [    18 24  ]  -186.077   940.420   3.201   -186.077 [ 1  1  1]   0  0.286  0.017  0.003
  3  134 Heredity    [    18 24  ]  -185.426   825.641   3.647   -185.426 [ 1  1  1]   0  0.287  0.016  0.003
  3  135 Heredity    [    18 24  ]  -185.962  1086.253   2.772   -185.962 [ 1  1  1]   0  0.300  0.013  0.002
  3  136 Heredity    [    18 24  ]  -186.069   900.519   3.343   -186.069 [ 1  1  1]   0  0.276  0.014  0.002
  3  137 Heredity    [    18 24  ]  -185.904  1071.694   2.809   -185.904 [ 1  1  1]   0  0.298  0.013  0.002
  3  138 Heredity    [    18 24  ]  -186.073   861.632   3.494   -186.073 [ 1  1  1]   0  0.277  0.017  0.003
  3  139 Heredity    [    18 24  ]  -185.997  1238.601   2.431   -185.997 [ 1  1  1]   0  0.292  0.011  0.002
  3  140 Heredity    [    18 24  ]  -186.071   991.082   3.038   -186.071 [ 1  1  1]   0  0.294  0.016  0.002
  3  141 Heredity    [    18 24  ]  -185.999  1229.224   2.449   -185.999 [ 1  1  1]   0  0.301  0.012  0.002
  3  142 Heredity    [    18 24  ]  -186.064  1080.191   2.787   -186.064 [ 1  1  1]   0  0.288  0.015  0.003
  3  143 Heredity    [    18 24  ]  -186.004  1114.928   2.700   -186.004 [ 1  1  1]   0  0.280  0.015  0.003
  3  144 Heredity    [    18 24  ]  -185.821   818.338   3.679   -185.821 [ 1  1  1]   0  0.299  0.015  0.002
  3  145   Random    [    18 24  ]  -185.432   551.048   5.464   -185.432 [ 1  1  1]   0  0.200  0.018  0.005
  3  146   Random    [    18 24  ]  -185.100   507.670   5.930   -185.100 [ 1  1  1]   0  0.221  0.023  0.005
  3  147   Random    [    18 24  ]  -185.450   682.735   4.410   -185.450 [ 1  1  1]   0  0.248  0.018  0.004
  3  148   Random    [    18 24  ]  -185.063   982.626   3.064   -185.063 [ 1  1  1]   0  0.156  0.021  0.005
  3  149   Random    [    18 24  ]  -186.078   893.578   3.369   -186.078 [ 1  1  1]   0  0.180  0.014  0.003
  3  150 softmutate  [    18 24  ]  -185.995  1291.037   2.332   -185.995 [ 1  1  1]   0  0.302  0.010  0.001
  3  151 softmutate  [    18 24  ]  -186.019   745.001   4.041   -186.019 [ 1  1  1]   0  0.271  0.017  0.003
  3  152 softmutate  [    18 24  ]  -186.017   824.898   3.650   -186.017 [ 1  1  1]   0  0.203  0.015  0.004
  3  153 softmutate  [    18 24  ]  -186.026   949.359   3.171   -186.026 [ 1  1  1]   0  0.297  0.014  0.002
  3  154 softmutate  [    18 24  ]  -186.153   914.186   3.293   -186.153 [ 1  1  1]   0  0.082  0.014  0.004
  3  155 softmutate  [    18 24  ]  -186.096  1077.912   2.793   -186.096 [ 1  1  1]   0  0.274  0.010  0.002
  3  156 softmutate  [    18 24  ]  -186.078  1147.986   2.623   -186.078 [ 1  1  1]   0  0.303  0.013  0.002
  3  157 softmutate  [    18 24  ]  -185.700  1480.096   2.034   -185.700 [ 1  1  1]   0  0.319  0.009  0.001
  3  158 softmutate  [    18 24  ]  -186.158   932.002   3.230   -186.158 [ 1  1  1]   0  0.213  0.018  0.004
  3  159 softmutate  [    18 24  ]  -186.010  1282.975   2.347   -186.010 [ 1  1  1]   0  0.306  0.015  0.002
  3  160 softmutate  [    18 24  ]  -185.991  1294.518   2.326   -185.991 [ 1  1  1]   0  0.283  0.013  0.002
  3  161 softmutate  [    18 24  ]  -185.975  1217.247   2.473   -185.975 [ 1  1  1]   0  0.304  0.015  0.002
  3  162 softmutate  [    18 24  ]  -185.799  1194.954   2.520   -185.799 [ 1  1  1]   0  0.302  0.014  0.002
  3  163 softmutate  [    18 24  ]  -186.153   973.244   3.093   -186.153 [ 1  1  1]   0  0.086  0.014  0.004
  3  164 keptBest    [    18 24  ]  -186.179   521.570   5.772   -186.179 [ 1  1  1]   0  0.158  0.021  0.006
  3  165 keptBest    [    18 24  ]  -186.163   944.946   3.186   -186.163 [ 1  1  1]   0  0.182  0.018  0.004
  3  166 keptBest    [    18 24  ]  -186.154   908.872   3.313   -186.154 [ 1  1  1]   0  0.063  0.015  0.004
  3  167 keptBest    [    18 24  ]  -186.037  1115.136   2.700   -186.037 [ 1  1  1]   0  0.183  0.019  0.005
  3  168 keptBest    [    18 24  ]  -186.023  1298.283   2.319   -186.023 [ 1  1  1]   0  0.254  0.010  0.002
  3  169 keptBest    [    18 24  ]  -186.020   748.333   4.023   -186.020 [ 1  1  1]   0  0.266  0.017  0.003
  3  170 keptBest    [    18 24  ]  -186.018   812.011   3.708   -186.018 [ 1  1  1]   0  0.159  0.016  0.004
  3  171 keptBest    [    18 24  ]  -185.992  1019.182   2.954   -185.992 [ 1  1  1]   0  0.265  0.013  0.002
