 ID    Origin    Enthalpy   Parent-E   Parent-ID
   1   Random      -4.418    -4.418  [         0]
   2   Random      -4.377    -4.377  [         0]
   3   Random      -4.377    -4.377  [         0]
   4   Random      -4.331    -4.331  [         0]
   5   Random      -4.429    -4.429  [         0]
   6   Random      -4.412    -4.412  [         0]
   7   Random      -4.127    -4.127  [         0]
   8   Random      -4.419    -4.419  [         0]
   9   Random      -4.384    -4.384  [         0]
  10   Random      -4.393    -4.393  [         0]
  11   Random      -4.396    -4.396  [         0]
  12   Random      -4.420    -4.420  [         0]
  13   Random      -4.429    -4.429  [         0]
  14   Random      -4.400    -4.400  [         0]
  15   Random      -4.303    -4.303  [         0]
  16   Random      -4.424    -4.424  [         0]
  17   Random      -4.426    -4.426  [         0]
  18   Random      -4.415    -4.415  [         0]
  19   Random      -4.292    -4.292  [         0]
  20   Random      -4.400    -4.400  [         0]
  21   Random      -4.406    -4.406  [         0]
  22   Random      -4.426    -4.426  [         0]
  23   Random      -4.398    -4.398  [         0]
  24   Random      -4.419    -4.419  [         0]
  25   Random      -4.416    -4.416  [         0]
  26   Random      -4.427    -4.427  [         0]
  27   Random      -4.393    -4.393  [         0]
  28   Random      -4.408    -4.408  [         0]
  29   Random      -4.422    -4.422  [         0]
  30   Random      -4.427    -4.427  [         0]
  31   Random      -4.290    -4.290  [         0]
  32   Random      -4.414    -4.414  [         0]
  33   Random      -4.349    -4.349  [         0]
  34   Random      -4.422    -4.422  [         0]
  35   Random      -4.413    -4.413  [         0]
  36   Random      -4.427    -4.427  [         0]
  37   Random      -4.429    -4.429  [         0]
  38   Random      -4.420    -4.420  [         0]
  39   Random      -4.426    -4.426  [         0]
  40   Random      -4.386    -4.386  [         0]
  41   Random      -4.426    -4.426  [         0]
  42   Random      -4.425    -4.425  [         0]
  43   Random      -4.432    -4.432  [         0]
  44   Random      -4.426    -4.426  [         0]
  45   Random      -4.393    -4.393  [         0]
  46   Random      -4.432    -4.432  [         0]
  47   Random      -4.428    -4.428  [         0]
  48   Random      -4.416    -4.416  [         0]
  49   Random      -4.396    -4.396  [         0]
  50   Random      -4.403    -4.403  [         0]
  51   Seeds       -4.420    [          ]
  52   Seeds       -4.423    [          ]
  53   Seeds       -4.420    [          ]
  54   Seeds       -4.416    [          ]
  55   Seeds       -4.324    [          ]
  56 Heredity      -4.423    -4.425  [    36  16]
  57 Heredity      -4.427    -4.429  [    37   5]
  58 Heredity      -4.429    -4.431  [    46  37]
  59 Heredity      -4.428    -4.431  [    37  43]
  60 Heredity      -4.429    -4.427  [    46  34]
  61 Heredity      -4.429    -4.428  [    17   5]
  62 Heredity      -4.421    -4.428  [    22  37]
  63 Heredity      -4.428    -4.428  [    30  47]
  64 Heredity      -4.428    -4.426  [    43  24]
  65 Heredity      -4.426    -4.419  [    34  18]
  66 Heredity      -4.425    -4.426  [    37  52]
  67 Heredity      -4.422    -4.427  [    22  26]
  68 Heredity      -4.424    -4.425  [    52  22]
  69 Heredity      -4.429    -4.431  [    13  46]
  70 Heredity      -4.429    -4.429  [    44  43]
  71 Heredity      -4.428    -4.426  [    52   5]
  72 Heredity      -4.420    -4.427  [    22  26]
  73 Heredity      -4.430    -4.428  [    22  13]
  74 Heredity      -4.428    -4.427  [    47  17]
  75 Heredity      -4.427    -4.426  [    52  47]
  76 Heredity      -4.428    -4.431  [    43  13]
  77 Heredity      -4.427    -4.429  [    37   5]
  78 Heredity      -4.427    -4.431  [    46  37]
  79 Heredity      -4.429    -4.426  [    43  24]
  80 Heredity      -4.430    -4.429  [    43  22]
  81   Random      -4.428    -4.428  [         0]
  82   Random      -4.427    -4.427  [         0]
  83   Random      -4.369    -4.369  [         0]
  84   Random      -4.433    -4.433  [         0]
  85   Random      -4.418    -4.418  [         0]
  86   Random      -4.420    -4.420  [         0]
  87   Random      -4.408    -4.408  [         0]
  88   Random      -4.420    -4.420  [         0]
  89 softmutate    -4.428    -4.428  [        47]
  90 softmutate    -4.427    -4.427  [        30]
  91 softmutate    -4.419    -4.423  [        52]
  92 softmutate    -4.426    -4.426  [        39]
  93 softmutate    -4.424    -4.424  [        16]
  94 softmutate    -4.432    -4.432  [        43]
  95   Random      -4.375    -4.375  [         0]
  96 softmutate    -4.425    -4.428  [        47]
  97 softmutate    -4.429    -4.429  [        37]
  98 softmutate    -4.422    -4.426  [        39]
  99 softmutate    -4.414    -4.414  [        32]
 100 softmutate    -4.429    -4.429  [         5]
 101 softmutate    -4.426    -4.426  [        22]
 102 softmutate    -4.432    -4.432  [        43]
 103 softmutate    -4.429    -4.429  [        13]
 104 softmutate    -4.427    -4.427  [        36]
 105 softmutate    -4.426    -4.427  [        30]
 106 keptBest      -4.432    -4.432  [        43]
 107 keptBest      -4.432    -4.432  [        46]
 108 keptBest      -4.429    -4.429  [         5]
 109 keptBest      -4.429    -4.429  [        37]
 110 keptBest      -4.429    -4.429  [        13]
 111 keptBest      -4.428    -4.428  [        47]
 112 keptBest      -4.427    -4.427  [        30]
 113 keptBest      -4.427    -4.427  [        36]
 114 Heredity      -4.431    -4.431  [  106   61]
 115 Heredity      -4.430    -4.431  [    73  94]
 116 Heredity      -4.431    -4.431  [  107  100]
 117 Heredity      -4.426    -4.433  [    94  84]
 118 Heredity      -4.429    -4.428  [    58  81]
 119 Heredity      -4.430    -4.429  [   61  110]
 120 Heredity      -4.429    -4.429  [  108   58]
 121 Heredity      -4.429    -4.429  [    89  80]
 122 Heredity      -4.427    -4.433  [   84  106]
 123 Heredity      -4.431    -4.429  [    71  69]
 124 Heredity      -4.432    -4.431  [    58  94]
 125 Heredity      -4.430    -4.430  [   80  100]
 126 Heredity      -4.430    -4.431  [   73  106]
 127 Heredity      -4.431    -4.430  [   80  108]
 128 Heredity      -4.431    -4.431  [   60  107]
 129 Heredity      -4.430    -4.431  [   69  106]
 130 Heredity      -4.431    -4.429  [  110   61]
 131 Heredity      -4.428    -4.429  [  100   64]
 132 Heredity      -4.429    -4.430  [    84  64]
 133 Heredity      -4.430    -4.432  [    84  80]
 134 Heredity      -4.415    -4.431  [  100   84]
 135 Heredity      -4.428    -4.429  [  108   69]
 136 Heredity      -4.430    -4.431  [  107   79]
 137 Heredity      -4.426    -4.429  [   63  100]
 138 Heredity      -4.430    -4.431  [  106   79]
 139 Heredity      -4.428    -4.429  [   69  108]
 140 Heredity      -4.430    -4.431  [   94  103]
 141 Heredity      -4.429    -4.429  [    69  89]
 142 Heredity      -4.430    -4.431  [    94  73]
 143 Heredity      -4.429    -4.430  [   73  110]
 144 Heredity      -4.424    -4.428  [    81  90]
 145   Random      -4.415    -4.415  [         0]
 146   Random      -4.407    -4.407  [         0]
 147   Random      -4.415    -4.415  [         0]
 148   Random      -4.406    -4.406  [         0]
 149   Random      -4.430    -4.430  [         0]
 150 softmutate    -4.428    -4.429  [        60]
 151 softmutate    -4.429    -4.429  [        97]
 152 softmutate    -4.429    -4.429  [       110]
 153 softmutate    -4.429    -4.429  [        61]
 154 softmutate    -4.432    -4.432  [       107]
 155 softmutate    -4.431    -4.432  [       107]
 156 softmutate    -4.430    -4.430  [        73]
 157 softmutate    -4.421    -4.429  [       110]
 158 softmutate    -4.432    -4.432  [       106]
 159 softmutate    -4.429    -4.429  [        70]
 160 softmutate    -4.428    -4.428  [        71]
 161 softmutate    -4.428    -4.429  [        79]
 162 softmutate    -4.424    -4.428  [        59]
 163 softmutate    -4.432    -4.432  [       107]
 164 keptBest      -4.433    -4.433  [        84]
 165 keptBest      -4.432    -4.432  [       106]
 166 keptBest      -4.432    -4.432  [       107]
 167 keptBest      -4.429    -4.429  [       108]
 168 keptBest      -4.429    -4.429  [        60]
 169 keptBest      -4.429    -4.429  [        97]
 170 keptBest      -4.429    -4.429  [       110]
 171 keptBest      -4.428    -4.428  [        89]
