-179.163
-241.782
-247.865
-234.273
-247.713
-240.335
-239.886
-247.121
-202.117
-235.904
-238.676
-225.943
-236.118
-243.602
-239.977
-208.362
-247.003
-235.467
-219.629
-244.481
-248.583
-237.061
-220.701
-243.583
-244.361
-245.746
-233.138
-237.914
-212.581
-213.955
-241.001
-227.920
-245.199
-247.871
-245.946
-249.649
-248.575
-218.538
-231.241
-232.361
-254.077
-252.173
-251.760
-251.108
-249.309
-250.448
-252.388
-249.802
-249.338
-248.594
-249.612
-250.083
-249.409
-248.669
-248.581
-248.653
-248.405
-249.180
-248.440
-248.726
-244.341
-241.433
-247.271
-240.121
-249.718
-244.580
-246.875
-234.491
-241.576
-240.802
-246.503
-245.450
-229.167
-215.886
-247.899
-238.541
-248.594
-243.082
-237.319
-236.542
-247.018
-248.693
-245.604
-232.665
-247.174
-227.716
-244.099
-221.306
-249.612
-244.058
-247.871
-249.409
-240.603
-233.369
-232.100
-233.614
-244.901
-246.069
-244.762
-228.629
-245.662
-249.660
-248.760
-249.538
-254.077
-252.388
-252.173
-251.760
-246.516
-231.841
-235.821
-239.036
-244.392
-239.632
-243.046
-244.979
-231.839
-248.223
-246.279
-243.136
-245.105
-240.129
-250.109
-233.869
-238.800
-242.363
-242.224
-245.035
-247.825
-236.964
-243.730
-247.540
-214.562
-235.387
-237.762
-229.011
-249.309
-247.565
-244.420
-246.789
-237.491
-244.552
-244.887
-228.257
-240.204
-247.023
-243.857
-223.701
-248.124
-249.299
-246.494
-247.083
-254.077
-252.388
-252.173
-251.760
