  ID   Compositions    Enthalpies    Volumes    fitness  SYMM
                       (eV/atom)    (A^3/atom)    ()         
  41  [    19 40  ]     -4.3064     16.0946   -254.0770     0
  47  [    19 40  ]     -4.2778     24.1419   -252.3879     0
  42  [    19 40  ]     -4.2741     26.3057   -252.1730     0
  43  [    19 40  ]     -4.2671     26.3057   -251.7603     0
  44  [    19 40  ]     -4.2561     26.3057   -251.1076     0
  46  [    19 40  ]     -4.2449     26.3057   -250.4478     0
 123  [    19 40  ]     -4.2391     26.3057   -250.1093     0
  52  [    19 40  ]     -4.2387     26.3057   -250.0832     0
  48  [    19 40  ]     -4.2339     26.3057   -249.8016     0
  65  [    19 40  ]     -4.2325     26.3057   -249.7178     0
 102  [    19 40  ]     -4.2315     26.3057   -249.6602     0
  36  [    19 40  ]     -4.2313     26.3057   -249.6487     0
  51  [    19 40  ]     -4.2307     26.3057   -249.6120     0
 104  [    19 40  ]     -4.2295     26.3057   -249.5382     0
  53  [    19 40  ]     -4.2273     26.3057   -249.4093     0
  49  [    19 40  ]     -4.2261     26.3057   -249.3383     0
  45  [    19 40  ]     -4.2256     26.3057   -249.3091     0
 150  [    19 40  ]     -4.2254     26.3057   -249.2990     0
  58  [    19 40  ]     -4.2234     26.3057   -249.1802     0
 103  [    19 40  ]     -4.2163     26.3057   -248.7604     0
