Gen   ID    Origin   Composition    Enthalpy   Volume  Density   Fitness   KPOINTS  SYMM  Q_entr A_order S_order
                                      (eV)     (A^3)  (g/cm^3)
  1    1   Random    [    19 40  ]  -179.163  1552.036   3.045   -179.163 [ 1  1  1]   0  0.154  0.191  6.328
  1    2   Random    [    19 40  ]  -241.782  1552.036   3.045   -241.782 [ 1  1  1]   0  0.231  0.191  1.898
  1    3   Random    [    19 40  ]  -247.865  1552.036   3.045   -247.865 [ 1  1  1]   0  0.179  0.192  2.656
  1    4   Random    [    19 40  ]  -234.273  1552.036   3.045   -234.273 [ 1  1  1]   0  0.163  0.192  2.283
  1    5   Random    [    19 40  ]  -247.713  1552.036   3.045   -247.713 [ 1  1  1]   0  0.145  0.191  3.459
  1    6   Random    [    19 40  ]  -240.335  1552.036   3.045   -240.335 [ 1  1  1]   0  0.182  0.191  2.451
  1    7   Random    [    19 40  ]  -239.886  1552.036   3.045   -239.886 [ 1  1  1]   0  0.201  0.191  2.527
  1    8   Random    [    19 40  ]  -247.121  1552.036   3.045   -247.121 [ 1  1  1]   0  0.130  0.192  2.851
  1    9   Random    [    19 40  ]  -202.117  1552.036   3.045   -202.117 [ 1  1  1]   0  0.188  0.192  4.806
  1   10   Random    [    19 40  ]  -235.904  1552.036   3.045   -235.904 [ 1  1  1]   0  0.188  0.193  2.556
  1   11   Random    [    19 40  ]  -238.676  1552.036   3.045   -238.676 [ 1  1  1]   0  0.196  0.190  2.974
  1   12   Random    [    19 40  ]  -225.943  1552.036   3.045   -225.943 [ 1  1  1]   0  0.227  0.192  3.713
  1   13   Random    [    19 40  ]  -236.118  1552.036   3.045   -236.118 [ 1  1  1]   0  0.230  0.192  1.894
  1   14   Random    [    19 40  ]  -243.602  1552.036   3.045   -243.602 [ 1  1  1]   0  0.132  0.191  3.789
  1   15   Random    [    19 40  ]  -239.977  1552.036   3.045   -239.977 [ 1  1  1]   0  0.161  0.193  3.240
  1   16   Random    [    19 40  ]  -208.362  1552.036   3.045   -208.362 [ 1  1  1]   0  0.232  0.192  2.829
  1   17   Random    [    19 40  ]  -247.003  1552.036   3.045   -247.003 [ 1  1  1]   0  0.163  0.192  1.726
  1   18   Random    [    19 40  ]  -235.467  1552.036   3.045   -235.467 [ 1  1  1]   0  0.243  0.191  1.976
  1   19   Random    [    19 40  ]  -219.629  1552.036   3.045   -219.629 [ 1  1  1]   0  0.236  0.192  3.367
  1   20   Random    [    19 40  ]  -244.481  1552.036   3.045   -244.481 [ 1  1  1]   0  0.157  0.192  3.194
  1   21   Random    [    19 40  ]  -248.583  1552.036   3.045   -248.583 [ 1  1  1]   0  0.162  0.192  2.879
  1   22   Random    [    19 40  ]  -237.061  1552.036   3.045   -237.061 [ 1  1  1]   0  0.156  0.191  1.741
  1   23   Random    [    19 40  ]  -220.701  1552.036   3.045   -220.701 [ 1  1  1]   0  0.230  0.191  4.970
  1   24   Random    [    19 40  ]  -243.583  1552.036   3.045   -243.583 [ 1  1  1]   0  0.035  0.191  3.538
  1   25   Random    [    19 40  ]  -244.361  1552.036   3.045   -244.361 [ 1  1  1]   0  0.171  0.192  2.327
  1   26   Random    [    19 40  ]  -245.746  1552.036   3.045   -245.746 [ 1  1  1]   0  0.169  0.192  2.208
  1   27   Random    [    19 40  ]  -233.138  1552.036   3.045   -233.138 [ 1  1  1]   0  0.138  0.192  2.925
  1   28   Random    [    19 40  ]  -237.914  1552.036   3.045   -237.914 [ 1  1  1]   0  0.176  0.192  1.963
  1   29   Random    [    19 40  ]  -212.581  1552.036   3.045   -212.581 [ 1  1  1]   0  0.191  0.193  4.182
  1   30   Random    [    19 40  ]  -213.955  1552.036   3.045   -213.955 [ 1  1  1]   0  0.258  0.192  2.642
  1   31   Random    [    19 40  ]  -241.001  1552.036   3.045   -241.001 [ 1  1  1]   0  0.172  0.192  2.731
  1   32   Random    [    19 40  ]  -227.920  1552.036   3.045   -227.920 [ 1  1  1]   0  0.174  0.190  2.206
  1   33   Random    [    19 40  ]  -245.199  1552.036   3.045   -245.199 [ 1  1  1]   0  0.148  0.193  3.415
  1   34   Random    [    19 40  ]  -247.871  1552.036   3.045   -247.871 [ 1  1  1]   0  0.119  0.192  2.514
  1   35   Random    [    19 40  ]  -245.946  1552.036   3.045   -245.946 [ 1  1  1]   0  0.188  0.192  2.677
  1   36   Random    [    19 40  ]  -249.649  1552.036   3.045   -249.649 [ 1  1  1]   0  0.123  0.191  2.651
  1   37   Random    [    19 40  ]  -248.575  1552.036   3.045   -248.575 [ 1  1  1]   0  0.110  0.193  3.724
  1   38   Random    [    19 40  ]  -218.538  1552.036   3.045   -218.538 [ 1  1  1]   0  0.229  0.192  3.265
  1   39   Random    [    19 40  ]  -231.241  1552.036   3.045   -231.241 [ 1  1  1]   0  0.149  0.192  3.375
  1   40   Random    [    19 40  ]  -232.361  1552.036   3.045   -232.361 [ 1  1  1]   0  0.221  0.192  3.173
  1   41   Seeds     [    19 40  ]  -254.077   949.580   4.977   -254.077 [ 1  1  1]   0  0.065  0.192  5.972
  1   42   Seeds     [    19 40  ]  -252.173  1552.036   3.045   -252.173 [ 1  1  1]   0  0.144  0.193  3.286
  1   43   Seeds     [    19 40  ]  -251.760  1552.036   3.045   -251.760 [ 1  1  1]   0  0.150  0.192  3.046
  1   44   Seeds     [    19 40  ]  -251.108  1552.036   3.045   -251.108 [ 1  1  1]   0  0.192  0.192  2.092
  1   45   Seeds     [    19 40  ]  -249.309  1552.036   3.045   -249.309 [ 1  1  1]   0  0.204  0.193  2.487
  1   46   Seeds     [    19 40  ]  -250.448  1552.036   3.045   -250.448 [ 1  1  1]   0  0.139  0.192  2.234
  1   47   Seeds     [    19 40  ]  -252.388  1424.372   3.318   -252.388 [ 1  1  1]   0  0.157  0.192  1.650
  1   48   Seeds     [    19 40  ]  -249.802  1552.036   3.045   -249.802 [ 1  1  1]   0  0.217  0.192  1.829
  1   49   Seeds     [    19 40  ]  -249.338  1552.036   3.045   -249.338 [ 1  1  1]   0  0.141  0.193  2.771
  1   50   Seeds     [    19 40  ]  -248.594  1552.036   3.045   -248.594 [ 1  1  1]   0  0.209  0.192  2.786
  1   51   Seeds     [    19 40  ]  -249.612  1552.036   3.045   -249.612 [ 1  1  1]   0  0.238  0.192  1.841
  1   52   Seeds     [    19 40  ]  -250.083  1552.036   3.045   -250.083 [ 1  1  1]   0  0.163  0.192  2.397
  1   53   Seeds     [    19 40  ]  -249.409  1552.036   3.045   -249.409 [ 1  1  1]   0  0.216  0.192  1.997
  1   54   Seeds     [    19 40  ]  -248.669  1552.036   3.045   -248.669 [ 1  1  1]   0  0.176  0.191  1.817
  1   55   Seeds     [    19 40  ]  -248.581  1552.036   3.045   -248.581 [ 1  1  1]   0  0.149  0.191  1.916
  1   56   Seeds     [    19 40  ]  -248.653  1552.036   3.045   -248.653 [ 1  1  1]   0  0.165  0.191  1.729
  1   57   Seeds     [    19 40  ]  -248.405  1552.036   3.045   -248.405 [ 1  1  1]   0  0.142  0.191  1.918
  1   58   Seeds     [    19 40  ]  -249.180  1552.036   3.045   -249.180 [ 1  1  1]   0  0.159  0.191  2.212
  1   59   Seeds     [    19 40  ]  -248.440  1552.036   3.045   -248.440 [ 1  1  1]   0  0.108  0.192  2.767
  1   60   Seeds     [    19 40  ]  -248.726  1552.036   3.045   -248.726 [ 1  1  1]   0  0.170  0.192  1.945
  2   61 Heredity    [    19 40  ]  -244.341  1552.036   3.045   -244.341 [ 1  1  1]   0  0.208  0.192  1.867
  2   62 Heredity    [    19 40  ]  -241.433  1552.036   3.045   -241.433 [ 1  1  1]   0  0.186  0.192  1.797
  2   63 Heredity    [    19 40  ]  -247.271  1552.036   3.045   -247.271 [ 1  1  1]   0  0.227  0.192  1.908
  2   64 Heredity    [    19 40  ]  -240.121  1552.036   3.045   -240.121 [ 1  1  1]   0  0.156  0.192  1.998
  2   65 Heredity    [    19 40  ]  -249.718  1552.036   3.045   -249.718 [ 1  1  1]   0  0.166  0.192  2.327
  2   66 Heredity    [    19 40  ]  -244.580  1552.036   3.045   -244.580 [ 1  1  1]   0  0.223  0.192  1.880
  2   67 Heredity    [    19 40  ]  -246.875  1552.036   3.045   -246.875 [ 1  1  1]   0  0.183  0.192  1.913
  2   68 Heredity    [    19 40  ]  -234.491  1552.036   3.045   -234.491 [ 1  1  1]   0  0.255  0.192  1.828
  2   69 Heredity    [    19 40  ]  -241.576  1552.036   3.045   -241.576 [ 1  1  1]   0  0.220  0.192  2.290
  2   70 Heredity    [    19 40  ]  -240.802  1552.036   3.045   -240.802 [ 1  1  1]   0  0.140  0.192  1.848
  2   71 Heredity    [    19 40  ]  -246.503  1552.036   3.045   -246.503 [ 1  1  1]   0  0.225  0.192  2.003
  2   72 Heredity    [    19 40  ]  -245.450  1552.036   3.045   -245.450 [ 1  1  1]   0  0.194  0.192  1.916
  2   73 Heredity    [    19 40  ]  -229.167  1552.036   3.045   -229.167 [ 1  1  1]   0  0.231  0.192  2.038
  2   74 Heredity    [    19 40  ]  -215.886  1552.036   3.045   -215.886 [ 1  1  1]   0  0.218  0.192  2.279
  2   75 Heredity    [    19 40  ]  -247.899  1552.036   3.045   -247.899 [ 1  1  1]   0  0.218  0.192  2.008
  2   76 Heredity    [    19 40  ]  -238.541  1552.036   3.045   -238.541 [ 1  1  1]   0  0.172  0.192  1.873
  2   77 Heredity    [    19 40  ]  -248.594  1552.036   3.045   -248.594 [ 1  1  1]   0  0.204  0.192  2.040
  2   78 Heredity    [    19 40  ]  -243.082  1552.036   3.045   -243.082 [ 1  1  1]   0  0.221  0.192  1.839
  2   79 Heredity    [    19 40  ]  -237.319  1552.036   3.045   -237.319 [ 1  1  1]   0  0.232  0.192  1.855
  2   80 Heredity    [    19 40  ]  -236.542  1552.036   3.045   -236.542 [ 1  1  1]   0  0.175  0.192  1.876
  2   81   Random    [    19 40  ]  -247.018  1552.036   3.045   -247.018 [ 1  1  1]   0  0.134  0.191  3.331
  2   82   Random    [    19 40  ]  -248.693  1552.036   3.045   -248.693 [ 1  1  1]   0  0.169  0.192  2.965
  2   83   Random    [    19 40  ]  -245.604  1552.036   3.045   -245.604 [ 1  1  1]   0  0.215  0.192  2.273
  2   84   Random    [    19 40  ]  -232.665  1552.036   3.045   -232.665 [ 1  1  1]   0  0.174  0.191  4.183
  2   85   Random    [    19 40  ]  -247.174  1552.036   3.045   -247.174 [ 1  1  1]   0  0.248  0.192  2.677
  2   86   Random    [    19 40  ]  -227.716  1552.036   3.045   -227.716 [ 1  1  1]   0  0.213  0.192  4.093
  2   87   Random    [    19 40  ]  -244.099  1552.036   3.045   -244.099 [ 1  1  1]   0  0.156  0.192  2.225
  2   88   Random    [    19 40  ]  -221.306  1552.036   3.045   -221.306 [ 1  1  1]   0  0.174  0.192  3.181
  2   89 Permutate   [    19 40  ]  -249.612  1552.036   3.045   -249.519 [ 1  1  1]   0  0.238  0.192  1.841
  2   90 Permutate   [    19 40  ]  -244.058  1552.036   3.045   -244.058 [ 1  1  1]   0  0.164  0.193  3.283
  2   91 Permutate   [    19 40  ]  -247.871  1552.036   3.045   -247.778 [ 1  1  1]   0  0.119  0.192  2.514
  2   92 Permutate   [    19 40  ]  -249.409  1552.036   3.045   -249.316 [ 1  1  1]   0  0.216  0.192  1.997
  2   93 softmutate  [    19 40  ]  -240.603  1797.960   2.628   -240.603 [ 1  1  1]   0  0.229  0.192  1.715
  2   94 softmutate  [    19 40  ]  -233.369  1552.036   3.045   -233.369 [ 1  1  1]   0  0.246  0.191  2.028
  2   95 softmutate  [    19 40  ]  -232.100  1552.036   3.045   -232.100 [ 1  1  1]   0  0.203  0.192  2.574
  2   96 softmutate  [    19 40  ]  -233.614  1552.036   3.045   -233.614 [ 1  1  1]   0  0.212  0.192  2.322
  2   97 softmutate  [    19 40  ]  -244.901  1797.960   2.628   -244.901 [ 1  1  1]   0  0.145  0.191  1.647
  2   98 softmutate  [    19 40  ]  -246.069  1552.036   3.045   -246.069 [ 1  1  1]   0  0.165  0.191  2.176
  2   99 softmutate  [    19 40  ]  -244.762  1552.036   3.045   -244.762 [ 1  1  1]   0  0.176  0.192  1.810
  2  100 softmutate  [    19 40  ]  -228.629  1552.036   3.045   -228.629 [ 1  1  1]   0  0.259  0.191  2.657
  2  101 Transmutate [    19 40  ]  -245.662  1552.036   3.045   -245.662 [ 1  1  1]   0  0.182  0.192  1.860
  2  102 Transmutate [    19 40  ]  -249.660  1552.036   3.045   -249.660 [ 1  1  1]   0  0.179  0.192  2.561
  2  103 Transmutate [    19 40  ]  -248.760  1552.036   3.045   -248.760 [ 1  1  1]   0  0.172  0.192  2.387
  2  104 Transmutate [    19 40  ]  -249.538  1552.036   3.045   -249.538 [ 1  1  1]   0  0.189  0.192  2.519
  2  105 keptBest    [    19 40  ]  -254.077   949.580   4.977   -253.984 [ 1  1  1]   0  0.065  0.192  5.972
  2  106 keptBest    [    19 40  ]  -252.388  1424.372   3.318   -252.295 [ 1  1  1]   0  0.157  0.192  1.650
  2  107 keptBest    [    19 40  ]  -252.173  1552.036   3.045   -252.080 [ 1  1  1]   0  0.144  0.193  3.286
  2  108 keptBest    [    19 40  ]  -251.760  1552.036   3.045   -251.667 [ 1  1  1]   0  0.150  0.192  3.046
  3  109 Heredity    [    19 40  ]  -246.516  1552.036   3.045   -246.516 [ 1  1  1]   0  0.191  0.192  1.769
  3  110 Heredity    [    19 40  ]  -231.841  1552.036   3.045   -231.841 [ 1  1  1]   0  0.227  0.192  2.213
  3  111 Heredity    [    19 40  ]  -235.821  1552.036   3.045   -235.821 [ 1  1  1]   0  0.231  0.192  2.055
  3  112 Heredity    [    19 40  ]  -239.036  1552.036   3.045   -239.036 [ 1  1  1]   0  0.231  0.192  1.783
  3  113 Heredity    [    19 40  ]  -244.392  1552.036   3.045   -244.392 [ 1  1  1]   0  0.176  0.192  1.762
  3  114 Heredity    [    19 40  ]  -239.632  1552.036   3.045   -239.632 [ 1  1  1]   0  0.209  0.192  1.913
  3  115 Heredity    [    19 40  ]  -243.046  1552.036   3.045   -243.046 [ 1  1  1]   0  0.169  0.192  1.852
  3  116 Heredity    [    19 40  ]  -244.979  1552.036   3.045   -244.979 [ 1  1  1]   0  0.232  0.192  2.140
  3  117 Heredity    [    19 40  ]  -231.839  1552.036   3.045   -231.839 [ 1  1  1]   0  0.261  0.192  2.211
  3  118 Heredity    [    19 40  ]  -248.223  1552.036   3.045   -248.223 [ 1  1  1]   0  0.222  0.192  1.811
  3  119 Heredity    [    19 40  ]  -246.279  1552.036   3.045   -246.279 [ 1  1  1]   0  0.238  0.192  1.724
  3  120 Heredity    [    19 40  ]  -243.136  1552.036   3.045   -243.136 [ 1  1  1]   0  0.238  0.192  2.323
  3  121 Heredity    [    19 40  ]  -245.105  1552.036   3.045   -245.105 [ 1  1  1]   0  0.216  0.192  1.758
  3  122 Heredity    [    19 40  ]  -240.129  1552.036   3.045   -240.129 [ 1  1  1]   0  0.167  0.192  1.930
  3  123 Heredity    [    19 40  ]  -250.109  1552.036   3.045   -250.109 [ 1  1  1]   0  0.217  0.192  1.689
  3  124 Heredity    [    19 40  ]  -233.869  1552.036   3.045   -233.869 [ 1  1  1]   0  0.240  0.192  2.510
  3  125 Heredity    [    19 40  ]  -238.800  1552.036   3.045   -238.770 [ 1  1  1]   0  0.189  0.192  2.547
  3  126 Heredity    [    19 40  ]  -242.363  1552.036   3.045   -242.363 [ 1  1  1]   0  0.230  0.191  1.910
  3  127 Heredity    [    19 40  ]  -242.224  1552.036   3.045   -242.224 [ 1  1  1]   0  0.198  0.192  2.058
  3  128 Heredity    [    19 40  ]  -245.035  1552.036   3.045   -245.035 [ 1  1  1]   0  0.225  0.192  2.291
  3  129   Random    [    19 40  ]  -247.825  1552.036   3.045   -247.825 [ 1  1  1]   0  0.201  0.191  2.840
  3  130   Random    [    19 40  ]  -236.964  1552.036   3.045   -236.964 [ 1  1  1]   0  0.081  0.193  4.034
  3  131   Random    [    19 40  ]  -243.730  1552.036   3.045   -243.730 [ 1  1  1]   0  0.163  0.191  1.973
  3  132   Random    [    19 40  ]  -247.540  1552.036   3.045   -247.540 [ 1  1  1]   0  0.129  0.193  2.900
  3  133   Random    [    19 40  ]  -214.562  1552.036   3.045   -214.562 [ 1  1  1]   0  0.236  0.192  1.984
  3  134   Random    [    19 40  ]  -235.387  1552.036   3.045   -235.387 [ 1  1  1]   0  0.185  0.192  2.450
  3  135   Random    [    19 40  ]  -237.762  1552.036   3.045   -237.762 [ 1  1  1]   0  0.238  0.192  2.410
  3  136   Random    [    19 40  ]  -229.011  1552.036   3.045   -229.011 [ 1  1  1]   0  0.176  0.191  1.984
  3  137 Permutate   [    19 40  ]  -249.309  1552.036   3.045   -249.216 [ 1  1  1]   0  0.204  0.193  2.487
  3  138 Permutate   [    19 40  ]  -247.565  1552.036   3.045   -247.565 [ 1  1  1]   0  0.234  0.192  1.846
  3  139 Permutate   [    19 40  ]  -244.420  1552.036   3.045   -244.420 [ 1  1  1]   0  0.215  0.192  1.938
  3  140 Permutate   [    19 40  ]  -246.789  1552.036   3.045   -246.789 [ 1  1  1]   0  0.227  0.192  1.881
  3  141 softmutate  [    19 40  ]  -237.491  1552.036   3.045   -237.491 [ 1  1  1]   0  0.252  0.192  1.741
  3  142 softmutate  [    19 40  ]  -244.552  1552.036   3.045   -244.552 [ 1  1  1]   0  0.254  0.191  1.890
  3  143 softmutate  [    19 40  ]  -244.887  1797.960   2.628   -244.887 [ 1  1  1]   0  0.145  0.192  1.679
  3  144 softmutate  [    19 40  ]  -228.257  1552.036   3.045   -228.257 [ 1  1  1]   0  0.213  0.191  2.613
  3  145 softmutate  [    19 40  ]  -240.204  1552.036   3.045   -240.204 [ 1  1  1]   0  0.226  0.192  1.928
  3  146 softmutate  [    19 40  ]  -247.023  1552.036   3.045   -247.023 [ 1  1  1]   0  0.183  0.192  1.833
  3  147 softmutate  [    19 40  ]  -243.857  1552.036   3.045   -243.857 [ 1  1  1]   0  0.224  0.191  1.894
  3  148 softmutate  [    19 40  ]  -223.701  1552.036   3.045   -223.701 [ 1  1  1]   0  0.184  0.191  3.385
  3  149 Transmutate [    19 40  ]  -248.124  1552.036   3.045   -248.124 [ 1  1  1]   0  0.149  0.192  2.396
  3  150 Transmutate [    19 40  ]  -249.299  1552.036   3.045   -249.299 [ 1  1  1]   0  0.185  0.192  1.963
  3  151 Transmutate [    19 40  ]  -246.494  1552.036   3.045   -246.494 [ 1  1  1]   0  0.194  0.192  1.976
  3  152 Transmutate [    19 40  ]  -247.083  1552.036   3.045   -247.083 [ 1  1  1]   0  0.164  0.192  1.893
  3  153 keptBest    [    19 40  ]  -254.077   949.580   4.977   -253.919 [ 1  1  1]   0  0.065  0.192  5.972
  3  154 keptBest    [    19 40  ]  -252.388  1424.372   3.318   -252.230 [ 1  1  1]   0  0.157  0.192  1.650
  3  155 keptBest    [    19 40  ]  -252.173  1552.036   3.045   -252.015 [ 1  1  1]   0  0.144  0.193  3.286
  3  156 keptBest    [    19 40  ]  -251.760  1552.036   3.045   -251.602 [ 1  1  1]   0  0.150  0.192  3.046
