 ID    Origin    Enthalpy   Parent-E   Parent-ID
   1   Random      -3.037    -3.037  [         0]
   2   Random      -4.098    -4.098  [         0]
   3   Random      -4.201    -4.201  [         0]
   4   Random      -3.971    -3.971  [         0]
   5   Random      -4.199    -4.199  [         0]
   6   Random      -4.073    -4.073  [         0]
   7   Random      -4.066    -4.066  [         0]
   8   Random      -4.188    -4.188  [         0]
   9   Random      -3.426    -3.426  [         0]
  10   Random      -3.998    -3.998  [         0]
  11   Random      -4.045    -4.045  [         0]
  12   Random      -3.830    -3.830  [         0]
  13   Random      -4.002    -4.002  [         0]
  14   Random      -4.129    -4.129  [         0]
  15   Random      -4.067    -4.067  [         0]
  16   Random      -3.532    -3.532  [         0]
  17   Random      -4.186    -4.186  [         0]
  18   Random      -3.991    -3.991  [         0]
  19   Random      -3.723    -3.723  [         0]
  20   Random      -4.144    -4.144  [         0]
  21   Random      -4.213    -4.213  [         0]
  22   Random      -4.018    -4.018  [         0]
  23   Random      -3.741    -3.741  [         0]
  24   Random      -4.129    -4.129  [         0]
  25   Random      -4.142    -4.142  [         0]
  26   Random      -4.165    -4.165  [         0]
  27   Random      -3.951    -3.951  [         0]
  28   Random      -4.032    -4.032  [         0]
  29   Random      -3.603    -3.603  [         0]
  30   Random      -3.626    -3.626  [         0]
  31   Random      -4.085    -4.085  [         0]
  32   Random      -3.863    -3.863  [         0]
  33   Random      -4.156    -4.156  [         0]
  34   Random      -4.201    -4.201  [         0]
  35   Random      -4.169    -4.169  [         0]
  36   Random      -4.231    -4.231  [         0]
  37   Random      -4.213    -4.213  [         0]
  38   Random      -3.704    -3.704  [         0]
  39   Random      -3.919    -3.919  [         0]
  40   Random      -3.938    -3.938  [         0]
  41   Seeds       -4.306    [          ]
  42   Seeds       -4.274    [          ]
  43   Seeds       -4.267    [          ]
  44   Seeds       -4.256    [          ]
  45   Seeds       -4.226    [          ]
  46   Seeds       -4.245    [          ]
  47   Seeds       -4.278    [          ]
  48   Seeds       -4.234    [          ]
  49   Seeds       -4.226    [          ]
  50   Seeds       -4.213    [          ]
  51   Seeds       -4.231    [          ]
  52   Seeds       -4.239    [          ]
  53   Seeds       -4.227    [          ]
  54   Seeds       -4.215    [          ]
  55   Seeds       -4.213    [          ]
  56   Seeds       -4.214    [          ]
  57   Seeds       -4.210    [          ]
  58   Seeds       -4.223    [          ]
  59   Seeds       -4.211    [          ]
  60   Seeds       -4.216    [          ]
  61 Heredity      -4.141    -4.238  [    46  53]
  62 Heredity      -4.092    -4.248  [    44  45]
  63 Heredity      -4.191    -4.249  [    44  36]
  64 Heredity      -4.070    -4.226  [    54  36]
  65 Heredity      -4.233    -4.249  [    43  52]
  66 Heredity      -4.145    -4.235  [    52  48]
  67 Heredity      -4.184    -4.225  [    58  49]
  68 Heredity      -3.974    -4.272  [    41  44]
  69 Heredity      -4.095    -4.219  [    21  49]
  70 Heredity      -4.081    -4.232  [    56  44]
  71 Heredity      -4.178    -4.253  [    41  51]
  72 Heredity      -4.160    -4.248  [    53  42]
  73 Heredity      -3.884    -4.237  [    41  26]
  74 Heredity      -3.659    -4.242  [    43  36]
  75 Heredity      -4.202    -4.255  [    58  43]
  76 Heredity      -4.043    -4.231  [    48  45]
  77 Heredity      -4.213    -4.205  [    56   3]
  78 Heredity      -4.120    -4.216  [    48  57]
  79 Heredity      -4.022    -4.254  [     3  47]
  80 Heredity      -4.009    -4.236  [    17  44]
  81   Random      -4.187    -4.187  [         0]
  82   Random      -4.215    -4.215  [         0]
  83   Random      -4.163    -4.163  [         0]
  84   Random      -3.943    -3.943  [         0]
  85   Random      -4.189    -4.189  [         0]
  86   Random      -3.860    -3.860  [         0]
  87   Random      -4.137    -4.137  [         0]
  88   Random      -3.751    -3.751  [         0]
  89 Permutate     -4.231    -4.231  [        51]
  90 Permutate     -4.137    -4.156  [        33]
  91 Permutate     -4.201    -4.201  [        34]
  92 Permutate     -4.227    -4.227  [        53]
  93 softmutate    -4.078    -4.278  [        47]
  94 softmutate    -3.955    -4.267  [        43]
  95 softmutate    -3.934    -4.085  [        31]
  96 softmutate    -3.960    -4.231  [        36]
  97 softmutate    -4.151    -4.278  [        47]
  98 softmutate    -4.171    -4.231  [        36]
  99 softmutate    -4.149    -4.234  [        48]
 100 softmutate    -3.875    -4.226  [        45]
 101 Transmutate   -4.164    -4.231  [        51]
 102 Transmutate   -4.232    -4.274  [        42]
 103 Transmutate   -4.216    -4.213  [        37]
 104 Transmutate   -4.229    -4.226  [        45]
 105 keptBest      -4.306    -4.306  [        41]
 106 keptBest      -4.278    -4.278  [        47]
 107 keptBest      -4.274    -4.274  [        42]
 108 keptBest      -4.267    -4.267  [        43]
 109 Heredity      -4.178    -4.198  [   63  103]
 110 Heredity      -3.930    -4.211  [    92  75]
 111 Heredity      -3.997    -4.182  [   90  103]
 112 Heredity      -4.051    -4.226  [   78  106]
 113 Heredity      -4.142    -4.233  [   83  106]
 114 Heredity      -4.062    -4.220  [  103   92]
 115 Heredity      -4.119    -4.251  [  102  106]
 116 Heredity      -4.152    -4.221  [    91  89]
 117 Heredity      -3.929    -4.246  [   82  106]
 118 Heredity      -4.207    -4.229  [    65  92]
 119 Heredity      -4.174    -4.262  [  106   65]
 120 Heredity      -4.121    -4.201  [    92  85]
 121 Heredity      -4.154    -4.222  [   77  102]
 122 Heredity      -4.070    -4.231  [    92  65]
 123 Heredity      -4.239    -4.252  [  108   89]
 124 Heredity      -3.964    -4.220  [    92  82]
 125 Heredity      -4.047    -4.230  [   89  104]
 126 Heredity      -4.108    -4.194  [    75  71]
 127 Heredity      -4.105    -4.273  [  102  105]
 128 Heredity      -4.153    -4.278  [  108  105]
 129   Random      -4.200    -4.200  [         0]
 130   Random      -4.016    -4.016  [         0]
 131   Random      -4.131    -4.131  [         0]
 132   Random      -4.196    -4.196  [         0]
 133   Random      -3.637    -3.637  [         0]
 134   Random      -3.990    -3.990  [         0]
 135   Random      -4.030    -4.030  [         0]
 136   Random      -3.882    -3.882  [         0]
 137 Permutate     -4.226    -4.274  [       107]
 138 Permutate     -4.196    -4.231  [        89]
 139 Permutate     -4.143    -4.202  [        75]
 140 Permutate     -4.183    -4.227  [        92]
 141 softmutate    -4.025    -4.231  [        89]
 142 softmutate    -4.145    -4.267  [       108]
 143 softmutate    -4.151    -4.278  [       106]
 144 softmutate    -3.869    -4.229  [       104]
 145 softmutate    -4.071    -4.232  [       102]
 146 softmutate    -4.187    -4.233  [        65]
 147 softmutate    -4.133    -4.267  [       108]
 148 softmutate    -3.792    -4.187  [        81]
 149 Transmutate   -4.205    -4.267  [       108]
 150 Transmutate   -4.225    -4.232  [       102]
 151 Transmutate   -4.178    -4.233  [        65]
 152 Transmutate   -4.188    -4.231  [        89]
 153 keptBest      -4.306    -4.306  [       105]
 154 keptBest      -4.278    -4.278  [       106]
 155 keptBest      -4.274    -4.274  [       107]
 156 keptBest      -4.267    -4.267  [       108]
