-173.0421421458781
-177.68799162977598
-180.25867538118484
-181.00404556071527
-175.56832055176875
-172.39011726283806
-175.1264461672669
-183.8137848612953
-168.5874758643657
-176.06293523721519
-174.1083645852506
-164.53957012646197
-171.7203295498386
-182.04640142537883
-155.7707256557557
-175.79266430777727
-164.46248735029502
-179.52397306809968
-170.23881751728345
-156.79122241521947
-160.5384698225647
-167.76326649631199
-186.50196391152878
-178.6108667207631
-171.7682342169732
-176.74320500892176
-144.29509280311447
-180.66173030766242
-180.18941485860955
-160.51790344059745
-176.01996373580334
-164.3392669721135
-177.33773536263823
-170.97263515339242
-146.70026434038544
-168.4582412318728
-163.0566317142406
-176.37080756545123
-171.8411541075277
-175.50997958307605
-169.29896956223286
-155.937851071268
-167.7619456718914
-179.7228175956925
-175.3746752458694
-181.27884597523112
-146.12514133788477
-173.78194950614588
-175.22831630818203
-180.37952801478306
-176.73297777947656
-164.84816135730296
-180.59014087878913
-111.452032865572
-177.3242885728097
-182.28825323721017
-180.78095523384079
-179.7415092948157
-180.867958947214
-181.2122378373286
-179.18609152616233
-179.44633248442628
-179.33053516252227
-177.7012435097475
-178.5064124541976
-182.33241663289556
-176.17399017435713
-177.85467549897749
-180.96003606461608
-177.6432814681756
-179.3952800305113
-182.58107492472735
-179.75297850318753
-176.97151371422567
-177.93270122684763
-174.14382210538912
-183.90056505889862
-178.04104749618395
-179.3306149789675
-176.84643652428258
-173.7136414392856
-183.74609213187713
-165.2798299560636
-172.74163225161206
-170.356626896774
-180.63367422651027
-173.27122120324455
-162.16427523972035
-179.41480858458138
-180.23195042766412
-176.75189798719114
-174.27203166666942
-181.4674031536124
-176.37010233917061
-178.62806564461494
-186.54266665111103
-176.75097168644461
-186.37694241908352
-179.48161862584743
-179.46206808815094
-180.69271765434308
-176.3189108399647
-180.64468429898298
-177.5062666593995
-186.41162085007878
-181.17813798494515
-182.12929964249372
-183.99390141861036
-179.10797359277402
-180.74827901751343
-181.2510398010459
-177.82774194827763
-182.679625914963
-179.83821608891526
-179.56698800473146
-181.1945347330707
-182.34772770762774
-183.39486163383947
-181.34892521340726
-181.35058235386106
-182.07104389235116
-181.79928532968052
-180.95815255274513
-178.91016854660245
-180.73969751008588
-183.82885726106548
-181.1364455355062
-180.59837574992886
-178.39841489527402
-178.43666356848962
-183.26389941348125
-179.84012997907502
-179.16254981866587
-185.2255152695523
-178.1789103562005
-181.36762568523633
-180.34462546717876
-177.80895927506012
-179.1472456959601
-175.36357566143192
-178.94371779424625
-172.7478342659801
-184.10726582043895
-181.44966387877872
-183.9800815330707
-181.03972285931997
-180.700215067109
-182.80807290782565
-182.64152876068226
-183.73139426681382
-181.47467845225188
-180.27218120264587
-179.05064208755982
-173.08631781434934
-180.20261727055149
