-227.9076188433108
-220.77248350804894
-223.7944624202679
-227.62065214482175
-224.218060994549
-216.12230234067695
-223.6033762117089
-227.47820044155185
-227.61262205698716
-229.5847746747316
-227.31434398089885
-220.96562708614763
-224.0214792071684
-227.18818737485861
-225.7446647977217
-226.41993134284508
-203.61551882057813
-233.29265212875063
-223.379754795926
-226.12219371876293
-233.88267325048665
-203.33981562063425
-226.08746117014852
-223.05959813985757
-219.41445724819027
-212.79348376658618
-230.09497721341026
-230.1469052717436
-236.1429683689611
-222.49998391222715
-220.45089155837326
-231.61719579617937
-235.27849123374142
-230.0029367607532
-227.0867329467542
-222.3624050087823
-225.388627609886
-229.98588084286555
-222.4241426565136
-219.3751367764705
-240.01447839876926
-237.3613875449951
-234.4082440050389
-236.91857393689875
-223.57716560575145
-221.04976448298805
-225.6727226815467
-228.0458134301254
-227.92880711782857
-228.3760931991429
-233.01593058893224
-233.13819785350427
-230.3738535830993
-229.87042336068652
-217.0017238817165
-221.72659402869135
-232.38701657409575
-223.41945357460145
-233.7629918698678
-228.11384871205328
-230.4678151923482
-221.27767018824096
-228.57602386654813
-227.0664519322329
-219.89441049416317
-229.94995805311257
-216.11087536347233
-207.7882663206937
-229.4635792558819
-215.8240533095179
-232.2706025118011
-210.25500180915188
-231.61719579617937
-226.27701580159953
-225.09090082342806
-227.61262205698716
-220.19178675196338
-227.15358562986137
-224.9442422637196
-222.19800064976187
-218.7575108556822
-224.7870908480675
-214.28477629144442
-203.85639771947163
-227.1424943468635
-234.72700984631143
-236.40669273951374
-232.21400035125552
-226.78673737531943
-230.19031543577108
-232.310879046626
-229.31698296478572
-226.17391615047833
-218.92860218522517
-228.67327692685095
-225.02293674099383
-230.85627110767908
-222.44833514591363
-228.58831115738514
-223.93816667636133
-231.68315220302333
-229.60864964908907
-225.2116684977002
-227.30474071124337
-224.26252402498793
-230.83630773878144
-221.0624913813652
-225.6821323026752
-227.52508161702121
-227.0560943574459
-209.501747831184
-228.0535962527958
-227.69511895441443
-232.49995291047225
-219.41665160884878
-234.6162782963723
-226.27701580159953
-236.40669273951374
-226.27701580159953
-230.3738535830993
-228.1837168945167
-232.3153195960979
-219.5086836419094
-226.17283630265524
-223.38630134500465
-228.9193600021342
-231.04742448250266
-234.8716933711105
-228.03773049857776
-228.46792255302643
-232.11908458765097
-231.27016316456542
