-125.384
-123.787
-124.738
-118.365
-121.649
-125.076
-124.495
-122.587
-118.282
-115.436
-113.160
-120.376
-123.345
-119.314
-122.929
-119.456
-124.343
-113.161
-123.364
-122.751
-123.899
-125.371
-123.451
-123.581
-124.744
-121.827
-124.419
-125.122
-122.587
-117.536
-121.477
-124.508
-121.705
-122.422
-121.205
-124.867
-124.386
-121.966
-110.120
-124.890
-124.118
-123.614
-90.506
-103.503
-123.573
-121.069
-115.787
-110.923
-123.147
-123.369
-112.184
-122.524
-122.542
-107.445
-119.431
-124.160
-123.897
-123.931
-123.216
-124.561
-124.128
-124.031
-123.815
-124.638
-123.395
-124.287
-125.957
-123.556
-123.555
-124.996
-122.627
-125.112
-125.876
-123.466
-122.809
-125.487
-122.838
-122.697
-124.680
-124.667
-116.783
-120.563
-121.899
-123.675
-124.726
-124.428
-121.544
-122.016
-122.783
-124.148
-125.358
-123.515
-124.873
-124.344
-122.679
-123.772
-125.155
-125.114
-123.217
-124.517
-124.869
-123.457
-124.352
-124.721
-123.347
-125.384
-125.371
-125.122
-125.076
-124.508
-124.419
-124.386
-124.343
-123.465
-125.177
-123.507
-124.795
-124.519
-125.065
-125.173
-123.900
-125.523
-124.800
-125.060
-123.798
-124.825
-123.968
-124.041
-125.288
-123.903
-125.147
-124.762
-123.000
-123.939
-124.452
-124.462
-125.581
-124.786
-124.659
-123.613
-124.475
-124.510
-124.187
-123.051
-124.333
-122.028
-118.470
-125.957
-122.660
-125.654
-125.448
-123.510
-123.674
-123.626
-124.336
-124.116
-125.922
-124.879
-123.718
-125.483
-125.985
-124.665
-124.846
-124.288
-125.957
-125.487
-125.371
-125.155
-125.076
-124.680
-124.561
-124.517
