  ID   Compositions    Enthalpies    Volumes    fitness  SYMM
                       (eV/atom)    (A^3/atom)    ()         
 161  [     8 24  ]     -3.9370     20.9906   -125.9849     0
 148  [     8 24  ]     -3.9362     19.4415   -125.9571     0
 157  [     8 24  ]     -3.9351     20.2210   -125.9221     0
  73  [     8 24  ]     -3.9336     20.1092   -125.8759     0
 150  [     8 24  ]     -3.9267     15.6277   -125.6535     0
 137  [     8 24  ]     -3.9244     21.0461   -125.5810     0
 122  [     8 24  ]     -3.9226     21.5879   -125.5234     0
  76  [     8 24  ]     -3.9215     17.6974   -125.4868     0
   1  [     8 24  ]     -3.9182     18.2659   -125.3839     0
  22  [     8 24  ]     -3.9179     11.5468   -125.3714     0
 129  [     8 24  ]     -3.9152     20.5417   -125.2875     0
 115  [     8 24  ]     -3.9118     23.7177   -125.1771     0
 120  [     8 24  ]     -3.9117     19.1575   -125.1729     0
  97  [     8 24  ]     -3.9111     20.6718   -125.1546     0
 131  [     8 24  ]     -3.9108     19.1956   -125.1465     0
  72  [     8 24  ]     -3.9098     23.3062   -125.1124     0
   6  [     8 24  ]     -3.9086     24.5402   -125.0759     0
 119  [     8 24  ]     -3.9083     21.3581   -125.0648     0
 124  [     8 24  ]     -3.9081     19.7493   -125.0597     0
  70  [     8 24  ]     -3.9061     22.6483   -124.9958     0
  40  [     8 24  ]     -3.9028     14.7945   -124.8900     0
 158  [     8 24  ]     -3.9025     21.3188   -124.8789     0
  93  [     8 24  ]     -3.9023     21.3221   -124.8729     0
 101  [     8 24  ]     -3.9022     13.8276   -124.8695     0
 163  [     8 24  ]     -3.9014     21.0757   -124.8457     0
 126  [     8 24  ]     -3.9008     24.6664   -124.8249     0
 123  [     8 24  ]     -3.9000     20.9500   -124.7999     0
 117  [     8 24  ]     -3.8999     24.8676   -124.7955     0
 138  [     8 24  ]     -3.8996     26.4283   -124.7861     0
 132  [     8 24  ]     -3.8988     21.9481   -124.7619     0
  25  [     8 24  ]     -3.8982     13.0707   -124.7438     0
   3  [     8 24  ]     -3.8981     23.4403   -124.7379     0
  85  [     8 24  ]     -3.8977     20.3499   -124.7263     0
  79  [     8 24  ]     -3.8962     26.0873   -124.6798     0
  80  [     8 24  ]     -3.8958     25.2706   -124.6671     0
 162  [     8 24  ]     -3.8958     27.4669   -124.6649     0
 139  [     8 24  ]     -3.8956     17.2273   -124.6588     0
  64  [     8 24  ]     -3.8949     24.5431   -124.6378     0
  60  [     8 24  ]     -3.8925     27.7507   -124.5613     0
 118  [     8 24  ]     -3.8912     23.6030   -124.5192     0
 100  [     8 24  ]     -3.8912     21.0769   -124.5170     0
 142  [     8 24  ]     -3.8910     18.0120   -124.5105     0
  32  [     8 24  ]     -3.8909     19.8695   -124.5079     0
   7  [     8 24  ]     -3.8905     20.9585   -124.4949     0
 141  [     8 24  ]     -3.8899     23.1916   -124.4753     0
 136  [     8 24  ]     -3.8894     24.8448   -124.4615     0
 135  [     8 24  ]     -3.8891     24.5176   -124.4524     0
  86  [     8 24  ]     -3.8884     16.0339   -124.4278     0
  27  [     8 24  ]     -3.8881     27.7623   -124.4191     0
  37  [     8 24  ]     -3.8871     16.3378   -124.3861     0
