Gen   ID    Origin   Composition    Enthalpy   Volume  Density   Fitness   KPOINTS  SYMM  Q_entr A_order S_order
                                      (eV)     (A^3)  (g/cm^3)
  1    1   Random    [     8 24  ]  -125.384   584.508   4.696   -125.384 [ 1  1  1]   0  0.181  0.024  0.006
  1    2   Random    [     8 24  ]  -123.787   854.670   3.212   -123.787 [ 1  1  1]   0  0.197  0.013  0.003
  1    3   Random    [     8 24  ]  -124.738   750.089   3.660   -124.738 [ 1  1  1]   0  0.267  0.018  0.003
  1    4   Random    [     8 24  ]  -118.365   559.053   4.910   -118.365 [ 1  1  1]   0  0.164  0.019  0.005
  1    5   Random    [     8 24  ]  -121.649  1137.551   2.413   -121.649 [ 1  1  1]   0  0.179  0.022  0.006
  1    6   Random    [     8 24  ]  -125.076   785.286   3.496   -125.076 [ 1  1  1]   0  0.145  0.016  0.004
  1    7   Random    [     8 24  ]  -124.495   670.672   4.093   -124.495 [ 1  1  1]   0  0.212  0.016  0.004
  1    8   Random    [     8 24  ]  -122.587   438.772   6.256   -122.587 [ 1  1  1]   0  0.209  0.018  0.005
  1    9   Random    [     8 24  ]  -118.282   707.629   3.879   -118.282 [ 1  1  1]   0  0.178  0.018  0.005
  1   10   Random    [     8 24  ]  -115.436  1156.025   2.375   -115.436 [ 1  1  1]   0  0.190  0.026  0.006
  1   11   Random    [     8 24  ]  -113.160   238.153  11.526   -113.160 [ 1  1  1]   0  0.123  0.033  0.011
  1   12   Random    [     8 24  ]  -120.376   543.577   5.050   -120.376 [ 1  1  1]   0  0.213  0.026  0.006
  1   13   Random    [     8 24  ]  -123.345   742.502   3.697   -123.345 [ 1  1  1]   0  0.241  0.018  0.004
  1   14   Random    [     8 24  ]  -119.314   431.104   6.367   -119.314 [ 1  1  1]   0  0.186  0.023  0.006
  1   15   Random    [     8 24  ]  -122.929   536.875   5.113   -122.929 [ 1  1  1]   0  0.137  0.017  0.005
  1   16   Random    [     8 24  ]  -119.456   429.989   6.384   -119.456 [ 1  1  1]   0  0.060  0.036  0.012
  1   17   Random    [     8 24  ]  -124.343   753.298   3.644   -124.343 [ 1  1  1]   0  0.245  0.017  0.003
  1   18   Random    [     8 24  ]  -113.161   516.670   5.313   -113.161 [ 1  1  1]   0  0.073  0.029  0.010
  1   19   Random    [     8 24  ]  -123.364   693.915   3.956   -123.364 [ 1  1  1]   0  0.226  0.019  0.004
  1   20   Random    [     8 24  ]  -122.751   685.723   4.003   -122.751 [ 1  1  1]   0  0.090  0.022  0.007
  1   21   Random    [     8 24  ]  -123.899   460.598   5.960   -123.899 [ 1  1  1]   0  0.236  0.024  0.006
  1   22   Random    [     8 24  ]  -125.371   369.497   7.429   -125.371 [ 1  1  1]   0  0.094  0.034  0.011
  1   23   Random    [     8 24  ]  -123.451   449.942   6.101   -123.451 [ 1  1  1]   0  0.157  0.022  0.007
  1   24   Random    [     8 24  ]  -123.581   494.330   5.553   -123.581 [ 1  1  1]   0  0.176  0.020  0.005
  1   25   Random    [     8 24  ]  -124.744   418.263   6.563   -124.744 [ 1  1  1]   0  0.214  0.028  0.007
  1   26   Random    [     8 24  ]  -121.827   616.578   4.452   -121.827 [ 1  1  1]   0  0.209  0.021  0.005
  1   27   Random    [     8 24  ]  -124.419   888.394   3.090   -124.419 [ 1  1  1]   0  0.171  0.014  0.003
  1   28   Random    [     8 24  ]  -125.122   673.799   4.074   -125.122 [ 1  1  1]   0  0.176  0.014  0.004
  1   29   Random    [     8 24  ]  -122.587   854.339   3.213   -122.587 [ 1  1  1]   0  0.303  0.015  0.002
  1   30   Random    [     8 24  ]  -117.536   353.622   7.763   -117.536 [ 1  1  1]   0  0.180  0.024  0.007
  1   31   Random    [     8 24  ]  -121.477   624.579   4.395   -121.477 [ 1  1  1]   0  0.234  0.019  0.004
  1   32   Random    [     8 24  ]  -124.508   635.825   4.317   -124.508 [ 1  1  1]   0  0.246  0.015  0.003
  1   33   Random    [     8 24  ]  -121.705   544.022   5.046   -121.705 [ 1  1  1]   0  0.247  0.021  0.005
  1   34   Random    [     8 24  ]  -122.422   647.096   4.242   -122.422 [ 1  1  1]   0  0.223  0.018  0.004
  1   35   Random    [     8 24  ]  -121.205   477.225   5.752   -121.205 [ 1  1  1]   0  0.156  0.021  0.006
  1   36   Random    [     8 24  ]  -124.867   423.167   6.487   -124.867 [ 1  1  1]   0  0.186  0.025  0.007
  1   37   Random    [     8 24  ]  -124.386   522.810   5.251   -124.386 [ 1  1  1]   0  0.240  0.029  0.006
  1   38   Random    [     8 24  ]  -121.966   646.703   4.245   -121.966 [ 1  1  1]   0  0.174  0.018  0.005
  1   39   Random    [     8 24  ]  -110.120   571.532   4.803   -110.120 [ 1  1  1]   0  0.096  0.032  0.010
  1   40   Random    [     8 24  ]  -124.890   473.424   5.798   -124.890 [ 1  1  1]   0  0.260  0.028  0.007
  1   41   Random    [     8 24  ]  -124.118   553.603   4.958   -124.118 [ 1  1  1]   0  0.241  0.018  0.004
  1   42   Random    [     8 24  ]  -123.614   711.204   3.860   -123.614 [ 1  1  1]   0  0.221  0.017  0.004
  1   43   Random    [     8 24  ]   -90.506   341.291   8.043    -90.506 [ 1  1  1]   0  0.090  0.041  0.014
  1   44   Random    [     8 24  ]  -103.503   326.712   8.402   -103.503 [ 1  1  1]   0  0.180  0.036  0.012
  1   45   Random    [     8 24  ]  -123.573   542.298   5.062   -123.573 [ 1  1  1]   0  0.227  0.025  0.006
  1   46   Random    [     8 24  ]  -121.069   861.996   3.185   -121.069 [ 1  1  1]   0  0.208  0.018  0.004
  1   47   Random    [     8 24  ]  -115.787   527.351   5.205   -115.787 [ 1  1  1]   0  0.239  0.021  0.005
  1   48   Random    [     8 24  ]  -110.923   223.754  12.268   -110.923 [ 1  1  1]   0  0.140  0.046  0.015
  1   49   Random    [     8 24  ]  -123.147   868.682   3.160   -123.147 [ 1  1  1]   0  0.168  0.010  0.002
  1   50   Random    [     8 24  ]  -123.369  1004.757   2.732   -123.369 [ 1  1  1]   0  0.181  0.009  0.002
  1   51   Seeds     [     8 24  ]  -112.184   772.722   3.552   -112.184 [ 1  1  1]   0  0.192  0.028  0.011
  1   52   Seeds     [     8 24  ]  -122.524   728.842   3.766   -122.524 [ 1  1  1]   0  0.256  0.014  0.003
  1   53   Seeds     [     8 24  ]  -122.542  1229.378   2.233   -122.542 [ 1  1  1]   0  0.130  0.009  0.002
  1   54   Seeds     [     8 24  ]  -107.445   656.560   4.181   -107.445 [ 1  1  1]   0  0.148  0.032  0.014
  1   55   Seeds     [     8 24  ]  -119.431  1876.560   1.463   -119.431 [ 1  1  1]   0  0.106  0.008  0.002
  2   56 Heredity    [     8 24  ]  -124.160   685.955   4.002   -124.160 [ 1  1  1]   0  0.300  0.019  0.003
  2   57 Heredity    [     8 24  ]  -123.897   535.704   5.124   -123.897 [ 1  1  1]   0  0.260  0.022  0.005
  2   58 Heredity    [     8 24  ]  -123.931   704.782   3.895   -123.931 [ 1  1  1]   0  0.286  0.015  0.003
  2   59 Heredity    [     8 24  ]  -123.216   611.103   4.492   -123.216 [ 1  1  1]   0  0.286  0.018  0.003
  2   60 Heredity    [     8 24  ]  -124.561   888.023   3.091   -124.561 [ 1  1  1]   0  0.294  0.013  0.002
  2   61 Heredity    [     8 24  ]  -124.128   936.958   2.930   -124.128 [ 1  1  1]   0  0.294  0.013  0.002
  2   62 Heredity    [     8 24  ]  -124.031   677.208   4.053   -124.031 [ 1  1  1]   0  0.296  0.019  0.003
  2   63 Heredity    [     8 24  ]  -123.815   640.197   4.288   -123.815 [ 1  1  1]   0  0.301  0.018  0.003
  2   64 Heredity    [     8 24  ]  -124.638   785.381   3.495   -124.638 [ 1  1  1]   0  0.288  0.015  0.003
  2   65 Heredity    [     8 24  ]  -123.395   761.696   3.604   -123.395 [ 1  1  1]   0  0.300  0.016  0.003
  2   66 Heredity    [     8 24  ]  -124.287   592.354   4.634   -124.287 [ 1  1  1]   0  0.290  0.019  0.004
  2   67 Heredity    [     8 24  ]  -125.957   643.349   4.267   -125.957 [ 1  1  1]   0  0.287  0.021  0.004
  2   68 Heredity    [     8 24  ]  -123.556   680.838   4.032   -123.556 [ 1  1  1]   0  0.288  0.018  0.003
  2   69 Heredity    [     8 24  ]  -123.555   775.964   3.538   -123.555 [ 1  1  1]   0  0.304  0.016  0.003
  2   70 Heredity    [     8 24  ]  -124.996   724.746   3.788   -124.996 [ 1  1  1]   0  0.296  0.016  0.003
  2   71 Heredity    [     8 24  ]  -122.627   615.121   4.463   -122.627 [ 1  1  1]   0  0.285  0.027  0.005
  2   72 Heredity    [     8 24  ]  -125.112   745.798   3.681   -125.112 [ 1  1  1]   0  0.302  0.017  0.003
  2   73 Heredity    [     8 24  ]  -125.876   643.494   4.266   -125.876 [ 1  1  1]   0  0.293  0.018  0.003
  2   74 Heredity    [     8 24  ]  -123.466   571.319   4.805   -123.466 [ 1  1  1]   0  0.288  0.021  0.004
  2   75 Heredity    [     8 24  ]  -122.809   965.717   2.842   -122.809 [ 1  1  1]   0  0.293  0.013  0.002
  2   76 Heredity    [     8 24  ]  -125.487   566.315   4.847   -125.487 [ 1  1  1]   0  0.242  0.022  0.005
  2   77 Heredity    [     8 24  ]  -122.838   592.581   4.632   -122.838 [ 1  1  1]   0  0.287  0.019  0.004
  2   78 Heredity    [     8 24  ]  -122.697   754.272   3.639   -122.697 [ 1  1  1]   0  0.287  0.018  0.003
  2   79 Heredity    [     8 24  ]  -124.680   834.795   3.288   -124.680 [ 1  1  1]   0  0.288  0.015  0.003
  2   80 Heredity    [     8 24  ]  -124.667   808.659   3.395   -124.667 [ 1  1  1]   0  0.294  0.016  0.003
  2   81   Random    [     8 24  ]  -116.783   293.343   9.358   -116.783 [ 1  1  1]   0  0.118  0.026  0.009
  2   82   Random    [     8 24  ]  -120.563   671.953   4.085   -120.563 [ 1  1  1]   0  0.193  0.021  0.005
  2   83   Random    [     8 24  ]  -121.899   640.842   4.283   -121.899 [ 1  1  1]   0  0.246  0.018  0.005
  2   84   Random    [     8 24  ]  -123.675   605.520   4.533   -123.675 [ 1  1  1]   0  0.176  0.020  0.005
  2   85   Random    [     8 24  ]  -124.726   651.197   4.215   -124.726 [ 1  1  1]   0  0.240  0.015  0.003
  2   86   Random    [     8 24  ]  -124.428   513.086   5.350   -124.428 [ 1  1  1]   0  0.211  0.018  0.004
  2   87   Random    [     8 24  ]  -121.544  1084.636   2.531   -121.544 [ 1  1  1]   0  0.194  0.011  0.003
  2   88   Random    [     8 24  ]  -122.016   776.914   3.533   -122.016 [ 1  1  1]   0  0.173  0.015  0.004
  2   89 softmutate  [     8 24  ]  -122.783   620.972   4.421   -122.783 [ 1  1  1]   0  0.272  0.020  0.004
  2   90 softmutate  [     8 24  ]  -124.148   557.740   4.922   -124.148 [ 1  1  1]   0  0.242  0.018  0.004
  2   91 softmutate  [     8 24  ]  -125.358   360.892   7.606   -125.358 [ 1  1  1]   0  0.108  0.032  0.011
  2   92 softmutate  [     8 24  ]  -123.515   992.828   2.765   -123.515 [ 1  1  1]   0  0.285  0.015  0.003
  2   93 softmutate  [     8 24  ]  -124.873   682.309   4.023   -124.873 [ 1  1  1]   0  0.299  0.014  0.002
  2   94 softmutate  [     8 24  ]  -124.344   762.476   3.600   -124.344 [ 1  1  1]   0  0.268  0.017  0.003
  2   95 softmutate  [     8 24  ]  -122.679   923.115   2.974   -122.679 [ 1  1  1]   0  0.303  0.016  0.003
  2   96 softmutate  [     8 24  ]  -123.772  1144.799   2.398   -123.772 [ 1  1  1]   0  0.221  0.013  0.003
  2   97 softmutate  [     8 24  ]  -125.155   661.497   4.150   -125.155 [ 1  1  1]   0  0.188  0.014  0.003
  2   98 softmutate  [     8 24  ]  -125.114   687.296   3.994   -125.114 [ 1  1  1]   0  0.201  0.014  0.003
  2   99 softmutate  [     8 24  ]  -123.217   532.078   5.159   -123.217 [ 1  1  1]   0  0.263  0.025  0.005
  2  100 softmutate  [     8 24  ]  -124.517   674.461   4.070   -124.517 [ 1  1  1]   0  0.244  0.016  0.003
  2  101 softmutate  [     8 24  ]  -124.869   442.483   6.204   -124.869 [ 1  1  1]   0  0.190  0.024  0.006
  2  102 softmutate  [     8 24  ]  -123.457   466.423   5.885   -123.457 [ 1  1  1]   0  0.203  0.022  0.006
  2  103 softmutate  [     8 24  ]  -124.352   755.725   3.632   -124.352 [ 1  1  1]   0  0.262  0.017  0.003
  2  104 softmutate  [     8 24  ]  -124.721   436.166   6.294   -124.721 [ 1  1  1]   0  0.220  0.028  0.007
  2  105 softmutate  [     8 24  ]  -123.347   721.031   3.807   -123.347 [ 1  1  1]   0  0.244  0.019  0.004
  2  106 keptBest    [     8 24  ]  -125.384   584.508   4.696   -125.384 [ 1  1  1]   0  0.181  0.024  0.006
  2  107 keptBest    [     8 24  ]  -125.371   369.497   7.429   -125.371 [ 1  1  1]   0  0.094  0.034  0.011
  2  108 keptBest    [     8 24  ]  -125.122   673.799   4.074   -125.122 [ 1  1  1]   0  0.176  0.014  0.004
  2  109 keptBest    [     8 24  ]  -125.076   785.286   3.496   -125.076 [ 1  1  1]   0  0.145  0.016  0.004
  2  110 keptBest    [     8 24  ]  -124.508   635.825   4.317   -124.508 [ 1  1  1]   0  0.246  0.015  0.003
  2  111 keptBest    [     8 24  ]  -124.419   888.394   3.090   -124.419 [ 1  1  1]   0  0.171  0.014  0.003
  2  112 keptBest    [     8 24  ]  -124.386   522.810   5.251   -124.386 [ 1  1  1]   0  0.240  0.029  0.006
  2  113 keptBest    [     8 24  ]  -124.343   753.298   3.644   -124.343 [ 1  1  1]   0  0.245  0.017  0.003
  3  114 Heredity    [     8 24  ]  -123.465   658.643   4.168   -123.465 [ 1  1  1]   0  0.293  0.016  0.003
  3  115 Heredity    [     8 24  ]  -125.177   758.967   3.617   -125.177 [ 1  1  1]   0  0.302  0.016  0.003
  3  116 Heredity    [     8 24  ]  -123.507   534.897   5.132   -123.507 [ 1  1  1]   0  0.266  0.024  0.005
  3  117 Heredity    [     8 24  ]  -124.795   795.762   3.450   -124.795 [ 1  1  1]   0  0.295  0.013  0.002
  3  118 Heredity    [     8 24  ]  -124.519   755.295   3.634   -124.519 [ 1  1  1]   0  0.306  0.017  0.003
  3  119 Heredity    [     8 24  ]  -125.065   683.458   4.016   -125.065 [ 1  1  1]   0  0.297  0.018  0.003
  3  120 Heredity    [     8 24  ]  -125.173   613.039   4.478   -125.173 [ 1  1  1]   0  0.304  0.020  0.003
  3  121 Heredity    [     8 24  ]  -123.900   413.639   6.636   -123.900 [ 1  1  1]   0  0.261  0.025  0.006
  3  122 Heredity    [     8 24  ]  -125.523   690.814   3.974   -125.523 [ 1  1  1]   0  0.312  0.018  0.003
  3  123 Heredity    [     8 24  ]  -124.800   670.400   4.095   -124.800 [ 1  1  1]   0  0.306  0.015  0.003
  3  124 Heredity    [     8 24  ]  -125.060   631.977   4.344   -125.060 [ 1  1  1]   0  0.294  0.019  0.003
  3  125 Heredity    [     8 24  ]  -123.798   849.417   3.232   -123.798 [ 1  1  1]   0  0.290  0.015  0.002
  3  126 Heredity    [     8 24  ]  -124.825   789.324   3.478   -124.825 [ 1  1  1]   0  0.305  0.017  0.003
  3  127 Heredity    [     8 24  ]  -123.968   538.618   5.096   -123.968 [ 1  1  1]   0  0.288  0.020  0.004
  3  128 Heredity    [     8 24  ]  -124.041   738.675   3.716   -124.041 [ 1  1  1]   0  0.304  0.014  0.002
  3  129 Heredity    [     8 24  ]  -125.288   657.336   4.176   -125.288 [ 1  1  1]   0  0.301  0.016  0.003
  3  130 Heredity    [     8 24  ]  -123.903   712.344   3.854   -123.903 [ 1  1  1]   0  0.304  0.016  0.003
  3  131 Heredity    [     8 24  ]  -125.147   614.261   4.469   -125.147 [ 1  1  1]   0  0.273  0.021  0.004
  3  132 Heredity    [     8 24  ]  -124.762   702.339   3.908   -124.762 [ 1  1  1]   0  0.308  0.016  0.003
  3  133 Heredity    [     8 24  ]  -123.000   768.936   3.570   -123.000 [ 1  1  1]   0  0.297  0.018  0.003
  3  134 Heredity    [     8 24  ]  -123.939   475.946   5.768   -123.939 [ 1  1  1]   0  0.286  0.019  0.004
  3  135 Heredity    [     8 24  ]  -124.452   784.564   3.499   -124.452 [ 1  1  1]   0  0.303  0.015  0.002
  3  136 Heredity    [     8 24  ]  -124.462   795.035   3.453   -124.462 [ 1  1  1]   0  0.300  0.014  0.002
  3  137 Heredity    [     8 24  ]  -125.581   673.476   4.076   -125.581 [ 1  1  1]   0  0.281  0.017  0.003
  3  138 Heredity    [     8 24  ]  -124.786   845.706   3.246   -124.786 [ 1  1  1]   0  0.303  0.015  0.002
  3  139 Heredity    [     8 24  ]  -124.659   551.275   4.979   -124.659 [ 1  1  1]   0  0.283  0.020  0.004
  3  140 Heredity    [     8 24  ]  -123.613   564.460   4.863   -123.613 [ 1  1  1]   0  0.293  0.022  0.004
  3  141 Heredity    [     8 24  ]  -124.475   742.131   3.699   -124.475 [ 1  1  1]   0  0.306  0.016  0.003
  3  142 Heredity    [     8 24  ]  -124.510   576.385   4.763   -124.510 [ 1  1  1]   0  0.283  0.018  0.003
  3  143 Heredity    [     8 24  ]  -124.187   623.105   4.405   -124.187 [ 1  1  1]   0  0.288  0.019  0.004
  3  144 Heredity    [     8 24  ]  -123.051   568.474   4.829   -123.051 [ 1  1  1]   0  0.283  0.021  0.004
  3  145 Heredity    [     8 24  ]  -124.333   459.871   5.969   -124.333 [ 1  1  1]   0  0.294  0.021  0.004
  3  146   Random    [     8 24  ]  -122.028   474.150   5.789   -122.028 [ 1  1  1]   0  0.268  0.023  0.005
  3  147   Random    [     8 24  ]  -118.470  1047.331   2.621   -118.470 [ 1  1  1]   0  0.323  0.013  0.002
  3  148   Random    [     8 24  ]  -125.957   622.129   4.412   -125.957 [ 1  1  1]   0  0.207  0.022  0.005
  3  149   Random    [     8 24  ]  -122.660   888.443   3.090   -122.660 [ 1  1  1]   0  0.212  0.016  0.003
  3  150   Random    [     8 24  ]  -125.654   500.085   5.489   -125.654 [ 1  1  1]   0  0.228  0.019  0.004
  3  151 softmutate  [     8 24  ]  -125.448   570.941   4.808   -125.448 [ 1  1  1]   0  0.255  0.021  0.005
  3  152 softmutate  [     8 24  ]  -123.510   733.921   3.740   -123.510 [ 1  1  1]   0  0.312  0.013  0.002
  3  153 softmutate  [     8 24  ]  -123.674   829.976   3.307   -123.674 [ 1  1  1]   0  0.279  0.016  0.003
  3  154 softmutate  [     8 24  ]  -123.626   890.994   3.081   -123.626 [ 1  1  1]   0  0.304  0.014  0.002
  3  155 softmutate  [     8 24  ]  -124.336   916.761   2.994   -124.336 [ 1  1  1]   0  0.306  0.014  0.002
  3  156 softmutate  [     8 24  ]  -124.116   664.265   4.132   -124.116 [ 1  1  1]   0  0.265  0.017  0.003
  3  157 softmutate  [     8 24  ]  -125.922   647.072   4.242   -125.922 [ 1  1  1]   0  0.294  0.018  0.003
  3  158 softmutate  [     8 24  ]  -124.879   682.203   4.024   -124.879 [ 1  1  1]   0  0.299  0.014  0.002
  3  159 softmutate  [     8 24  ]  -123.718   974.350   2.817   -123.718 [ 1  1  1]   0  0.304  0.018  0.003
  3  160 softmutate  [     8 24  ]  -125.483   566.443   4.846   -125.483 [ 1  1  1]   0  0.247  0.021  0.005
  3  161 softmutate  [     8 24  ]  -125.985   671.698   4.087   -125.985 [ 1  1  1]   0  0.289  0.020  0.004
  3  162 softmutate  [     8 24  ]  -124.665   878.940   3.123   -124.665 [ 1  1  1]   0  0.296  0.013  0.002
  3  163 softmutate  [     8 24  ]  -124.846   674.422   4.070   -124.846 [ 1  1  1]   0  0.297  0.014  0.002
  3  164 softmutate  [     8 24  ]  -124.288   703.986   3.899   -124.288 [ 1  1  1]   0  0.308  0.015  0.002
  3  165 keptBest    [     8 24  ]  -125.957   643.349   4.267   -125.957 [ 1  1  1]   0  0.287  0.021  0.004
  3  166 keptBest    [     8 24  ]  -125.487   566.315   4.847   -125.487 [ 1  1  1]   0  0.242  0.022  0.005
  3  167 keptBest    [     8 24  ]  -125.371   369.497   7.429   -125.371 [ 1  1  1]   0  0.094  0.034  0.011
  3  168 keptBest    [     8 24  ]  -125.155   661.497   4.150   -125.155 [ 1  1  1]   0  0.188  0.014  0.003
  3  169 keptBest    [     8 24  ]  -125.076   785.286   3.496   -125.076 [ 1  1  1]   0  0.145  0.016  0.004
  3  170 keptBest    [     8 24  ]  -124.680   834.795   3.288   -124.680 [ 1  1  1]   0  0.288  0.015  0.003
  3  171 keptBest    [     8 24  ]  -124.561   888.023   3.091   -124.561 [ 1  1  1]   0  0.294  0.013  0.002
  3  172 keptBest    [     8 24  ]  -124.517   674.461   4.070   -124.517 [ 1  1  1]   0  0.244  0.016  0.003
