 ID    Origin    Enthalpy   Parent-E   Parent-ID
   1   Random      -3.918    -3.918  [         0]
   2   Random      -3.868    -3.868  [         0]
   3   Random      -3.898    -3.898  [         0]
   4   Random      -3.699    -3.699  [         0]
   5   Random      -3.802    -3.802  [         0]
   6   Random      -3.909    -3.909  [         0]
   7   Random      -3.890    -3.890  [         0]
   8   Random      -3.831    -3.831  [         0]
   9   Random      -3.696    -3.696  [         0]
  10   Random      -3.607    -3.607  [         0]
  11   Random      -3.536    -3.536  [         0]
  12   Random      -3.762    -3.762  [         0]
  13   Random      -3.855    -3.855  [         0]
  14   Random      -3.729    -3.729  [         0]
  15   Random      -3.842    -3.842  [         0]
  16   Random      -3.733    -3.733  [         0]
  17   Random      -3.886    -3.886  [         0]
  18   Random      -3.536    -3.536  [         0]
  19   Random      -3.855    -3.855  [         0]
  20   Random      -3.836    -3.836  [         0]
  21   Random      -3.872    -3.872  [         0]
  22   Random      -3.918    -3.918  [         0]
  23   Random      -3.858    -3.858  [         0]
  24   Random      -3.862    -3.862  [         0]
  25   Random      -3.898    -3.898  [         0]
  26   Random      -3.807    -3.807  [         0]
  27   Random      -3.888    -3.888  [         0]
  28   Random      -3.910    -3.910  [         0]
  29   Random      -3.831    -3.831  [         0]
  30   Random      -3.673    -3.673  [         0]
  31   Random      -3.796    -3.796  [         0]
  32   Random      -3.891    -3.891  [         0]
  33   Random      -3.803    -3.803  [         0]
  34   Random      -3.826    -3.826  [         0]
  35   Random      -3.788    -3.788  [         0]
  36   Random      -3.902    -3.902  [         0]
  37   Random      -3.887    -3.887  [         0]
  38   Random      -3.811    -3.811  [         0]
  39   Random      -3.441    -3.441  [         0]
  40   Random      -3.903    -3.903  [         0]
  41   Random      -3.879    -3.879  [         0]
  42   Random      -3.863    -3.863  [         0]
  43   Random      -2.828    -2.828  [         0]
  44   Random      -3.234    -3.234  [         0]
  45   Random      -3.862    -3.862  [         0]
  46   Random      -3.783    -3.783  [         0]
  47   Random      -3.618    -3.618  [         0]
  48   Random      -3.466    -3.466  [         0]
  49   Random      -3.848    -3.848  [         0]
  50   Random      -3.855    -3.855  [         0]
  51   Seeds       -3.506    [          ]
  52   Seeds       -3.829    [          ]
  53   Seeds       -3.829    [          ]
  54   Seeds       -3.358    [          ]
  55   Seeds       -3.732    [          ]
  56 Heredity      -3.880    -3.893  [    37   3]
  57 Heredity      -3.872    -3.914  [    28  22]
  58 Heredity      -3.873    -3.862  [    42  24]
  59 Heredity      -3.850    -3.874  [    17  24]
  60 Heredity      -3.893    -3.873  [    49   3]
  61 Heredity      -3.879    -3.898  [    27   6]
  62 Heredity      -3.876    -3.906  [    40  28]
  63 Heredity      -3.869    -3.872  [    17  23]
  64 Heredity      -3.895    -3.903  [    27   1]
  65 Heredity      -3.856    -3.873  [    32  13]
  66 Heredity      -3.884    -3.895  [    32  25]
  67 Heredity      -3.936    -3.906  [    28  40]
  68 Heredity      -3.861    -3.898  [    25   3]
  69 Heredity      -3.861    -3.892  [     3  17]
  70 Heredity      -3.906    -3.894  [     6  41]
  71 Heredity      -3.832    -3.882  [    40  45]
  72 Heredity      -3.910    -3.904  [     3  28]
  73 Heredity      -3.934    -3.886  [    17  37]
  74 Heredity      -3.858    -3.908  [    25   1]
  75 Heredity      -3.838    -3.878  [    27   2]
  76 Heredity      -3.921    -3.902  [    17  22]
  77 Heredity      -3.839    -3.913  [     6  22]
  78 Heredity      -3.834    -3.903  [     6  25]
  79 Heredity      -3.896    -3.865  [    24   2]
  80 Heredity      -3.896    -3.891  [     1  42]
  81   Random      -3.649    -3.649  [         0]
  82   Random      -3.768    -3.768  [         0]
  83   Random      -3.809    -3.809  [         0]
  84   Random      -3.865    -3.865  [         0]
  85   Random      -3.898    -3.898  [         0]
  86   Random      -3.888    -3.888  [         0]
  87   Random      -3.798    -3.798  [         0]
  88   Random      -3.813    -3.813  [         0]
  89 softmutate    -3.837    -3.898  [        25]
  90 softmutate    -3.880    -3.879  [        41]
  91 softmutate    -3.917    -3.918  [        22]
  92 softmutate    -3.860    -3.890  [         7]
  93 softmutate    -3.902    -3.910  [        28]
  94 softmutate    -3.886    -3.886  [        17]
  95 softmutate    -3.834    -3.898  [         3]
  96 softmutate    -3.868    -3.868  [         2]
  97 softmutate    -3.911    -3.910  [        28]
  98 softmutate    -3.910    -3.910  [        28]
  99 softmutate    -3.851    -3.918  [        22]
 100 softmutate    -3.891    -3.890  [         7]
 101 softmutate    -3.902    -3.902  [        36]
 102 softmutate    -3.858    -3.858  [        23]
 103 softmutate    -3.886    -3.886  [        17]
 104 softmutate    -3.898    -3.898  [        25]
 105 softmutate    -3.855    -3.855  [        19]
 106 keptBest      -3.918    -3.918  [         1]
 107 keptBest      -3.918    -3.918  [        22]
 108 keptBest      -3.910    -3.910  [        28]
 109 keptBest      -3.909    -3.909  [         6]
 110 keptBest      -3.891    -3.891  [        32]
 111 keptBest      -3.888    -3.888  [        27]
 112 keptBest      -3.887    -3.887  [        37]
 113 keptBest      -3.886    -3.886  [        17]
 114 Heredity      -3.858    -3.903  [  104  109]
 115 Heredity      -3.912    -3.915  [    73  79]
 116 Heredity      -3.860    -3.908  [  104  107]
 117 Heredity      -3.900    -3.899  [  100   70]
 118 Heredity      -3.891    -3.893  [    70  56]
 119 Heredity      -3.908    -3.897  [  110  101]
 120 Heredity      -3.912    -3.916  [   73  104]
 121 Heredity      -3.872    -3.910  [  107  101]
 122 Heredity      -3.923    -3.914  [    60  67]
 123 Heredity      -3.900    -3.901  [  110   97]
 124 Heredity      -3.908    -3.908  [  106   85]
 125 Heredity      -3.869    -3.900  [  109  100]
 126 Heredity      -3.901    -3.915  [    73  79]
 127 Heredity      -3.874    -3.900  [  101   85]
 128 Heredity      -3.876    -3.909  [    97  70]
 129 Heredity      -3.915    -3.919  [    93  67]
 130 Heredity      -3.872    -3.901  [    79  70]
 131 Heredity      -3.911    -3.907  [  107   79]
 132 Heredity      -3.899    -3.922  [    73  97]
 133 Heredity      -3.844    -3.907  [  106   80]
 134 Heredity      -3.873    -3.907  [  101   97]
 135 Heredity      -3.889    -3.899  [   72  111]
 136 Heredity      -3.889    -3.897  [  100   93]
 137 Heredity      -3.924    -3.915  [   76  109]
 138 Heredity      -3.900    -3.894  [    60  80]
 139 Heredity      -3.896    -3.926  [  107   73]
 140 Heredity      -3.863    -3.919  [   67  101]
 141 Heredity      -3.890    -3.904  [    72  85]
 142 Heredity      -3.891    -3.902  [   93  101]
 143 Heredity      -3.881    -3.920  [  106   76]
 144 Heredity      -3.845    -3.898  [  112   72]
 145 Heredity      -3.885    -3.917  [  104   67]
 146   Random      -3.813    -3.813  [         0]
 147   Random      -3.702    -3.702  [         0]
 148   Random      -3.936    -3.936  [         0]
 149   Random      -3.833    -3.833  [         0]
 150   Random      -3.927    -3.927  [         0]
 151 softmutate    -3.920    -3.921  [        76]
 152 softmutate    -3.860    -3.911  [        97]
 153 softmutate    -3.865    -3.918  [       106]
 154 softmutate    -3.863    -3.895  [        64]
 155 softmutate    -3.886    -3.895  [        64]
 156 softmutate    -3.879    -3.891  [       100]
 157 softmutate    -3.935    -3.934  [        73]
 158 softmutate    -3.902    -3.902  [        93]
 159 softmutate    -3.866    -3.918  [       106]
 160 softmutate    -3.921    -3.921  [        76]
 161 softmutate    -3.937    -3.936  [        67]
 162 softmutate    -3.896    -3.893  [        60]
 163 softmutate    -3.901    -3.902  [        93]
 164 softmutate    -3.884    -3.895  [        64]
 165 keptBest      -3.936    -3.936  [        67]
 166 keptBest      -3.921    -3.921  [        76]
 167 keptBest      -3.918    -3.918  [       107]
 168 keptBest      -3.911    -3.911  [        97]
 169 keptBest      -3.909    -3.909  [       109]
 170 keptBest      -3.896    -3.896  [        79]
 171 keptBest      -3.893    -3.893  [        60]
 172 keptBest      -3.891    -3.891  [       100]
