-238.605
-209.561
-226.267
-231.318
-243.500
-222.398
-221.516
-217.861
-232.616
-235.288
-237.516
-228.114
-241.505
-233.938
-238.271
-238.677
-200.614
-239.313
-235.452
-236.787
-246.089
-241.108
-227.315
-235.879
-240.247
-243.938
-233.722
-220.234
-235.594
-245.038
-239.116
-240.329
-243.949
-188.110
-233.023
-241.078
-244.526
-244.436
-220.455
-235.469
-243.139
-244.514
-244.420
-246.875
-224.400
-236.692
-229.456
-242.373
-233.667
-229.555
-221.576
-238.115
-237.036
-238.413
-242.430
-229.110
-233.655
-232.886
-214.087
-239.611
-236.529
-243.635
-238.625
-237.970
-245.928
-245.136
-238.822
-234.922
-243.883
-241.167
-208.097
-231.491
-233.917
-237.516
-231.718
-240.247
-234.102
-235.831
-234.413
-174.716
-243.859
-233.030
-231.929
-228.946
-244.618
-244.857
-243.435
-229.706
-246.875
-246.089
-245.038
-244.526
-231.340
-233.573
-243.777
-241.542
-235.420
-232.260
-233.139
-241.539
-238.996
-227.838
-239.791
-243.058
-220.164
-246.060
-238.966
-242.383
-239.027
-226.780
-236.345
-243.451
-214.010
-243.289
-239.070
-243.608
-240.857
-242.973
-221.225
-237.774
-244.731
-227.745
-236.758
-236.529
-178.999
-229.620
-240.941
-234.897
-234.088
-227.069
-242.937
-234.118
-244.233
-242.659
-228.562
-242.152
-246.875
-246.089
-245.928
-245.136
