  ID   Compositions    Enthalpies    Volumes    fitness  SYMM
                       (eV/atom)    (A^3/atom)    ()         
  44  [    18 40  ]     -4.2565     23.7178   -246.8752     0
  21  [    18 40  ]     -4.2429     26.7592   -246.0889     0
 106  [    18 40  ]     -4.2424     26.7592   -246.0596     0
  65  [    18 40  ]     -4.2401     26.7592   -245.9277     0
  66  [    18 40  ]     -4.2265     26.7592   -245.1356     0
  30  [    18 40  ]     -4.2248     26.7592   -245.0376     0
  86  [    18 40  ]     -4.2217     26.7592   -244.8575     0
 121  [    18 40  ]     -4.2195     26.7592   -244.7312     0
  85  [    18 40  ]     -4.2176     26.7592   -244.6184     0
  37  [    18 40  ]     -4.2160     26.7592   -244.5262     0
  42  [    18 40  ]     -4.2158     26.9066   -244.5138     0
  38  [    18 40  ]     -4.2144     26.7592   -244.4361     0
  43  [    18 40  ]     -4.2141     18.1481   -244.4196     0
 133  [    18 40  ]     -4.2109     26.7592   -244.2335     0
  33  [    18 40  ]     -4.2060     26.7592   -243.9485     0
  26  [    18 40  ]     -4.2058     26.7592   -243.9384     0
  69  [    18 40  ]     -4.2049     26.7592   -243.8832     0
  81  [    18 40  ]     -4.2045     26.7592   -243.8588     0
  95  [    18 40  ]     -4.2031     26.7592   -243.7771     0
  62  [    18 40  ]     -4.2006     26.7592   -243.6354     0
