Gen   ID    Origin   Composition    Enthalpy   Volume  Density   Fitness   KPOINTS  SYMM  Q_entr A_order S_order
                                      (eV)     (A^3)  (g/cm^3)
  1    1   Random    [    18 40  ]  -238.605  1552.036   3.028   -238.605 [ 1  1  1]   0  0.181  0.178  2.973
  1    2   Random    [    18 40  ]  -209.561  1552.036   3.028   -209.561 [ 1  1  1]   0  0.184  0.177  4.091
  1    3   Random    [    18 40  ]  -226.267  1552.036   3.028   -226.267 [ 1  1  1]   0  0.088  0.176  3.061
  1    4   Random    [    18 40  ]  -231.318  1552.036   3.028   -231.318 [ 1  1  1]   0  0.096  0.177  2.945
  1    5   Random    [    18 40  ]  -243.500  1552.036   3.028   -243.500 [ 1  1  1]   0  0.119  0.177  3.045
  1    6   Random    [    18 40  ]  -222.398  1552.036   3.028   -222.398 [ 1  1  1]   0  0.180  0.177  2.785
  1    7   Random    [    18 40  ]  -221.516  1552.036   3.028   -221.516 [ 1  1  1]   0  0.232  0.177  2.365
  1    8   Random    [    18 40  ]  -217.861  1552.036   3.028   -217.861 [ 1  1  1]   0  0.151  0.177  3.306
  1    9   Random    [    18 40  ]  -232.616  1552.036   3.028   -232.616 [ 1  1  1]   0  0.178  0.177  2.623
  1   10   Random    [    18 40  ]  -235.288  1552.036   3.028   -235.288 [ 1  1  1]   0  0.124  0.177  4.795
  1   11   Random    [    18 40  ]  -237.516  1552.036   3.028   -237.516 [ 1  1  1]   0  0.108  0.177  2.905
  1   12   Random    [    18 40  ]  -228.114  1552.036   3.028   -228.114 [ 1  1  1]   0  0.052  0.177  4.099
  1   13   Random    [    18 40  ]  -241.505  1552.036   3.028   -241.505 [ 1  1  1]   0  0.088  0.177  2.950
  1   14   Random    [    18 40  ]  -233.938  1552.036   3.028   -233.938 [ 1  1  1]   0  0.135  0.178  3.086
  1   15   Random    [    18 40  ]  -238.271  1552.036   3.028   -238.271 [ 1  1  1]   0  0.132  0.176  2.327
  1   16   Random    [    18 40  ]  -238.677  1552.036   3.028   -238.677 [ 1  1  1]   0  0.132  0.178  4.137
  1   17   Random    [    18 40  ]  -200.614  1552.036   3.028   -200.614 [ 1  1  1]   0  0.144  0.178  4.115
  1   18   Random    [    18 40  ]  -239.313  1552.036   3.028   -239.313 [ 1  1  1]   0  0.150  0.177  4.379
  1   19   Random    [    18 40  ]  -235.452  1552.036   3.028   -235.452 [ 1  1  1]   0  0.172  0.179  3.601
  1   20   Random    [    18 40  ]  -236.787  1552.036   3.028   -236.787 [ 1  1  1]   0  0.148  0.178  3.913
  1   21   Random    [    18 40  ]  -246.089  1552.036   3.028   -246.089 [ 1  1  1]   0  0.151  0.177  2.869
  1   22   Random    [    18 40  ]  -241.108  1552.036   3.028   -241.108 [ 1  1  1]   0  0.207  0.177  1.922
  1   23   Random    [    18 40  ]  -227.315  1552.036   3.028   -227.315 [ 1  1  1]   0  0.164  0.178  4.358
  1   24   Random    [    18 40  ]  -235.879  1552.036   3.028   -235.879 [ 1  1  1]   0  0.116  0.178  3.726
  1   25   Random    [    18 40  ]  -240.247  1552.036   3.028   -240.247 [ 1  1  1]   0  0.139  0.177  2.660
  1   26   Random    [    18 40  ]  -243.938  1552.036   3.028   -243.938 [ 1  1  1]   0  0.157  0.177  2.287
  1   27   Random    [    18 40  ]  -233.722  1552.036   3.028   -233.722 [ 1  1  1]   0  0.138  0.177  2.585
  1   28   Random    [    18 40  ]  -220.234  1552.036   3.028   -220.234 [ 1  1  1]   0  0.059  0.177  3.247
  1   29   Random    [    18 40  ]  -235.594  1552.036   3.028   -235.594 [ 1  1  1]   0  0.180  0.177  2.230
  1   30   Random    [    18 40  ]  -245.038  1552.036   3.028   -245.038 [ 1  1  1]   0  0.191  0.178  2.210
  1   31   Random    [    18 40  ]  -239.116  1552.036   3.028   -239.116 [ 1  1  1]   0  0.185  0.178  2.913
  1   32   Random    [    18 40  ]  -240.329  1552.036   3.028   -240.329 [ 1  1  1]   0  0.263  0.177  2.111
  1   33   Random    [    18 40  ]  -243.949  1552.036   3.028   -243.949 [ 1  1  1]   0  0.074  0.177  2.536
  1   34   Random    [    18 40  ]  -188.110  1552.036   3.028   -188.110 [ 1  1  1]   0  0.000  0.176  6.393
  1   35   Random    [    18 40  ]  -233.023  1552.036   3.028   -233.023 [ 1  1  1]   0  0.184  0.177  3.100
  1   36   Random    [    18 40  ]  -241.078  1552.036   3.028   -241.078 [ 1  1  1]   0  0.162  0.177  2.811
  1   37   Random    [    18 40  ]  -244.526  1552.036   3.028   -244.526 [ 1  1  1]   0  0.104  0.177  2.755
  1   38   Random    [    18 40  ]  -244.436  1552.036   3.028   -244.436 [ 1  1  1]   0  0.137  0.177  3.412
  1   39   Random    [    18 40  ]  -220.455  1552.036   3.028   -220.455 [ 1  1  1]   0  0.211  0.178  3.234
  1   40   Random    [    18 40  ]  -235.469  1552.036   3.028   -235.469 [ 1  1  1]   0  0.056  0.177  3.924
  1   41   Seeds     [    18 40  ]  -243.139  2129.857   2.206   -243.139 [ 1  1  1]   0  0.159  0.177  2.363
  1   42   Seeds     [    18 40  ]  -244.514  1560.581   3.011   -244.514 [ 1  1  1]   0  0.125  0.178  6.594
  1   43   Seeds     [    18 40  ]  -244.420  1052.589   4.464   -244.420 [ 1  1  1]   0  0.041  0.178  5.860
  1   44   Seeds     [    18 40  ]  -246.875  1375.634   3.416   -246.875 [ 1  1  1]   0  0.089  0.177  7.546
  2   45 Heredity    [    18 40  ]  -224.400  1552.036   3.028   -224.400 [ 1  1  1]   0  0.288  0.178  2.131
  2   46 Heredity    [    18 40  ]  -236.692  1552.036   3.028   -236.692 [ 1  1  1]   0  0.227  0.178  1.877
  2   47 Heredity    [    18 40  ]  -229.456  1552.036   3.028   -229.456 [ 1  1  1]   0  0.264  0.177  2.075
  2   48 Heredity    [    18 40  ]  -242.373  1552.036   3.028   -242.373 [ 1  1  1]   0  0.204  0.178  2.215
  2   49 Heredity    [    18 40  ]  -233.667  1552.036   3.028   -233.667 [ 1  1  1]   0  0.259  0.178  2.378
  2   50 Heredity    [    18 40  ]  -229.555  1552.036   3.028   -229.555 [ 1  1  1]   0  0.225  0.177  1.911
  2   51 Heredity    [    18 40  ]  -221.576  1552.036   3.028   -221.576 [ 1  1  1]   0  0.247  0.176  2.808
  2   52 Heredity    [    18 40  ]  -238.115  1552.036   3.028   -238.115 [ 1  1  1]   0  0.204  0.177  1.783
  2   53 Heredity    [    18 40  ]  -237.036  1552.036   3.028   -237.036 [ 1  1  1]   0  0.199  0.178  1.795
  2   54 Heredity    [    18 40  ]  -238.413  1552.036   3.028   -238.413 [ 1  1  1]   0  0.222  0.177  2.588
  2   55 Heredity    [    18 40  ]  -242.430  1552.036   3.028   -242.430 [ 1  1  1]   0  0.216  0.177  1.923
  2   56 Heredity    [    18 40  ]  -229.110  1552.036   3.028   -229.110 [ 1  1  1]   0  0.279  0.177  2.280
  2   57 Heredity    [    18 40  ]  -233.655  1552.036   3.028   -233.655 [ 1  1  1]   0  0.271  0.177  2.051
  2   58 Heredity    [    18 40  ]  -232.886  1552.036   3.028   -232.886 [ 1  1  1]   0  0.232  0.177  2.072
  2   59 Heredity    [    18 40  ]  -214.087  1552.036   3.028   -214.087 [ 1  1  1]   0  0.258  0.177  2.249
  2   60 Heredity    [    18 40  ]  -239.611  1552.036   3.028   -239.611 [ 1  1  1]   0  0.218  0.177  1.909
  2   61 Heredity    [    18 40  ]  -236.529  1552.036   3.028   -236.529 [ 1  1  1]   0  0.199  0.177  2.230
  2   62 Heredity    [    18 40  ]  -243.635  1552.036   3.028   -243.635 [ 1  1  1]   0  0.188  0.177  2.077
  2   63 Heredity    [    18 40  ]  -238.625  1552.036   3.028   -238.625 [ 1  1  1]   0  0.171  0.177  2.262
  2   64 Heredity    [    18 40  ]  -237.970  1552.036   3.028   -237.970 [ 1  1  1]   0  0.256  0.177  1.937
  2   65   Random    [    18 40  ]  -245.928  1552.036   3.028   -245.928 [ 1  1  1]   0  0.201  0.178  2.147
  2   66   Random    [    18 40  ]  -245.136  1552.036   3.028   -245.136 [ 1  1  1]   0  0.042  0.176  2.902
  2   67   Random    [    18 40  ]  -238.822  1552.036   3.028   -238.822 [ 1  1  1]   0  0.000  0.178  3.803
  2   68   Random    [    18 40  ]  -234.922  1552.036   3.028   -234.922 [ 1  1  1]   0  0.143  0.176  2.862
  2   69   Random    [    18 40  ]  -243.883  1552.036   3.028   -243.883 [ 1  1  1]   0  0.173  0.178  4.875
  2   70   Random    [    18 40  ]  -241.167  1552.036   3.028   -241.167 [ 1  1  1]   0  0.166  0.178  3.559
  2   71   Random    [    18 40  ]  -208.097  1552.036   3.028   -208.097 [ 1  1  1]   0  0.138  0.177  3.082
  2   72   Random    [    18 40  ]  -231.491  1552.036   3.028   -231.491 [ 1  1  1]   0  0.191  0.177  3.058
  2   73 Permutate   [    18 40  ]  -233.917  2142.067   2.194   -233.846 [ 1  1  1]   0  0.159  0.177  2.363
  2   74 Permutate   [    18 40  ]  -237.516  1552.036   3.028   -237.446 [ 1  1  1]   0  0.108  0.177  2.905
  2   75 Permutate   [    18 40  ]  -231.718  1552.036   3.028   -231.718 [ 1  1  1]   0  0.264  0.178  2.243
  2   76 Permutate   [    18 40  ]  -240.247  1552.036   3.028   -240.177 [ 1  1  1]   0  0.139  0.177  2.660
  2   77 softmutate  [    18 40  ]  -234.102  2142.067   2.194   -234.102 [ 1  1  1]   0  0.159  0.177  2.198
  2   78 softmutate  [    18 40  ]  -235.831  1552.036   3.028   -235.831 [ 1  1  1]   0  0.203  0.177  1.755
  2   79 softmutate  [    18 40  ]  -234.413  1552.036   3.028   -234.413 [ 1  1  1]   0  0.148  0.177  4.057
  2   80 softmutate  [    18 40  ]  -174.716  1552.036   3.028   -174.716 [ 1  1  1]   0  0.209  0.177  3.984
  2   81 softmutate  [    18 40  ]  -243.859  1552.036   3.028   -243.859 [ 1  1  1]   0  0.201  0.177  1.942
  2   82 softmutate  [    18 40  ]  -233.030  1552.036   3.028   -233.030 [ 1  1  1]   0  0.172  0.177  2.222
  2   83 softmutate  [    18 40  ]  -231.929  1552.036   3.028   -231.929 [ 1  1  1]   0  0.144  0.177  2.768
  2   84 softmutate  [    18 40  ]  -228.946  1441.604   3.260   -228.946 [ 1  1  1]   0  0.051  0.177  5.642
  2   85 Transmutate [    18 40  ]  -244.618  1552.036   3.028   -244.618 [ 1  1  1]   0  0.160  0.177  2.514
  2   86 Transmutate [    18 40  ]  -244.857  1552.036   3.028   -244.857 [ 1  1  1]   0  0.167  0.177  2.492
  2   87 Transmutate [    18 40  ]  -243.435  1552.036   3.028   -243.435 [ 1  1  1]   0  0.200  0.178  1.860
  2   88 Transmutate [    18 40  ]  -229.706  1441.604   3.260   -229.706 [ 1  1  1]   0  0.164  0.177  1.816
  2   89 keptBest    [    18 40  ]  -246.875  1375.634   3.416   -246.805 [ 1  1  1]   0  0.089  0.177  7.546
  2   90 keptBest    [    18 40  ]  -246.089  1552.036   3.028   -246.019 [ 1  1  1]   0  0.151  0.177  2.869
  2   91 keptBest    [    18 40  ]  -245.038  1552.036   3.028   -244.967 [ 1  1  1]   0  0.191  0.178  2.210
  2   92 keptBest    [    18 40  ]  -244.526  1552.036   3.028   -244.456 [ 1  1  1]   0  0.104  0.177  2.755
  3   93 Heredity    [    18 40  ]  -231.340  1552.036   3.028   -231.340 [ 1  1  1]   0  0.222  0.177  1.934
  3   94 Heredity    [    18 40  ]  -233.573  1552.036   3.028   -233.573 [ 1  1  1]   0  0.194  0.178  2.304
  3   95 Heredity    [    18 40  ]  -243.777  1552.036   3.028   -243.777 [ 1  1  1]   0  0.199  0.177  1.853
  3   96 Heredity    [    18 40  ]  -241.542  1552.036   3.028   -241.542 [ 1  1  1]   0  0.233  0.177  1.965
  3   97 Heredity    [    18 40  ]  -235.420  1552.036   3.028   -235.420 [ 1  1  1]   0  0.204  0.178  1.844
  3   98 Heredity    [    18 40  ]  -232.260  1552.036   3.028   -232.260 [ 1  1  1]   0  0.208  0.177  2.955
  3   99 Heredity    [    18 40  ]  -233.139  1552.036   3.028   -233.139 [ 1  1  1]   0  0.242  0.178  1.933
  3  100 Heredity    [    18 40  ]  -241.539  1552.036   3.028   -241.539 [ 1  1  1]   0  0.199  0.178  1.993
  3  101 Heredity    [    18 40  ]  -238.996  1552.036   3.028   -238.996 [ 1  1  1]   0  0.259  0.177  1.980
  3  102 Heredity    [    18 40  ]  -227.838  1552.036   3.028   -227.838 [ 1  1  1]   0  0.217  0.177  1.846
  3  103 Heredity    [    18 40  ]  -239.791  1552.036   3.028   -239.791 [ 1  1  1]   0  0.203  0.177  1.931
  3  104 Heredity    [    18 40  ]  -243.058  1552.036   3.028   -243.058 [ 1  1  1]   0  0.172  0.177  2.007
  3  105 Heredity    [    18 40  ]  -220.164  1552.036   3.028   -220.164 [ 1  1  1]   0  0.268  0.177  2.210
  3  106 Heredity    [    18 40  ]  -246.060  1552.036   3.028   -246.060 [ 1  1  1]   0  0.233  0.178  1.965
  3  107 Heredity    [    18 40  ]  -238.966  1552.036   3.028   -238.966 [ 1  1  1]   0  0.186  0.178  1.863
  3  108 Heredity    [    18 40  ]  -242.383  1552.036   3.028   -242.383 [ 1  1  1]   0  0.242  0.177  2.113
  3  109 Heredity    [    18 40  ]  -239.027  1552.036   3.028   -239.027 [ 1  1  1]   0  0.217  0.178  4.605
  3  110 Heredity    [    18 40  ]  -226.780  1552.036   3.028   -226.780 [ 1  1  1]   0  0.181  0.177  1.975
  3  111 Heredity    [    18 40  ]  -236.345  1552.036   3.028   -236.345 [ 1  1  1]   0  0.199  0.177  2.020
  3  112 Heredity    [    18 40  ]  -243.451  1552.036   3.028   -243.451 [ 1  1  1]   0  0.162  0.177  2.011
  3  113   Random    [    18 40  ]  -214.010  1552.036   3.028   -214.010 [ 1  1  1]   0  0.305  0.177  2.515
  3  114   Random    [    18 40  ]  -243.289  1552.036   3.028   -243.289 [ 1  1  1]   0  0.152  0.177  2.560
  3  115   Random    [    18 40  ]  -239.070  1552.036   3.028   -239.070 [ 1  1  1]   0  0.205  0.177  1.895
  3  116   Random    [    18 40  ]  -243.608  1552.036   3.028   -243.608 [ 1  1  1]   0  0.161  0.178  3.525
  3  117   Random    [    18 40  ]  -240.857  1552.036   3.028   -240.857 [ 1  1  1]   0  0.192  0.177  2.759
  3  118   Random    [    18 40  ]  -242.973  1552.036   3.028   -242.973 [ 1  1  1]   0  0.151  0.178  3.410
  3  119   Random    [    18 40  ]  -221.225  1552.036   3.028   -221.225 [ 1  1  1]   0  0.121  0.177  2.915
  3  120   Random    [    18 40  ]  -237.774  1552.036   3.028   -237.774 [ 1  1  1]   0  0.135  0.176  2.188
  3  121 Permutate   [    18 40  ]  -244.731  1552.036   3.028   -244.731 [ 1  1  1]   0  0.174  0.177  2.065
  3  122 Permutate   [    18 40  ]  -227.745  1441.604   3.260   -227.614 [ 1  1  1]   0  0.089  0.177  7.546
  3  123 Permutate   [    18 40  ]  -236.758  1552.036   3.028   -236.758 [ 1  1  1]   0  0.242  0.178  2.110
  3  124 Permutate   [    18 40  ]  -236.529  1552.036   3.028   -236.468 [ 1  1  1]   0  0.199  0.177  2.230
  3  125 softmutate  [    18 40  ]  -178.999  1552.036   3.028   -178.999 [ 1  1  1]   0  0.199  0.178  3.700
  3  126 softmutate  [    18 40  ]  -229.620  1552.036   3.028   -229.620 [ 1  1  1]   0  0.178  0.178  2.526
  3  127 softmutate  [    18 40  ]  -240.941  1552.036   3.028   -240.941 [ 1  1  1]   0  0.197  0.177  1.836
  3  128 softmutate  [    18 40  ]  -234.897  1552.036   3.028   -234.897 [ 1  1  1]   0  0.237  0.177  1.996
  3  129 softmutate  [    18 40  ]  -234.088  1552.036   3.028   -234.088 [ 1  1  1]   0  0.244  0.177  2.123
  3  130 softmutate  [    18 40  ]  -227.069  1552.036   3.028   -227.069 [ 1  1  1]   0  0.209  0.177  2.431
  3  131 softmutate  [    18 40  ]  -242.937  1552.036   3.028   -242.937 [ 1  1  1]   0  0.156  0.177  2.938
  3  132 softmutate  [    18 40  ]  -234.118  1552.036   3.028   -234.118 [ 1  1  1]   0  0.219  0.178  1.942
  3  133 Transmutate [    18 40  ]  -244.233  1552.036   3.028   -244.233 [ 1  1  1]   0  0.139  0.177  1.937
  3  134 Transmutate [    18 40  ]  -242.659  1552.036   3.028   -242.659 [ 1  1  1]   0  0.190  0.177  1.888
  3  135 Transmutate [    18 40  ]  -228.562  1441.604   3.260   -228.562 [ 1  1  1]   0  0.104  0.177  7.372
  3  136 Transmutate [    18 40  ]  -242.152  1552.036   3.028   -242.152 [ 1  1  1]   0  0.190  0.178  1.892
  3  137 keptBest    [    18 40  ]  -246.875  1375.634   3.416   -246.744 [ 1  1  1]   0  0.089  0.177  7.546
  3  138 keptBest    [    18 40  ]  -246.089  1552.036   3.028   -245.958 [ 1  1  1]   0  0.151  0.177  2.869
  3  139 keptBest    [    18 40  ]  -245.928  1552.036   3.028   -245.867 [ 1  1  1]   0  0.201  0.178  2.147
  3  140 keptBest    [    18 40  ]  -245.136  1552.036   3.028   -245.075 [ 1  1  1]   0  0.042  0.176  2.902
