-258.51430980569387
-258.2444138408198
-257.64521311687014
-258.4172883730399
-258.3991156595084
-258.2446296860964
-258.67300952190595
-258.44354417437285
-258.00165695855685
-258.4158331334991
-258.2399819257573
-258.1880912629266
-258.3421099495191
-258.21476686062977
-258.32169903279646
-257.94745176811426
-258.3109783392367
-258.3696991143105
-258.07048675747546
-258.5010964542628
-258.36510925532167
-258.02563230382407
-257.96310663574855
-258.353362002786
-258.3495736268015
-258.059020608089
-258.44821627960425
-258.23510126146084
-258.4515958823862
-258.30111042664254
-258.44441775317864
-258.2589566232639
-257.8354277518159
-258.22294622066795
-258.5074365973901
-258.26303883502055
-258.2578279471842
-258.4070551680654
-258.3949796775714
-258.35040749094924
-258.6313435621163
-257.91123501355054
-258.55368747098953
-258.5727395499579
-258.1052172366303
-258.3256665440059
-258.4326797963227
-258.2097983460702
-258.32550014118203
-258.208441658663
-258.3171745698055
-258.3426810787694
-258.42804391032644
-258.5221657695615
-258.322807345074
-258.47610325192034
-258.3982908675112
-258.1213597096459
-257.5906311491934
-258.25446387878867
-258.31676311592724
-258.226696040858
-258.3061760193782
-258.286829992324
-257.77520631888615
-258.04518901193876
-258.2170229513212
-258.3539824383335
-258.20041791928725
-258.1705454158314
-257.92001541684203
-257.8074956531349
-258.35040749094924
-258.2667190568784
-258.24407113971256
-258.35040749094924
-257.94863457885884
-258.1882671274594
-258.36162313033833
-258.105448032783
-258.36451293532025
-258.451701725632
-258.30351456797905
-258.35401657453076
-258.3345263762235
-258.40431917402486
-258.4461211791745
-258.57928428366046
-258.2788626155841
-258.3530656465621
-258.4475396737017
-258.23021932111953
-258.4836384286106
-258.33223129096666
-258.14024666411433
-258.42145926130223
-258.46829532107256
-258.41161672061446
-258.30300472434294
-258.31956788854427
-258.42532938949444
-258.29853476036135
-258.44658125597607
-258.33828560922063
-258.26668684653765
-258.2789516059836
-258.4512672160848
-258.2796227387542
-258.03168326383036
-257.5233419176965
-258.4882317124565
-258.2413887328395
-257.9119978776505
-258.1465323355761
-258.3549949553009
-258.2643381852949
-258.57928428366046
-258.67300952190595
-258.2954750854194
-258.3826455460392
-258.30600438635327
-258.37205114599993
-258.1806372690345
-258.1811928931728
-258.26256841998054
-258.3018291556628
-258.42119538596876
-258.2781762348726
-258.5327079901523
-258.40185069657775
-258.4011659719248
-258.55256438742066
