-248.54506751602054
-254.96497496334524
-251.645072726943
-196.23710479642182
-252.1389058525727
-258.54714613254026
-238.2569538419807
-165.45840791623255
-246.97625255266655
-256.20723901177195
-203.32782071475174
-235.18699286359325
-257.75167069586445
-219.00960909300846
-248.91439178858522
-255.87878535968377
-253.73465204573014
-251.80318306733074
-249.35558253548731
-237.65663009620485
-243.1138744273773
-251.88482782807475
-240.10615230465075
-254.52091937554675
-237.05786292238423
-257.3921494595884
-251.54978987848307
-240.9159817173046
-196.85626444889562
-228.64074462299214
-181.10207223317602
-253.7839407422341
-244.24471791242112
-199.61735832743256
-251.7599596357896
-258.0672772294321
-246.6756812858298
-243.69571858045356
-246.15452384501972
-247.9564376926055
-258.4964845982256
-257.4229445310003
-259.38301189366166
-259.3041117564072
-243.22705945665524
-255.4255502827037
-253.31500718073212
-219.25912320426693
-257.4383845312394
-235.47854968997663
-245.2908937635182
-249.4002120762368
-250.82677174415477
-255.09334521121437
-243.46825687034698
-247.30931095991463
-247.6022662992416
-248.12783184371702
-245.8764022220254
-253.12964549854985
-254.84446535429817
-254.55402432920567
-248.54720482738895
-254.42241618699137
-253.21730038199797
-249.29464149924968
-256.8828784409257
-252.38894635855775
-257.71388219317737
-249.3200444510777
-222.54018472276937
-252.6847513438717
-256.20723901177195
-254.4886552801507
-251.41747179453301
-258.03821362519875
-217.75929072257927
-251.05810604895643
-252.66109348753173
-197.97134487120655
-246.88506783727647
-256.46686899202285
-251.1094937251013
-249.58839093430188
-251.29555095252792
-258.0502893942443
-256.824473377133
-255.09349011842178
-239.90925819214976
-239.48374227024416
-247.41578310715263
-243.88681101917618
-250.22442692020985
-247.5078382689641
-248.9189503056357
-250.89897884135078
-251.00892099749473
-247.4903981039287
-251.19517027320524
-246.50223026903214
-235.94744141390888
-242.3669983272968
-228.81132553244564
-245.13398846452628
-257.2234749257905
-229.7270571970294
-212.3279125462795
-244.22964958716202
-234.85703812331957
-255.4426271742937
-251.24854985935565
-250.55502749137736
-223.16913371375236
-255.76146433821057
-253.99684209217935
-241.70756743302232
-257.71388219317737
-255.4943400039371
-256.46686899202285
-254.84446535429817
-258.34805048408924
-256.00031948814944
-225.70838790450523
-238.3320335671101
-248.9463854867725
-240.68008355773372
-242.7051840274549
-228.45786575109145
-256.4911822391264
-254.02146012545683
-255.79323164331404
-256.0568605537584
