-235.49076869859374
-245.92134065672275
-251.86282256736902
-259.0615674186387
-246.95694126111488
-240.42360103193346
-254.25953660639033
-209.39325718744942
-211.672335800153
-247.76540069807623
-245.9718936136725
-243.1563853711356
-238.6297555140916
-241.83294074920184
-215.1154540500703
-248.50247908909108
-237.56986462306872
-223.15939065915688
-244.44078362906401
-238.14683338385294
-255.6552427442355
-249.0644817092401
-257.89683297437705
-254.43148660276248
-216.09667259851958
-235.5106160033358
-248.9272374756893
-259.9834100128046
-227.68238198004863
-252.30160101345103
-250.17302479292755
-262.86431330375746
-238.72818816261463
-252.2693126217245
-149.92069421788898
-229.5687305375984
-256.88723648399343
-243.44281659116976
-218.52247597857908
-215.2354127508874
-253.19452445555225
-246.15383766079964
-261.4597095347617
-250.06560226803137
-257.82037621690273
-220.12552046403616
-235.30044257130373
-249.0952475134481
-249.231636126207
-231.21453520808095
-250.5748610732223
-210.16288524788195
-254.71044649208028
-255.21808212614656
-237.7067511960821
-227.55902755374265
-239.44601017038244
-249.26434343364963
-244.84857574804724
-244.94550931765238
-231.97408957468076
-223.75000043519486
-243.0853149243631
-209.0843529136252
-258.5107011216104
-246.05019784312827
-260.51710771566536
-255.59602182534812
-254.08077801738
-262.86431330375746
-254.43148660276248
-262.87949493054924
-250.44711327259614
-257.35137620558964
-251.18175510856068
-251.55385280302647
-252.773254858754
-208.89645235856182
-257.84601132924223
-223.5004722313765
-249.43118630872755
-259.0272023118855
-253.254242174066
-256.1808792788762
-251.15079426877108
-216.970007999485
-258.28254110756285
-249.9645261710653
-232.45923796773585
-249.52369248016205
-217.01586651193287
-237.7071194277666
-256.8533901769815
-245.96482123597193
-246.87845070507342
-236.1175307606588
-217.86339971210742
-233.99832581606003
-240.46192456334205
-259.38587474896383
-243.1959833084082
-257.1993192792776
-200.83903003640026
-258.63662916208295
-243.509223665854
-216.75967928026762
-261.0417137908255
-254.91389867308993
-252.47831682246195
-239.6489855280547
-250.21226255709612
-261.4515661526044
-262.87949493054924
-247.203182095391
-254.71044649208028
-257.037078158535
-261.504516963642
-223.64304757792496
-250.6651841233147
-223.04908820251575
-251.59624406822002
-233.08673158795114
-260.50104341472326
-229.04972440256384
-254.09951190134987
-259.54137095678027
-262.07217906506315
-258.60114272167607
