-263.825
-263.537
-263.232
-263.841
-263.461
-263.419
-263.400
-263.111
-263.212
-263.180
-263.747
-262.982
-263.472
-263.451
-263.694
-263.426
-263.604
-263.771
-263.304
-263.634
-262.651
-263.443
-263.515
-263.471
-263.350
-263.557
-263.465
-263.519
-263.459
-263.596
-263.462
-263.521
-263.727
-263.573
-263.413
-263.635
-263.270
-263.551
-263.417
-263.394
-263.702
-263.716
-263.457
-263.530
-263.607
-263.219
-263.663
-263.530
-263.559
-263.551
-263.586
-263.551
-263.595
-263.528
-263.337
-263.447
-263.701
-263.515
-263.648
-263.560
-263.551
-262.254
-263.504
-263.465
-263.755
-263.439
-263.591
-263.625
-263.547
-263.606
-263.610
-263.462
-263.382
-263.510
-263.526
-263.436
-263.550
-263.774
-263.556
-263.571
-263.693
-263.814
-263.699
-263.779
-263.841
-263.825
-263.771
-263.747
-263.508
-263.615
-263.729
-263.343
-263.671
-263.477
-263.495
-263.502
-263.671
-263.535
-263.610
-263.442
-263.527
-263.529
-263.579
-263.521
-263.503
-263.616
-263.472
-263.317
-263.580
-263.771
-263.401
-263.673
-263.670
-263.590
-263.300
-263.569
-263.735
-263.779
-263.731
-263.756
-263.743
-263.560
-263.622
-263.440
-263.625
-263.582
-263.569
-263.639
-263.749
-263.742
-263.794
-263.640
-263.841
-263.825
-263.814
-263.779
