  ID   Compositions    Enthalpies    Volumes    fitness  SYMM
                       (eV/atom)    (A^3/atom)    ()         
   4  [    21 40  ]     -4.3253     25.4432   -263.8406     0
   1  [    21 40  ]     -4.3250     25.4432   -263.8248     0
  82  [    21 40  ]     -4.3248     25.4432   -263.8140     0
 131  [    21 40  ]     -4.3245     25.4432   -263.7937     0
  84  [    21 40  ]     -4.3242     25.4432   -263.7786     0
  78  [    21 40  ]     -4.3242     25.4432   -263.7741     0
 110  [    21 40  ]     -4.3241     25.4432   -263.7712     0
  18  [    21 40  ]     -4.3241     25.4432   -263.7706     0
 120  [    21 40  ]     -4.3239     25.4432   -263.7558     0
  65  [    21 40  ]     -4.3239     25.4432   -263.7551     0
 129  [    21 40  ]     -4.3238     25.4432   -263.7494     0
  11  [    21 40  ]     -4.3237     25.4432   -263.7465     0
 121  [    21 40  ]     -4.3237     25.4432   -263.7429     0
 130  [    21 40  ]     -4.3236     25.4432   -263.7415     0
 117  [    21 40  ]     -4.3235     25.4432   -263.7350     0
 119  [    21 40  ]     -4.3235     25.4432   -263.7306     0
  91  [    21 40  ]     -4.3234     25.4432   -263.7293     0
  33  [    21 40  ]     -4.3234     25.4432   -263.7274     0
  42  [    21 40  ]     -4.3232     25.4432   -263.7164     0
  41  [    21 40  ]     -4.3230     25.4432   -263.7019     0
