Gen   ID    Origin   Composition    Enthalpy   Volume  Density   Fitness   KPOINTS  SYMM  Q_entr A_order S_order
                                      (eV)     (A^3)  (g/cm^3)
  1    1   Random    [    21 40  ]  -263.825  1552.036   3.079   -263.825 [ 1  1  1]   0  0.171  0.219  2.481
  1    2   Random    [    21 40  ]  -263.537  1552.036   3.079   -263.537 [ 1  1  1]   0  0.198  0.219  1.817
  1    3   Random    [    21 40  ]  -263.232  1552.036   3.079   -263.232 [ 1  1  1]   0  0.152  0.219  5.014
  1    4   Random    [    21 40  ]  -263.841  1552.036   3.079   -263.841 [ 1  1  1]   0  0.175  0.220  2.399
  1    5   Random    [    21 40  ]  -263.461  1552.036   3.079   -263.461 [ 1  1  1]   0  0.209  0.219  2.123
  1    6   Random    [    21 40  ]  -263.419  1552.036   3.079   -263.419 [ 1  1  1]   0  0.226  0.220  2.196
  1    7   Random    [    21 40  ]  -263.400  1552.036   3.079   -263.400 [ 1  1  1]   0  0.082  0.219  3.214
  1    8   Random    [    21 40  ]  -263.111  1552.036   3.079   -263.111 [ 1  1  1]   0  0.173  0.220  2.973
  1    9   Random    [    21 40  ]  -263.212  1552.036   3.079   -263.212 [ 1  1  1]   0  0.172  0.219  1.904
  1   10   Random    [    21 40  ]  -263.180  1552.036   3.079   -263.180 [ 1  1  1]   0  0.216  0.220  2.185
  1   11   Random    [    21 40  ]  -263.747  1552.036   3.079   -263.747 [ 1  1  1]   0  0.156  0.220  2.111
  1   12   Random    [    21 40  ]  -262.982  1552.036   3.079   -262.982 [ 1  1  1]   0  0.169  0.220  3.644
  1   13   Random    [    21 40  ]  -263.472  1552.036   3.079   -263.472 [ 1  1  1]   0  0.180  0.220  1.882
  1   14   Random    [    21 40  ]  -263.451  1552.036   3.079   -263.451 [ 1  1  1]   0  0.198  0.219  2.106
  1   15   Random    [    21 40  ]  -263.694  1552.036   3.079   -263.694 [ 1  1  1]   0  0.189  0.219  2.352
  1   16   Random    [    21 40  ]  -263.426  1552.036   3.079   -263.426 [ 1  1  1]   0  0.060  0.219  2.592
  1   17   Random    [    21 40  ]  -263.604  1552.036   3.079   -263.604 [ 1  1  1]   0  0.047  0.220  3.933
  1   18   Random    [    21 40  ]  -263.771  1552.036   3.079   -263.771 [ 1  1  1]   0  0.076  0.220  2.840
  1   19   Random    [    21 40  ]  -263.304  1552.036   3.079   -263.304 [ 1  1  1]   0  0.110  0.220  4.545
  1   20   Random    [    21 40  ]  -263.634  1552.036   3.079   -263.634 [ 1  1  1]   0  0.086  0.219  3.101
  1   21   Random    [    21 40  ]  -262.651  1552.036   3.079   -262.651 [ 1  1  1]   0  0.225  0.220  2.425
  1   22   Random    [    21 40  ]  -263.443  1552.036   3.079   -263.443 [ 1  1  1]   0  0.143  0.221  2.528
  1   23   Random    [    21 40  ]  -263.515  1552.036   3.079   -263.515 [ 1  1  1]   0  0.140  0.219  2.569
  1   24   Random    [    21 40  ]  -263.471  1552.036   3.079   -263.471 [ 1  1  1]   0  0.161  0.219  2.427
  1   25   Random    [    21 40  ]  -263.350  1552.036   3.079   -263.350 [ 1  1  1]   0  0.254  0.220  1.725
  1   26   Random    [    21 40  ]  -263.557  1552.036   3.079   -263.557 [ 1  1  1]   0  0.193  0.220  2.599
  1   27   Random    [    21 40  ]  -263.465  1552.036   3.079   -263.465 [ 1  1  1]   0  0.123  0.220  6.992
  1   28   Random    [    21 40  ]  -263.519  1552.036   3.079   -263.519 [ 1  1  1]   0  0.125  0.219  3.079
  1   29   Random    [    21 40  ]  -263.459  1552.036   3.079   -263.459 [ 1  1  1]   0  0.152  0.219  3.902
  1   30   Random    [    21 40  ]  -263.596  1552.036   3.079   -263.596 [ 1  1  1]   0  0.156  0.218  2.857
  1   31   Random    [    21 40  ]  -263.462  1552.036   3.079   -263.462 [ 1  1  1]   0  0.225  0.219  2.337
  1   32   Random    [    21 40  ]  -263.521  1552.036   3.079   -263.521 [ 1  1  1]   0  0.150  0.220  2.008
  1   33   Random    [    21 40  ]  -263.727  1552.036   3.079   -263.727 [ 1  1  1]   0  0.124  0.220  2.644
  1   34   Random    [    21 40  ]  -263.573  1552.036   3.079   -263.573 [ 1  1  1]   0  0.240  0.219  1.833
  1   35   Random    [    21 40  ]  -263.413  1552.036   3.079   -263.413 [ 1  1  1]   0  0.173  0.219  2.311
  1   36   Random    [    21 40  ]  -263.635  1552.036   3.079   -263.635 [ 1  1  1]   0  0.120  0.220  2.810
  1   37   Random    [    21 40  ]  -263.270  1552.036   3.079   -263.270 [ 1  1  1]   0  0.131  0.219  2.765
  1   38   Random    [    21 40  ]  -263.551  1552.036   3.079   -263.551 [ 1  1  1]   0  0.171  0.220  2.177
  1   39   Random    [    21 40  ]  -263.417  1552.036   3.079   -263.417 [ 1  1  1]   0  0.202  0.221  3.251
  1   40   Random    [    21 40  ]  -263.394  1552.036   3.079   -263.394 [ 1  1  1]   0  0.210  0.219  2.135
  2   41 Heredity    [    21 40  ]  -263.702  1552.036   3.079   -263.702 [ 1  1  1]   0  0.174  0.220  2.049
  2   42 Heredity    [    21 40  ]  -263.716  1552.036   3.079   -263.716 [ 1  1  1]   0  0.223  0.220  2.975
  2   43 Heredity    [    21 40  ]  -263.457  1552.036   3.079   -263.457 [ 1  1  1]   0  0.161  0.220  1.777
  2   44 Heredity    [    21 40  ]  -263.530  1552.036   3.079   -263.530 [ 1  1  1]   0  0.166  0.220  2.022
  2   45 Heredity    [    21 40  ]  -263.607  1552.036   3.079   -263.607 [ 1  1  1]   0  0.193  0.219  2.121
  2   46 Heredity    [    21 40  ]  -263.219  1552.036   3.079   -263.219 [ 1  1  1]   0  0.242  0.219  2.223
  2   47 Heredity    [    21 40  ]  -263.663  1552.036   3.079   -263.663 [ 1  1  1]   0  0.163  0.220  1.751
  2   48 Heredity    [    21 40  ]  -263.530  1552.036   3.079   -263.530 [ 1  1  1]   0  0.232  0.220  1.750
  2   49 Heredity    [    21 40  ]  -263.559  1552.036   3.079   -263.559 [ 1  1  1]   0  0.214  0.219  1.876
  2   50 Heredity    [    21 40  ]  -263.551  1552.036   3.079   -263.551 [ 1  1  1]   0  0.227  0.219  1.933
  2   51 Heredity    [    21 40  ]  -263.586  1552.036   3.079   -263.586 [ 1  1  1]   0  0.173  0.220  1.646
  2   52 Heredity    [    21 40  ]  -263.551  1552.036   3.079   -263.551 [ 1  1  1]   0  0.189  0.220  2.110
  2   53 Heredity    [    21 40  ]  -263.595  1552.036   3.079   -263.595 [ 1  1  1]   0  0.212  0.220  2.224
  2   54 Heredity    [    21 40  ]  -263.528  1552.036   3.079   -263.528 [ 1  1  1]   0  0.222  0.219  1.843
  2   55 Heredity    [    21 40  ]  -263.337  1552.036   3.079   -263.337 [ 1  1  1]   0  0.153  0.220  2.952
  2   56 Heredity    [    21 40  ]  -263.447  1552.036   3.079   -263.447 [ 1  1  1]   0  0.224  0.220  1.936
  2   57 Heredity    [    21 40  ]  -263.701  1552.036   3.079   -263.701 [ 1  1  1]   0  0.184  0.219  2.344
  2   58 Heredity    [    21 40  ]  -263.515  1552.036   3.079   -263.515 [ 1  1  1]   0  0.149  0.220  1.977
  2   59 Heredity    [    21 40  ]  -263.648  1552.036   3.079   -263.648 [ 1  1  1]   0  0.202  0.219  1.814
  2   60 Heredity    [    21 40  ]  -263.560  1552.036   3.079   -263.560 [ 1  1  1]   0  0.138  0.220  1.675
  2   61   Random    [    21 40  ]  -263.551  1552.036   3.079   -263.551 [ 1  1  1]   0  0.175  0.220  2.023
  2   62   Random    [    21 40  ]  -262.254  1552.036   3.079   -262.254 [ 1  1  1]   0  0.183  0.220  5.321
  2   63   Random    [    21 40  ]  -263.504  1552.036   3.079   -263.504 [ 1  1  1]   0  0.170  0.220  3.017
  2   64   Random    [    21 40  ]  -263.465  1552.036   3.079   -263.465 [ 1  1  1]   0  0.146  0.220  4.904
  2   65   Random    [    21 40  ]  -263.755  1552.036   3.079   -263.755 [ 1  1  1]   0  0.042  0.219  3.565
  2   66   Random    [    21 40  ]  -263.439  1552.036   3.079   -263.439 [ 1  1  1]   0  0.202  0.219  1.893
  2   67   Random    [    21 40  ]  -263.591  1552.036   3.079   -263.591 [ 1  1  1]   0  0.155  0.219  3.012
  2   68   Random    [    21 40  ]  -263.625  1552.036   3.079   -263.625 [ 1  1  1]   0  0.243  0.219  2.098
  2   69 Permutate   [    21 40  ]  -263.547  1552.036   3.079   -263.547 [ 1  1  1]   0  0.205  0.220  2.455
  2   70 Permutate   [    21 40  ]  -263.606  1552.036   3.079   -263.606 [ 1  1  1]   0  0.173  0.218  2.762
  2   71 Permutate   [    21 40  ]  -263.610  1552.036   3.079   -263.610 [ 1  1  1]   0  0.226  0.218  2.288
  2   72 Permutate   [    21 40  ]  -263.462  1552.036   3.079   -263.460 [ 1  1  1]   0  0.225  0.219  2.337
  2   73 softmutate  [    21 40  ]  -263.382  1552.036   3.079   -263.382 [ 1  1  1]   0  0.208  0.219  1.711
  2   74 softmutate  [    21 40  ]  -263.510  1552.036   3.079   -263.510 [ 1  1  1]   0  0.178  0.220  2.281
  2   75 softmutate  [    21 40  ]  -263.526  1552.036   3.079   -263.526 [ 1  1  1]   0  0.214  0.220  2.170
  2   76 softmutate  [    21 40  ]  -263.436  1552.036   3.079   -263.436 [ 1  1  1]   0  0.245  0.220  1.658
  2   77 softmutate  [    21 40  ]  -263.550  1552.036   3.079   -263.550 [ 1  1  1]   0  0.165  0.220  1.843
  2   78 softmutate  [    21 40  ]  -263.774  1552.036   3.079   -263.774 [ 1  1  1]   0  0.198  0.220  1.775
  2   79 softmutate  [    21 40  ]  -263.556  1552.036   3.079   -263.556 [ 1  1  1]   0  0.168  0.219  2.529
  2   80 softmutate  [    21 40  ]  -263.571  1552.036   3.079   -263.571 [ 1  1  1]   0  0.220  0.220  1.843
  2   81 Transmutate [    21 40  ]  -263.693  1552.036   3.079   -263.693 [ 1  1  1]   0  0.140  0.220  1.883
  2   82 Transmutate [    21 40  ]  -263.814  1552.036   3.079   -263.814 [ 1  1  1]   0  0.196  0.220  1.787
  2   83 Transmutate [    21 40  ]  -263.699  1552.036   3.079   -263.699 [ 1  1  1]   0  0.154  0.221  2.173
  2   84 Transmutate [    21 40  ]  -263.779  1552.036   3.079   -263.779 [ 1  1  1]   0  0.178  0.219  1.815
  2   85 keptBest    [    21 40  ]  -263.841  1552.036   3.079   -263.839 [ 1  1  1]   0  0.175  0.220  2.399
  2   86 keptBest    [    21 40  ]  -263.825  1552.036   3.079   -263.823 [ 1  1  1]   0  0.171  0.219  2.481
  2   87 keptBest    [    21 40  ]  -263.771  1552.036   3.079   -263.769 [ 1  1  1]   0  0.076  0.220  2.840
  2   88 keptBest    [    21 40  ]  -263.747  1552.036   3.079   -263.745 [ 1  1  1]   0  0.156  0.220  2.111
  3   89 Heredity    [    21 40  ]  -263.508  1552.036   3.079   -263.508 [ 1  1  1]   0  0.176  0.220  1.596
  3   90 Heredity    [    21 40  ]  -263.615  1552.036   3.079   -263.615 [ 1  1  1]   0  0.163  0.219  2.638
  3   91 Heredity    [    21 40  ]  -263.729  1552.036   3.079   -263.729 [ 1  1  1]   0  0.177  0.220  2.012
  3   92 Heredity    [    21 40  ]  -263.343  1552.036   3.079   -263.343 [ 1  1  1]   0  0.224  0.220  1.858
  3   93 Heredity    [    21 40  ]  -263.671  1552.036   3.079   -263.671 [ 1  1  1]   0  0.191  0.219  1.635
  3   94 Heredity    [    21 40  ]  -263.477  1552.036   3.079   -263.477 [ 1  1  1]   0  0.215  0.219  2.582
  3   95 Heredity    [    21 40  ]  -263.495  1552.036   3.079   -263.495 [ 1  1  1]   0  0.213  0.219  1.666
  3   96 Heredity    [    21 40  ]  -263.502  1552.036   3.079   -263.502 [ 1  1  1]   0  0.187  0.219  2.409
  3   97 Heredity    [    21 40  ]  -263.671  1552.036   3.079   -263.671 [ 1  1  1]   0  0.193  0.219  1.917
  3   98 Heredity    [    21 40  ]  -263.535  1552.036   3.079   -263.535 [ 1  1  1]   0  0.190  0.219  1.827
  3   99 Heredity    [    21 40  ]  -263.610  1552.036   3.079   -263.610 [ 1  1  1]   0  0.187  0.219  1.705
  3  100 Heredity    [    21 40  ]  -263.442  1552.036   3.079   -263.442 [ 1  1  1]   0  0.185  0.219  1.727
  3  101 Heredity    [    21 40  ]  -263.527  1552.036   3.079   -263.527 [ 1  1  1]   0  0.185  0.219  1.682
  3  102 Heredity    [    21 40  ]  -263.529  1552.036   3.079   -263.529 [ 1  1  1]   0  0.182  0.219  2.056
  3  103 Heredity    [    21 40  ]  -263.579  1552.036   3.079   -263.579 [ 1  1  1]   0  0.198  0.220  1.655
  3  104 Heredity    [    21 40  ]  -263.521  1552.036   3.079   -263.521 [ 1  1  1]   0  0.181  0.219  1.742
  3  105 Heredity    [    21 40  ]  -263.503  1552.036   3.079   -263.503 [ 1  1  1]   0  0.210  0.220  1.871
  3  106 Heredity    [    21 40  ]  -263.616  1552.036   3.079   -263.616 [ 1  1  1]   0  0.162  0.219  1.721
  3  107 Heredity    [    21 40  ]  -263.472  1552.036   3.079   -263.472 [ 1  1  1]   0  0.191  0.219  1.677
  3  108 Heredity    [    21 40  ]  -263.317  1552.036   3.079   -263.317 [ 1  1  1]   0  0.242  0.219  2.045
  3  109   Random    [    21 40  ]  -263.580  1552.036   3.079   -263.580 [ 1  1  1]   0  0.180  0.218  5.051
  3  110   Random    [    21 40  ]  -263.771  1552.036   3.079   -263.771 [ 1  1  1]   0  0.110  0.220  2.673
  3  111   Random    [    21 40  ]  -263.401  1552.036   3.079   -263.401 [ 1  1  1]   0  0.186  0.220  2.696
  3  112   Random    [    21 40  ]  -263.673  1552.036   3.079   -263.673 [ 1  1  1]   0  0.152  0.220  1.899
  3  113   Random    [    21 40  ]  -263.670  1552.036   3.079   -263.670 [ 1  1  1]   0  0.114  0.219  2.371
  3  114   Random    [    21 40  ]  -263.590  1552.036   3.079   -263.590 [ 1  1  1]   0  0.236  0.219  1.869
  3  115   Random    [    21 40  ]  -263.300  1552.036   3.079   -263.300 [ 1  1  1]   0  0.171  0.220  2.723
  3  116   Random    [    21 40  ]  -263.569  1552.036   3.079   -263.569 [ 1  1  1]   0  0.195  0.219  2.095
  3  117 Permutate   [    21 40  ]  -263.735  1552.036   3.079   -263.735 [ 1  1  1]   0  0.148  0.219  2.777
  3  118 Permutate   [    21 40  ]  -263.779  1552.036   3.079   -263.777 [ 1  1  1]   0  0.178  0.219  1.815
  3  119 Permutate   [    21 40  ]  -263.731  1552.036   3.079   -263.731 [ 1  1  1]   0  0.190  0.220  1.966
  3  120 Permutate   [    21 40  ]  -263.756  1552.036   3.079   -263.756 [ 1  1  1]   0  0.177  0.220  1.964
  3  121 softmutate  [    21 40  ]  -263.743  1552.036   3.079   -263.743 [ 1  1  1]   0  0.214  0.220  1.822
  3  122 softmutate  [    21 40  ]  -263.560  1552.036   3.079   -263.560 [ 1  1  1]   0  0.220  0.220  1.756
  3  123 softmutate  [    21 40  ]  -263.622  1552.036   3.079   -263.622 [ 1  1  1]   0  0.195  0.219  2.551
  3  124 softmutate  [    21 40  ]  -263.440  1552.036   3.079   -263.440 [ 1  1  1]   0  0.196  0.220  1.617
  3  125 softmutate  [    21 40  ]  -263.625  1552.036   3.079   -263.625 [ 1  1  1]   0  0.211  0.219  2.151
  3  126 softmutate  [    21 40  ]  -263.582  1552.036   3.079   -263.582 [ 1  1  1]   0  0.118  0.219  1.727
  3  127 softmutate  [    21 40  ]  -263.569  1552.036   3.079   -263.569 [ 1  1  1]   0  0.194  0.219  2.249
  3  128 softmutate  [    21 40  ]  -263.639  1552.036   3.079   -263.639 [ 1  1  1]   0  0.238  0.220  1.846
  3  129 Transmutate [    21 40  ]  -263.749  1552.036   3.079   -263.749 [ 1  1  1]   0  0.232  0.220  1.982
  3  130 Transmutate [    21 40  ]  -263.742  1552.036   3.079   -263.742 [ 1  1  1]   0  0.157  0.219  1.832
  3  131 Transmutate [    21 40  ]  -263.794  1552.036   3.079   -263.794 [ 1  1  1]   0  0.207  0.219  1.820
  3  132 Transmutate [    21 40  ]  -263.640  1552.036   3.079   -263.640 [ 1  1  1]   0  0.147  0.220  1.599
  3  133 keptBest    [    21 40  ]  -263.841  1552.036   3.079   -263.837 [ 1  1  1]   0  0.175  0.220  2.399
  3  134 keptBest    [    21 40  ]  -263.825  1552.036   3.079   -263.821 [ 1  1  1]   0  0.171  0.219  2.481
  3  135 keptBest    [    21 40  ]  -263.814  1552.036   3.079   -263.812 [ 1  1  1]   0  0.196  0.220  1.787
  3  136 keptBest    [    21 40  ]  -263.779  1552.036   3.079   -263.777 [ 1  1  1]   0  0.178  0.219  1.815
