-253.13388014660677
-253.1813302636599
-252.96587973753287
-253.10141285435282
-253.13091170066042
-253.1046887116226
-253.06751128787178
-252.5523555637894
-252.8229946824824
-253.174224392996
-253.006707337327
-252.81690017818974
-253.06215026425497
-253.01149276327925
-252.83286535829075
-252.87703182237053
-253.14841912454608
-253.2287528640101
-252.70985609743434
-253.04874016754988
-253.11078849987757
-253.15433377917626
-253.1378694892624
-253.14045960219693
-252.87524411950562
-252.99848546187576
-253.24700324908954
-253.006617185631
-253.07479225378538
-253.21801920092824
-253.11178993598065
-253.0521407609181
-253.0117869949088
-253.11881211109494
-253.15097451126468
-252.93340279000822
-253.05139731818295
-252.31005904201302
-252.935237629788
-253.0686688031365
-253.29356705936345
-253.27308034461458
-252.89855383782367
-253.05190084161944
-253.24377462200042
-253.08944440542757
-253.0180689609146
-253.11861930035502
-253.17909105186172
-252.7890021625386
-253.0075936150026
-253.1614264171483
-252.89966716238925
-252.947202950819
-253.1655358295629
-253.24580649968402
-252.98152577618137
-252.96541528439036
-253.0194745784678
-253.14920501097328
-253.18503308956195
-252.9361698355798
-253.13405217690837
-253.05697383175715
-253.1864103162051
-253.1382449501757
-252.31384729675966
-253.1995678331429
-252.79632475048777
-253.06139055895014
-253.09775808174186
-253.15504560195083
-253.10141285435282
-253.2287528640101
-253.16500142619367
-253.0115591305348
-252.9673336038333
-252.6103846638815
-253.0923601525036
-252.98727004710247
-252.961040524509
-253.10651381017158
-253.0897773181382
-253.04118296708145
-253.16653285312927
-253.16032125648366
-253.23416221473383
-253.2019517090445
-253.04270086560734
-253.0371120245572
-253.11596815911705
-253.12017769266248
-253.04172265814677
-253.17867279569518
-252.96679436225537
-253.04964408626518
-253.1104839549389
-253.0734149627236
-252.89121009042498
-252.9130342549692
-253.06246160363293
-253.05495490668346
-252.89610980424743
-253.11838603905878
-253.1151865771344
-252.7712136753946
-253.1335212854558
-253.1408200452326
-252.98441881309424
-253.17026761861734
-253.05018124598237
-253.025214288067
-252.75983963890837
-253.06339953908588
-253.08937888647915
-253.04729118415548
-253.19359525672272
-252.91961230960732
-253.19894560199006
-253.1864103162051
-253.140297161271
-253.07736266247173
-253.16453862139394
-253.1143185271461
-252.90675443318776
-252.74716079584255
-252.9013425567694
-253.15011583039973
-253.2267666590507
-253.21529886464214
-253.23547285979208
-253.2270845123804
