-185.56899727847204
-183.83168237477483
-183.854899474835
-181.9003464678
-186.03718457061538
-185.3157749924657
-173.32031797701606
-185.59085602340443
-184.1451226163993
-184.49627385482458
-184.61886285627355
-185.64633277607965
-186.01814261656318
-184.81976201624508
-180.725311324852
-185.7969496877986
-185.87632178788655
-185.4397989812217
-180.28113222057962
-184.82068258721588
-185.0640473572842
-185.91283954295463
-184.72935833717122
-185.6086736770807
-185.48919058369415
-185.93046783973526
-184.5227382494504
-185.14706511943396
-185.73303828881245
-185.95271824924785
-180.18969102143814
-185.3932025182761
-182.64915162418993
-185.73722159271387
-185.34673297351446
-185.93411423577965
-186.01997587493688
-185.64243409771117
-185.90363739650897
-184.22021405635897
-185.9079954246435
-185.86588212617028
-186.16262902635208
-185.89301900588947
-184.49026982220556
-186.15359691300895
-185.99117670495568
-185.47834298414472
-184.64651232744862
-184.91972719937644
-185.6499763679298
-185.7835649653603
-185.62689132891356
-185.49070120388672
-181.59068295898214
-185.78416826547436
-185.93526510572042
-186.00765993579455
-185.9656310583156
-186.02305868176123
-186.01874291985263
-185.68100255334247
-185.9744351632626
-185.96917473528111
-185.87921299927922
-185.84371382297718
-185.73726412286166
-185.79792397980785
-186.01297756072736
-186.00276536398377
-185.99068117073813
-185.65536901340272
-186.07993125812655
-185.96444114313752
-185.95266386010383
-185.99190368596362
-185.92871832947182
-185.93036115786492
-186.020844127801
-186.0672731283317
-185.98327487695744
-185.9265110748945
-183.50856580686366
-186.1789973154605
-185.56431210819417
-185.63056143702227
-185.12165423697192
-185.64584503177838
-185.99154120065464
-185.95308886148283
-185.61303807971947
-185.87996138599
-185.79640754364806
-186.1620455784073
-183.74476455202912
-185.85352557353644
-186.01999152135778
-185.70753107024728
-185.39504989460085
-186.03435863611026
-185.90088095699227
-186.16059659244002
-186.01688154957566
-185.92677519609327
-185.88103648547397
-186.10011945302568
-186.07247170792155
-186.082926470154
-185.90944929847706
-186.03565021375766
-186.05637518130658
-186.0059957213091
-186.0373705106904
-185.93911838884554
-186.10540446866702
-186.1262557415524
-186.06045352745184
-186.0641940950704
-186.0874904417397
-186.1156847160975
-186.06919355850812
-186.08108270161824
-185.97211371330735
-186.0255418724995
-186.07701819359255
-185.42644092349119
-185.96235463222962
-186.06857484516965
-185.90423650759425
-186.07329966308293
-185.99662474599126
-186.07071406410688
-185.99896021767512
-186.0644156082526
-186.00364323127127
-185.82108486560136
-185.43162631162076
-185.10035061668995
-185.4504036326026
-185.06331507614743
-186.07840711023653
-185.9954258335792
-186.01923043940886
-186.01675013940044
-186.02643560499175
-186.1534975256616
-186.09596257209552
-186.0783714716373
-185.6999955990384
-186.15847975908596
-186.0095935468739
-185.99091129450463
-185.9747764542821
-185.7991211856387
-186.1532863028159
