-112.790
-112.440
-113.008
-110.881
-112.653
-112.240
-112.629
-113.178
-113.174
-113.117
-113.275
-112.880
-113.087
-112.031
-113.154
-113.101
-112.905
-113.107
-113.245
-111.432
-112.798
-112.139
-113.251
-112.895
-111.754
-113.111
-113.087
-112.516
-113.055
-113.026
-113.063
-113.216
-112.842
-112.742
-113.111
-112.824
-112.901
-112.773
-112.971
-112.562
-112.975
-113.208
-113.214
-113.224
-113.130
-112.979
-113.158
-113.228
-113.178
-113.221
-112.803
-113.118
-113.168
-113.306
-113.193
-113.139
-113.221
-113.036
-113.178
-113.220
-113.188
-113.237
-113.226
-113.174
-113.255
-113.289
-113.284
-113.211
-113.268
-113.167
-113.202
-113.228
-113.170
-113.200
-113.205
-113.155
-113.214
-113.138
-113.024
-113.098
-112.595
-112.359
-113.138
-112.709
-113.170
-112.883
-113.227
-113.210
-113.209
-113.228
-112.897
-113.221
-113.246
-113.168
-113.175
-113.213
-113.275
-113.037
-113.130
-113.125
-113.281
-113.213
-112.752
-113.275
-113.251
-113.228
-113.224
-113.221
-113.216
-113.214
-113.208
-113.216
-113.300
-113.221
-113.224
-113.222
-113.239
-113.259
-113.178
-113.261
-113.273
-113.185
-113.274
-113.296
-113.215
-113.269
-113.278
-113.231
-113.227
-113.187
-113.246
-113.226
-113.265
-113.260
-113.182
-113.269
-113.268
-113.286
-113.247
-111.711
-113.012
-112.720
-111.165
-113.234
-113.285
-113.201
-113.157
-113.237
-113.306
-113.264
-113.119
-113.202
-113.227
-113.209
-113.239
-113.215
-113.231
-113.198
-113.253
-113.278
-113.203
-113.306
-113.281
-113.275
-113.268
-113.251
-113.228
-113.227
-113.224
