  ID   Compositions    Enthalpies    Volumes    fitness  SYMM
                       (eV/atom)    (A^3/atom)    ()         
  54  [     4 24  ]     -4.0467     22.8276   -113.3065     0
 113  [     4 24  ]     -4.0464     28.4733   -113.3000     0
 124  [     4 24  ]     -4.0463     19.0637   -113.2959     0
  66  [     4 24  ]     -4.0460     22.5634   -113.2887     0
 138  [     4 24  ]     -4.0459     26.8255   -113.2861     0
 145  [     4 24  ]     -4.0459     22.4840   -113.2852     0
  67  [     4 24  ]     -4.0458     23.0146   -113.2838     0
 101  [     4 24  ]     -4.0458     14.4023   -113.2810     0
 160  [     4 24  ]     -4.0456     23.6550   -113.2780     0
 127  [     4 24  ]     -4.0456     21.0000   -113.2777     0
  11  [     4 24  ]     -4.0455     23.3624   -113.2748     0
  97  [     4 24  ]     -4.0455     23.8304   -113.2747     0
 123  [     4 24  ]     -4.0455     22.2029   -113.2739     0
 121  [     4 24  ]     -4.0455     23.5546   -113.2732     0
 126  [     4 24  ]     -4.0453     31.0586   -113.2694     0
 136  [     4 24  ]     -4.0453     27.4968   -113.2689     0
 137  [     4 24  ]     -4.0453     27.3600   -113.2684     0
  69  [     4 24  ]     -4.0453     26.7017   -113.2676     0
 133  [     4 24  ]     -4.0452     25.4877   -113.2653     0
 150  [     4 24  ]     -4.0451     27.0123   -113.2641     0
 120  [     4 24  ]     -4.0450     24.8092   -113.2610     0
 134  [     4 24  ]     -4.0450     24.2279   -113.2598     0
 118  [     4 24  ]     -4.0450     24.7693   -113.2591     0
  65  [     4 24  ]     -4.0448     30.7445   -113.2546     0
 159  [     4 24  ]     -4.0448     36.6312   -113.2532     0
  23  [     4 24  ]     -4.0447     20.9743   -113.2509     0
 139  [     4 24  ]     -4.0445     24.1487   -113.2471     0
  93  [     4 24  ]     -4.0445     21.3872   -113.2462     0
 131  [     4 24  ]     -4.0445     25.2276   -113.2460     0
  19  [     4 24  ]     -4.0445     20.8654   -113.2447     0
 155  [     4 24  ]     -4.0443     25.2584   -113.2391     0
 117  [     4 24  ]     -4.0442     29.9713   -113.2387     0
  62  [     4 24  ]     -4.0442     21.9520   -113.2370     0
 144  [     4 24  ]     -4.0441     17.5706   -113.2339     0
 128  [     4 24  ]     -4.0440     26.4533   -113.2311     0
 157  [     4 24  ]     -4.0440     36.7170   -113.2311     0
  48  [     4 24  ]     -4.0438     23.3315   -113.2278     0
  90  [     4 24  ]     -4.0438     24.0394   -113.2276     0
  72  [     4 24  ]     -4.0438     24.6797   -113.2275     0
  87  [     4 24  ]     -4.0438     24.9679   -113.2273     0
 129  [     4 24  ]     -4.0438     24.3180   -113.2268     0
 153  [     4 24  ]     -4.0438     24.9667   -113.2267     0
  63  [     4 24  ]     -4.0438     40.3201   -113.2264     0
 132  [     4 24  ]     -4.0438     22.0730   -113.2261     0
 115  [     4 24  ]     -4.0437     30.5955   -113.2239     0
  44  [     4 24  ]     -4.0437     18.2712   -113.2236     0
 116  [     4 24  ]     -4.0436     32.7822   -113.2215     0
  50  [     4 24  ]     -4.0436     25.0485   -113.2215     0
 114  [     4 24  ]     -4.0436     24.1854   -113.2209     0
  92  [     4 24  ]     -4.0436     25.0927   -113.2207     0
