Gen   ID    Origin   Composition    Enthalpy   Volume  Density   Fitness   KPOINTS  SYMM  Q_entr A_order S_order
                                      (eV)     (A^3)  (g/cm^3)
  1    1   Random    [     4 24  ]  -112.790   341.066   7.737   -112.790 [ 1  1  1]   0  0.209  0.020  0.005
  1    2   Random    [     4 24  ]  -112.440   571.722   4.615   -112.440 [ 1  1  1]   0  0.265  0.025  0.005
  1    3   Random    [     4 24  ]  -113.008   438.421   6.019   -113.008 [ 1  1  1]   0  0.210  0.017  0.004
  1    4   Random    [     4 24  ]  -110.881   273.444   9.650   -110.881 [ 1  1  1]   0  0.189  0.041  0.011
  1    5   Random    [     4 24  ]  -112.653   462.101   5.710   -112.653 [ 1  1  1]   0  0.257  0.029  0.006
  1    6   Random    [     4 24  ]  -112.240   656.175   4.021   -112.240 [ 1  1  1]   0  0.182  0.026  0.007
  1    7   Random    [     4 24  ]  -112.629   520.740   5.067   -112.629 [ 1  1  1]   0  0.262  0.020  0.004
  1    8   Random    [     4 24  ]  -113.178   373.685   7.061   -113.178 [ 1  1  1]   0  0.193  0.023  0.006
  1    9   Random    [     4 24  ]  -113.174   404.428   6.525   -113.174 [ 1  1  1]   0  0.227  0.024  0.006
  1   10   Random    [     4 24  ]  -113.117   385.333   6.848   -113.117 [ 1  1  1]   0  0.225  0.031  0.009
  1   11   Random    [     4 24  ]  -113.275   654.146   4.034   -113.275 [ 1  1  1]   0  0.232  0.015  0.003
  1   12   Random    [     4 24  ]  -112.880   590.791   4.466   -112.880 [ 1  1  1]   0  0.233  0.024  0.005
  1   13   Random    [     4 24  ]  -113.087   812.105   3.249   -113.087 [ 1  1  1]   0  0.229  0.020  0.004
  1   14   Random    [     4 24  ]  -112.031   622.547   4.239   -112.031 [ 1  1  1]   0  0.211  0.023  0.005
  1   15   Random    [     4 24  ]  -113.154  1159.134   2.276   -113.154 [ 1  1  1]   0  0.311  0.014  0.002
  1   16   Random    [     4 24  ]  -113.101   521.016   5.065   -113.101 [ 1  1  1]   0  0.268  0.019  0.004
  1   17   Random    [     4 24  ]  -112.905   467.673   5.642   -112.905 [ 1  1  1]   0  0.209  0.028  0.007
  1   18   Random    [     4 24  ]  -113.107   462.384   5.707   -113.107 [ 1  1  1]   0  0.222  0.016  0.004
  1   19   Random    [     4 24  ]  -113.245   584.233   4.517   -113.245 [ 1  1  1]   0  0.175  0.015  0.004
  1   20   Random    [     4 24  ]  -111.432   667.293   3.954   -111.432 [ 1  1  1]   0  0.168  0.027  0.007
  1   21   Random    [     4 24  ]  -112.798   401.149   6.578   -112.798 [ 1  1  1]   0  0.234  0.028  0.008
  1   22   Random    [     4 24  ]  -112.139   681.302   3.873   -112.139 [ 1  1  1]   0  0.225  0.021  0.005
  1   23   Random    [     4 24  ]  -113.251   587.282   4.493   -113.251 [ 1  1  1]   0  0.208  0.015  0.004
  1   24   Random    [     4 24  ]  -112.895   531.482   4.965   -112.895 [ 1  1  1]   0  0.245  0.025  0.005
  1   25   Random    [     4 24  ]  -111.754   514.252   5.131   -111.754 [ 1  1  1]   0  0.225  0.025  0.006
  1   26   Random    [     4 24  ]  -113.111   807.947   3.266   -113.111 [ 1  1  1]   0  0.175  0.017  0.004
  1   27   Random    [     4 24  ]  -113.087   660.417   3.996   -113.087 [ 1  1  1]   0  0.294  0.016  0.003
  1   28   Random    [     4 24  ]  -112.516   617.919   4.270   -112.516 [ 1  1  1]   0  0.200  0.021  0.005
  1   29   Random    [     4 24  ]  -113.055   446.708   5.907   -113.055 [ 1  1  1]   0  0.145  0.023  0.010
  1   30   Random    [     4 24  ]  -113.026   610.084   4.325   -113.026 [ 1  1  1]   0  0.200  0.020  0.006
  1   31   Random    [     4 24  ]  -113.063   956.543   2.759   -113.063 [ 1  1  1]   0  0.309  0.012  0.002
  1   32   Random    [     4 24  ]  -113.216   846.725   3.116   -113.216 [ 1  1  1]   0  0.191  0.013  0.003
  1   33   Random    [     4 24  ]  -112.842   503.348   5.242   -112.842 [ 1  1  1]   0  0.234  0.018  0.004
  1   34   Random    [     4 24  ]  -112.742   523.279   5.043   -112.742 [ 1  1  1]   0  0.225  0.022  0.005
  1   35   Random    [     4 24  ]  -113.111   694.688   3.798   -113.111 [ 1  1  1]   0  0.206  0.016  0.004
  1   36   Random    [     4 24  ]  -112.824   602.313   4.381   -112.824 [ 1  1  1]   0  0.205  0.031  0.010
  1   37   Random    [     4 24  ]  -112.901   720.413   3.663   -112.901 [ 1  1  1]   0  0.241  0.028  0.006
  1   38   Random    [     4 24  ]  -112.773   677.029   3.898   -112.773 [ 1  1  1]   0  0.180  0.021  0.005
  1   39   Random    [     4 24  ]  -112.971  1070.605   2.465   -112.971 [ 1  1  1]   0  0.228  0.016  0.003
  1   40   Random    [     4 24  ]  -112.562   809.992   3.258   -112.562 [ 1  1  1]   0  0.187  0.022  0.005
  1   41   Random    [     4 24  ]  -112.975   895.392   2.947   -112.975 [ 1  1  1]   0  0.201  0.022  0.005
  1   42   Random    [     4 24  ]  -113.208   465.476   5.669   -113.208 [ 1  1  1]   0  0.193  0.025  0.006
  1   43   Random    [     4 24  ]  -113.214  1002.400   2.632   -113.214 [ 1  1  1]   0  0.201  0.024  0.005
  1   44   Random    [     4 24  ]  -113.224   511.595   5.158   -113.224 [ 1  1  1]   0  0.121  0.017  0.005
  1   45   Random    [     4 24  ]  -113.130   885.331   2.981   -113.130 [ 1  1  1]   0  0.203  0.016  0.004
  1   46   Random    [     4 24  ]  -112.979   510.950   5.164   -112.979 [ 1  1  1]   0  0.250  0.018  0.004
  1   47   Random    [     4 24  ]  -113.158   500.521   5.272   -113.158 [ 1  1  1]   0  0.206  0.015  0.004
  1   48   Random    [     4 24  ]  -113.228   653.283   4.039   -113.228 [ 1  1  1]   0  0.153  0.013  0.003
  1   49   Random    [     4 24  ]  -113.178   724.196   3.644   -113.178 [ 1  1  1]   0  0.156  0.015  0.004
  1   50   Random    [     4 24  ]  -113.221   701.357   3.762   -113.221 [ 1  1  1]   0  0.250  0.022  0.006
  1   51   Seeds     [     4 24  ]  -112.803  1043.072   2.530   -112.803 [ 1  1  1]   0  0.074  0.018  0.007
  1   52   Seeds     [     4 24  ]  -113.118   748.384   3.526   -113.118 [ 1  1  1]   0  0.183  0.021  0.008
  1   53   Seeds     [     4 24  ]  -113.168   482.114   5.473   -113.168 [ 1  1  1]   0  0.245  0.030  0.013
  2   54 Heredity    [     4 24  ]  -113.306   639.173   4.128   -113.306 [ 1  1  1]   0  0.297  0.018  0.003
  2   55 Heredity    [     4 24  ]  -113.193   575.321   4.587   -113.193 [ 1  1  1]   0  0.294  0.020  0.004
  2   56 Heredity    [     4 24  ]  -113.139   511.636   5.158   -113.139 [ 1  1  1]   0  0.271  0.022  0.005
  2   57 Heredity    [     4 24  ]  -113.221   583.553   4.522   -113.221 [ 1  1  1]   0  0.287  0.019  0.004
  2   58 Heredity    [     4 24  ]  -113.036   566.686   4.656   -113.036 [ 1  1  1]   0  0.296  0.017  0.003
  2   59 Heredity    [     4 24  ]  -113.178   866.647   3.045   -113.178 [ 1  1  1]   0  0.301  0.016  0.003
  2   60 Heredity    [     4 24  ]  -113.220   987.718   2.672   -113.220 [ 1  1  1]   0  0.300  0.014  0.002
  2   61 Heredity    [     4 24  ]  -113.188   729.865   3.615   -113.188 [ 1  1  1]   0  0.300  0.018  0.003
  2   62 Heredity    [     4 24  ]  -113.237   614.657   4.293   -113.237 [ 1  1  1]   0  0.266  0.018  0.003
  2   63 Heredity    [     4 24  ]  -113.226  1128.963   2.337   -113.226 [ 1  1  1]   0  0.287  0.011  0.002
  2   64 Heredity    [     4 24  ]  -113.174   830.654   3.177   -113.174 [ 1  1  1]   0  0.286  0.016  0.003
  2   65 Heredity    [     4 24  ]  -113.255   860.846   3.065   -113.255 [ 1  1  1]   0  0.288  0.020  0.003
  2   66 Heredity    [     4 24  ]  -113.289   631.776   4.177   -113.289 [ 1  1  1]   0  0.301  0.016  0.003
  2   67 Heredity    [     4 24  ]  -113.284   644.409   4.095   -113.284 [ 1  1  1]   0  0.304  0.021  0.004
  2   68 Heredity    [     4 24  ]  -113.211   767.455   3.438   -113.211 [ 1  1  1]   0  0.298  0.015  0.003
  2   69 Heredity    [     4 24  ]  -113.268   747.649   3.529   -113.268 [ 1  1  1]   0  0.283  0.024  0.004
  2   70 Heredity    [     4 24  ]  -113.167   944.031   2.795   -113.167 [ 1  1  1]   0  0.309  0.020  0.003
  2   71 Heredity    [     4 24  ]  -113.202   812.945   3.246   -113.202 [ 1  1  1]   0  0.290  0.012  0.002
  2   72 Heredity    [     4 24  ]  -113.228   691.032   3.819   -113.228 [ 1  1  1]   0  0.298  0.016  0.003
  2   73 Heredity    [     4 24  ]  -113.170  1069.988   2.466   -113.170 [ 1  1  1]   0  0.294  0.017  0.003
  2   74 Heredity    [     4 24  ]  -113.200   766.984   3.440   -113.200 [ 1  1  1]   0  0.292  0.017  0.003
  2   75 Heredity    [     4 24  ]  -113.205   638.226   4.135   -113.205 [ 1  1  1]   0  0.286  0.014  0.002
  2   76 Heredity    [     4 24  ]  -113.155   847.539   3.113   -113.155 [ 1  1  1]   0  0.270  0.017  0.004
  2   77 Heredity    [     4 24  ]  -113.214   650.949   4.054   -113.214 [ 1  1  1]   0  0.265  0.014  0.003
  2   78 Heredity    [     4 24  ]  -113.138   864.924   3.051   -113.138 [ 1  1  1]   0  0.315  0.017  0.003
  2   79   Random    [     4 24  ]  -113.024   691.563   3.816   -113.024 [ 1  1  1]   0  0.207  0.023  0.005
  2   80   Random    [     4 24  ]  -113.098   423.027   6.238   -113.098 [ 1  1  1]   0  0.238  0.022  0.005
  2   81   Random    [     4 24  ]  -112.595   774.292   3.408   -112.595 [ 1  1  1]   0  0.219  0.018  0.004
  2   82   Random    [     4 24  ]  -112.359   437.482   6.032   -112.359 [ 1  1  1]   0  0.242  0.022  0.005
  2   83   Random    [     4 24  ]  -113.138   730.969   3.610   -113.138 [ 1  1  1]   0  0.195  0.025  0.006
  2   84   Random    [     4 24  ]  -112.709   463.997   5.687   -112.709 [ 1  1  1]   0  0.219  0.030  0.008
  2   85   Random    [     4 24  ]  -113.170   690.180   3.823   -113.170 [ 1  1  1]   0  0.179  0.018  0.004
  2   86   Random    [     4 24  ]  -112.883  1189.649   2.218   -112.883 [ 1  1  1]   0  0.198  0.018  0.005
  2   87 softmutate  [     4 24  ]  -113.227   699.101   3.775   -113.227 [ 1  1  1]   0  0.255  0.021  0.005
  2   88 softmutate  [     4 24  ]  -113.210   515.233   5.121   -113.210 [ 1  1  1]   0  0.135  0.016  0.005
  2   89 softmutate  [     4 24  ]  -113.209  1069.140   2.468   -113.209 [ 1  1  1]   0  0.295  0.013  0.002
  2   90 softmutate  [     4 24  ]  -113.228   673.104   3.920   -113.228 [ 1  1  1]   0  0.172  0.013  0.003
  2   91 softmutate  [     4 24  ]  -112.897  1883.376   1.401   -112.897 [ 1  1  1]   0  0.318  0.017  0.002
  2   92 softmutate  [     4 24  ]  -113.221   702.595   3.756   -113.221 [ 1  1  1]   0  0.288  0.021  0.005
  2   93 softmutate  [     4 24  ]  -113.246   598.842   4.406   -113.246 [ 1  1  1]   0  0.211  0.014  0.003
  2   94 softmutate  [     4 24  ]  -113.168   786.361   3.356   -113.168 [ 1  1  1]   0  0.256  0.015  0.003
  2   95 softmutate  [     4 24  ]  -113.175   408.525   6.459   -113.175 [ 1  1  1]   0  0.253  0.025  0.006
  2   96 softmutate  [     4 24  ]  -113.213  1006.804   2.621   -113.213 [ 1  1  1]   0  0.222  0.024  0.005
  2   97 softmutate  [     4 24  ]  -113.275   667.251   3.955   -113.275 [ 1  1  1]   0  0.260  0.014  0.003
  2   98 softmutate  [     4 24  ]  -113.037  1185.499   2.226   -113.037 [ 1  1  1]   0  0.242  0.021  0.004
  2   99 softmutate  [     4 24  ]  -113.130   921.459   2.864   -113.130 [ 1  1  1]   0  0.246  0.015  0.003
  2  100 softmutate  [     4 24  ]  -113.125   930.337   2.836   -113.125 [ 1  1  1]   0  0.295  0.014  0.002
  2  101 softmutate  [     4 24  ]  -113.281   403.263   6.544   -113.281 [ 1  1  1]   0  0.232  0.022  0.006
  2  102 softmutate  [     4 24  ]  -113.213  1000.335   2.638   -113.213 [ 1  1  1]   0  0.288  0.013  0.002
  2  103 softmutate  [     4 24  ]  -112.752  1700.108   1.552   -112.752 [ 1  1  1]   0  0.312  0.009  0.001
  2  104 keptBest    [     4 24  ]  -113.275   654.146   4.034   -113.275 [ 1  1  1]   0  0.232  0.015  0.003
  2  105 keptBest    [     4 24  ]  -113.251   587.282   4.493   -113.251 [ 1  1  1]   0  0.208  0.015  0.004
  2  106 keptBest    [     4 24  ]  -113.228   653.283   4.039   -113.228 [ 1  1  1]   0  0.153  0.013  0.003
  2  107 keptBest    [     4 24  ]  -113.224   511.595   5.158   -113.224 [ 1  1  1]   0  0.121  0.017  0.005
  2  108 keptBest    [     4 24  ]  -113.221   701.357   3.762   -113.221 [ 1  1  1]   0  0.250  0.022  0.006
  2  109 keptBest    [     4 24  ]  -113.216   846.725   3.116   -113.216 [ 1  1  1]   0  0.191  0.013  0.003
  2  110 keptBest    [     4 24  ]  -113.214  1002.400   2.632   -113.214 [ 1  1  1]   0  0.201  0.024  0.005
  2  111 keptBest    [     4 24  ]  -113.208   465.476   5.669   -113.208 [ 1  1  1]   0  0.193  0.025  0.006
  3  112 Heredity    [     4 24  ]  -113.216   830.973   3.176   -113.216 [ 1  1  1]   0  0.286  0.016  0.003
  3  113 Heredity    [     4 24  ]  -113.300   797.251   3.310   -113.300 [ 1  1  1]   0  0.299  0.015  0.003
  3  114 Heredity    [     4 24  ]  -113.221   677.191   3.897   -113.221 [ 1  1  1]   0  0.299  0.018  0.004
  3  115 Heredity    [     4 24  ]  -113.224   856.673   3.080   -113.224 [ 1  1  1]   0  0.304  0.017  0.003
  3  116 Heredity    [     4 24  ]  -113.222   917.902   2.875   -113.222 [ 1  1  1]   0  0.284  0.017  0.003
  3  117 Heredity    [     4 24  ]  -113.239   839.196   3.144   -113.239 [ 1  1  1]   0  0.310  0.015  0.002
  3  118 Heredity    [     4 24  ]  -113.259   693.542   3.805   -113.259 [ 1  1  1]   0  0.298  0.020  0.004
  3  119 Heredity    [     4 24  ]  -113.178  1130.010   2.335   -113.178 [ 1  1  1]   0  0.298  0.013  0.002
  3  120 Heredity    [     4 24  ]  -113.261   694.657   3.799   -113.261 [ 1  1  1]   0  0.304  0.020  0.003
  3  121 Heredity    [     4 24  ]  -113.273   659.529   4.001   -113.273 [ 1  1  1]   0  0.306  0.021  0.004
  3  122 Heredity    [     4 24  ]  -113.185   723.681   3.646   -113.185 [ 1  1  1]   0  0.294  0.014  0.002
  3  123 Heredity    [     4 24  ]  -113.274   621.681   4.245   -113.274 [ 1  1  1]   0  0.295  0.020  0.004
  3  124 Heredity    [     4 24  ]  -113.296   533.783   4.944   -113.296 [ 1  1  1]   0  0.304  0.021  0.004
  3  125 Heredity    [     4 24  ]  -113.215   633.032   4.168   -113.215 [ 1  1  1]   0  0.297  0.020  0.004
  3  126 Heredity    [     4 24  ]  -113.269   869.640   3.034   -113.269 [ 1  1  1]   0  0.297  0.016  0.003
  3  127 Heredity    [     4 24  ]  -113.278   588.000   4.488   -113.278 [ 1  1  1]   0  0.295  0.017  0.003
  3  128 Heredity    [     4 24  ]  -113.231   740.693   3.563   -113.231 [ 1  1  1]   0  0.300  0.017  0.003
  3  129 Heredity    [     4 24  ]  -113.227   680.904   3.875   -113.227 [ 1  1  1]   0  0.294  0.019  0.004
  3  130 Heredity    [     4 24  ]  -113.187   703.413   3.751   -113.187 [ 1  1  1]   0  0.305  0.017  0.003
  3  131 Heredity    [     4 24  ]  -113.246   706.372   3.736   -113.246 [ 1  1  1]   0  0.301  0.015  0.002
  3  132 Heredity    [     4 24  ]  -113.226   618.045   4.270   -113.226 [ 1  1  1]   0  0.286  0.016  0.003
  3  133 Heredity    [     4 24  ]  -113.265   713.657   3.698   -113.265 [ 1  1  1]   0  0.300  0.013  0.002
  3  134 Heredity    [     4 24  ]  -113.260   678.380   3.890   -113.260 [ 1  1  1]   0  0.300  0.015  0.003
  3  135 Heredity    [     4 24  ]  -113.182   718.507   3.673   -113.182 [ 1  1  1]   0  0.310  0.019  0.003
  3  136 Heredity    [     4 24  ]  -113.269   769.910   3.427   -113.269 [ 1  1  1]   0  0.293  0.014  0.002
  3  137 Heredity    [     4 24  ]  -113.268   766.079   3.445   -113.268 [ 1  1  1]   0  0.305  0.016  0.003
  3  138 Heredity    [     4 24  ]  -113.286   751.114   3.513   -113.286 [ 1  1  1]   0  0.297  0.014  0.002
  3  139 Heredity    [     4 24  ]  -113.247   676.163   3.903   -113.247 [ 1  1  1]   0  0.309  0.019  0.004
  3  140   Random    [     4 24  ]  -111.711   789.970   3.340   -111.711 [ 1  1  1]   0  0.197  0.031  0.007
  3  141   Random    [     4 24  ]  -113.012   574.107   4.596   -113.012 [ 1  1  1]   0  0.206  0.019  0.004
  3  142   Random    [     4 24  ]  -112.720   396.970   6.647   -112.720 [ 1  1  1]   0  0.136  0.029  0.009
  3  143   Random    [     4 24  ]  -111.165   310.263   8.505   -111.165 [ 1  1  1]   0  0.155  0.021  0.006
  3  144   Random    [     4 24  ]  -113.234   491.978   5.364   -113.234 [ 1  1  1]   0  0.208  0.022  0.005
  3  145 softmutate  [     4 24  ]  -113.285   629.553   4.191   -113.285 [ 1  1  1]   0  0.303  0.020  0.004
  3  146 softmutate  [     4 24  ]  -113.201  1036.609   2.546   -113.201 [ 1  1  1]   0  0.301  0.013  0.002
  3  147 softmutate  [     4 24  ]  -113.157  1097.638   2.404   -113.157 [ 1  1  1]   0  0.306  0.014  0.002
  3  148 softmutate  [     4 24  ]  -113.237   612.849   4.306   -113.237 [ 1  1  1]   0  0.267  0.018  0.003
  3  149 softmutate  [     4 24  ]  -113.306   640.592   4.119   -113.306 [ 1  1  1]   0  0.300  0.018  0.003
  3  150 softmutate  [     4 24  ]  -113.264   756.344   3.489   -113.264 [ 1  1  1]   0  0.289  0.023  0.004
  3  151 softmutate  [     4 24  ]  -113.119   977.514   2.699   -113.119 [ 1  1  1]   0  0.303  0.012  0.002
  3  152 softmutate  [     4 24  ]  -113.202   767.173   3.440   -113.202 [ 1  1  1]   0  0.302  0.014  0.003
  3  153 softmutate  [     4 24  ]  -113.227   699.069   3.775   -113.227 [ 1  1  1]   0  0.283  0.021  0.005
  3  154 softmutate  [     4 24  ]  -113.209  1040.167   2.537   -113.209 [ 1  1  1]   0  0.306  0.011  0.002
  3  155 softmutate  [     4 24  ]  -113.239   707.236   3.731   -113.239 [ 1  1  1]   0  0.305  0.020  0.004
  3  156 softmutate  [     4 24  ]  -113.215  1023.475   2.578   -113.215 [ 1  1  1]   0  0.289  0.017  0.004
  3  157 softmutate  [     4 24  ]  -113.231  1028.076   2.567   -113.231 [ 1  1  1]   0  0.276  0.022  0.005
  3  158 softmutate  [     4 24  ]  -113.198   809.497   3.260   -113.198 [ 1  1  1]   0  0.257  0.015  0.003
  3  159 softmutate  [     4 24  ]  -113.253  1025.673   2.573   -113.253 [ 1  1  1]   0  0.285  0.014  0.003
  3  160 softmutate  [     4 24  ]  -113.278   662.339   3.984   -113.278 [ 1  1  1]   0  0.221  0.015  0.003
  3  161 softmutate  [     4 24  ]  -113.203   868.660   3.038   -113.203 [ 1  1  1]   0  0.303  0.016  0.002
  3  162 keptBest    [     4 24  ]  -113.306   639.173   4.128   -113.306 [ 1  1  1]   0  0.297  0.018  0.003
  3  163 keptBest    [     4 24  ]  -113.281   403.263   6.544   -113.281 [ 1  1  1]   0  0.232  0.022  0.006
  3  164 keptBest    [     4 24  ]  -113.275   654.146   4.034   -113.275 [ 1  1  1]   0  0.232  0.015  0.003
  3  165 keptBest    [     4 24  ]  -113.268   747.649   3.529   -113.268 [ 1  1  1]   0  0.283  0.024  0.004
  3  166 keptBest    [     4 24  ]  -113.251   587.282   4.493   -113.251 [ 1  1  1]   0  0.208  0.015  0.004
  3  167 keptBest    [     4 24  ]  -113.228   653.283   4.039   -113.228 [ 1  1  1]   0  0.153  0.013  0.003
  3  168 keptBest    [     4 24  ]  -113.227   699.101   3.775   -113.227 [ 1  1  1]   0  0.255  0.021  0.005
  3  169 keptBest    [     4 24  ]  -113.224   511.595   5.158   -113.224 [ 1  1  1]   0  0.121  0.017  0.005
