 ID    Origin    Enthalpy   Parent-E   Parent-ID
   1   Random      -4.028    -4.028  [         0]
   2   Random      -4.016    -4.016  [         0]
   3   Random      -4.036    -4.036  [         0]
   4   Random      -3.960    -3.960  [         0]
   5   Random      -4.023    -4.023  [         0]
   6   Random      -4.009    -4.009  [         0]
   7   Random      -4.022    -4.022  [         0]
   8   Random      -4.042    -4.042  [         0]
   9   Random      -4.042    -4.042  [         0]
  10   Random      -4.040    -4.040  [         0]
  11   Random      -4.046    -4.046  [         0]
  12   Random      -4.031    -4.031  [         0]
  13   Random      -4.039    -4.039  [         0]
  14   Random      -4.001    -4.001  [         0]
  15   Random      -4.041    -4.041  [         0]
  16   Random      -4.039    -4.039  [         0]
  17   Random      -4.032    -4.032  [         0]
  18   Random      -4.040    -4.040  [         0]
  19   Random      -4.044    -4.044  [         0]
  20   Random      -3.980    -3.980  [         0]
  21   Random      -4.029    -4.029  [         0]
  22   Random      -4.005    -4.005  [         0]
  23   Random      -4.045    -4.045  [         0]
  24   Random      -4.032    -4.032  [         0]
  25   Random      -3.991    -3.991  [         0]
  26   Random      -4.040    -4.040  [         0]
  27   Random      -4.039    -4.039  [         0]
  28   Random      -4.018    -4.018  [         0]
  29   Random      -4.038    -4.038  [         0]
  30   Random      -4.037    -4.037  [         0]
  31   Random      -4.038    -4.038  [         0]
  32   Random      -4.043    -4.043  [         0]
  33   Random      -4.030    -4.030  [         0]
  34   Random      -4.027    -4.027  [         0]
  35   Random      -4.040    -4.040  [         0]
  36   Random      -4.029    -4.029  [         0]
  37   Random      -4.032    -4.032  [         0]
  38   Random      -4.028    -4.028  [         0]
  39   Random      -4.035    -4.035  [         0]
  40   Random      -4.020    -4.020  [         0]
  41   Random      -4.035    -4.035  [         0]
  42   Random      -4.043    -4.043  [         0]
  43   Random      -4.043    -4.043  [         0]
  44   Random      -4.044    -4.044  [         0]
  45   Random      -4.040    -4.040  [         0]
  46   Random      -4.035    -4.035  [         0]
  47   Random      -4.041    -4.041  [         0]
  48   Random      -4.044    -4.044  [         0]
  49   Random      -4.042    -4.042  [         0]
  50   Random      -4.044    -4.044  [         0]
  51   Seeds       -4.029    [          ]
  52   Seeds       -4.040    [          ]
  53   Seeds       -4.042    [          ]
  54 Heredity      -4.047    -4.043  [    11  10]
  55 Heredity      -4.043    -4.044  [    19  42]
  56 Heredity      -4.041    -4.040  [    29  42]
  57 Heredity      -4.044    -4.043  [     9  44]
  58 Heredity      -4.037    -4.041  [    35   8]
  59 Heredity      -4.042    -4.044  [    48  50]
  60 Heredity      -4.044    -4.042  [    45  19]
  61 Heredity      -4.042    -4.040  [    13   8]
  62 Heredity      -4.044    -4.043  [    42  48]
  63 Heredity      -4.044    -4.045  [    19  11]
  64 Heredity      -4.042    -4.044  [    50  48]
  65 Heredity      -4.045    -4.044  [    19  43]
  66 Heredity      -4.046    -4.042  [    50  47]
  67 Heredity      -4.046    -4.042  [    50  10]
  68 Heredity      -4.043    -4.044  [    50  48]
  69 Heredity      -4.045    -4.043  [     9  43]
  70 Heredity      -4.042    -4.043  [    50  43]
  71 Heredity      -4.043    -4.043  [    11  15]
  72 Heredity      -4.044    -4.045  [    50  11]
  73 Heredity      -4.042    -4.042  [    19  13]
  74 Heredity      -4.043    -4.043  [    42  32]
  75 Heredity      -4.043    -4.045  [    44  11]
  76 Heredity      -4.041    -4.041  [    50  31]
  77 Heredity      -4.043    -4.043  [    49  23]
  78 Heredity      -4.041    -4.041  [    32  16]
  79   Random      -4.037    -4.037  [         0]
  80   Random      -4.039    -4.039  [         0]
  81   Random      -4.021    -4.021  [         0]
  82   Random      -4.013    -4.013  [         0]
  83   Random      -4.041    -4.041  [         0]
  84   Random      -4.025    -4.025  [         0]
  85   Random      -4.042    -4.042  [         0]
  86   Random      -4.032    -4.032  [         0]
  87 softmutate    -4.044    -4.044  [        50]
  88 softmutate    -4.043    -4.044  [        44]
  89 softmutate    -4.043    -4.046  [        11]
  90 softmutate    -4.044    -4.044  [        48]
  91 softmutate    -4.032    -4.043  [        43]
  92 softmutate    -4.044    -4.044  [        50]
  93 softmutate    -4.045    -4.044  [        19]
  94 softmutate    -4.042    -4.042  [        49]
  95 softmutate    -4.042    -4.042  [         9]
  96 softmutate    -4.043    -4.043  [        43]
  97 softmutate    -4.046    -4.046  [        11]
  98 softmutate    -4.037    -4.042  [        49]
  99 softmutate    -4.040    -4.040  [        45]
 100 softmutate    -4.040    -4.044  [        44]
 101 softmutate    -4.046    -4.044  [        44]
 102 softmutate    -4.043    -4.044  [        19]
 103 softmutate    -4.027    -4.044  [        19]
 104 keptBest      -4.046    -4.046  [        11]
 105 keptBest      -4.045    -4.045  [        23]
 106 keptBest      -4.044    -4.044  [        48]
 107 keptBest      -4.044    -4.044  [        44]
 108 keptBest      -4.044    -4.044  [        50]
 109 keptBest      -4.043    -4.043  [        32]
 110 keptBest      -4.043    -4.043  [        43]
 111 keptBest      -4.043    -4.043  [        42]
 112 Heredity      -4.043    -4.044  [    65  62]
 113 Heredity      -4.046    -4.046  [    97  66]
 114 Heredity      -4.044    -4.045  [    67  90]
 115 Heredity      -4.044    -4.043  [  111   72]
 116 Heredity      -4.044    -4.045  [  110   54]
 117 Heredity      -4.044    -4.045  [    97  57]
 118 Heredity      -4.045    -4.045  [    67  92]
 119 Heredity      -4.042    -4.045  [   60  104]
 120 Heredity      -4.045    -4.045  [    72  67]
 121 Heredity      -4.045    -4.045  [    54  92]
 122 Heredity      -4.042    -4.045  [    90  97]
 123 Heredity      -4.045    -4.044  [  111   67]
 124 Heredity      -4.046    -4.046  [   54  101]
 125 Heredity      -4.043    -4.046  [   69  101]
 126 Heredity      -4.045    -4.045  [   63  104]
 127 Heredity      -4.046    -4.046  [  101   66]
 128 Heredity      -4.044    -4.044  [   62  105]
 129 Heredity      -4.044    -4.045  [  108   66]
 130 Heredity      -4.042    -4.045  [    72  54]
 131 Heredity      -4.044    -4.045  [    90  66]
 132 Heredity      -4.044    -4.045  [    57  54]
 133 Heredity      -4.045    -4.044  [  104   89]
 134 Heredity      -4.045    -4.046  [    66  67]
 135 Heredity      -4.042    -4.045  [   69  105]
 136 Heredity      -4.045    -4.046  [   66  104]
 137 Heredity      -4.045    -4.046  [  104   54]
 138 Heredity      -4.046    -4.046  [    54  97]
 139 Heredity      -4.045    -4.045  [    87  67]
 140   Random      -3.990    -3.990  [         0]
 141   Random      -4.036    -4.036  [         0]
 142   Random      -4.026    -4.026  [         0]
 143   Random      -3.970    -3.970  [         0]
 144   Random      -4.044    -4.044  [         0]
 145 softmutate    -4.046    -4.046  [        67]
 146 softmutate    -4.043    -4.044  [        60]
 147 softmutate    -4.041    -4.044  [       106]
 148 softmutate    -4.044    -4.044  [        62]
 149 softmutate    -4.047    -4.047  [        54]
 150 softmutate    -4.045    -4.045  [        69]
 151 softmutate    -4.040    -4.043  [        75]
 152 softmutate    -4.043    -4.045  [       105]
 153 softmutate    -4.044    -4.044  [        87]
 154 softmutate    -4.043    -4.044  [        63]
 155 softmutate    -4.044    -4.046  [        67]
 156 softmutate    -4.043    -4.045  [        93]
 157 softmutate    -4.044    -4.046  [       101]
 158 softmutate    -4.043    -4.044  [       107]
 159 softmutate    -4.045    -4.046  [        97]
 160 softmutate    -4.046    -4.046  [       104]
 161 softmutate    -4.043    -4.044  [        62]
 162 keptBest      -4.047    -4.047  [        54]
 163 keptBest      -4.046    -4.046  [       101]
 164 keptBest      -4.046    -4.046  [       104]
 165 keptBest      -4.045    -4.045  [        69]
 166 keptBest      -4.045    -4.045  [       105]
 167 keptBest      -4.044    -4.044  [       106]
 168 keptBest      -4.044    -4.044  [        87]
 169 keptBest      -4.044    -4.044  [       107]
