-211.383
-208.440
-168.442
-190.885
-196.696
-193.983
-219.470
-211.340
-199.675
-194.849
-185.847
-216.018
-207.249
-204.437
-208.247
-201.228
-200.431
-195.612
-204.641
-178.487
-201.397
-204.732
-180.879
-198.684
-209.270
-212.057
-213.328
-212.501
-205.435
-211.013
-201.363
-207.518
-201.693
-197.549
-181.557
-204.114
-210.047
-206.686
-219.093
-206.483
-199.274
-198.833
-208.407
-209.039
-203.072
-210.076
-210.644
-204.752
-214.185
-210.805
-213.400
-207.259
-206.116
-214.709
-211.834
-211.057
-218.175
-216.629
-212.952
-215.520
-212.154
-212.359
-209.746
-213.378
-211.579
-211.391
-208.959
-210.352
-213.192
-216.293
-212.178
-210.720
-215.554
-216.626
-210.852
-213.311
-207.628
-211.738
-205.809
-186.535
-201.713
-201.201
-212.872
-189.069
-194.373
-202.788
-215.627
-210.188
-212.498
-214.173
-210.204
-206.353
-208.965
-210.627
-216.105
-213.412
-210.997
-215.925
-208.268
-219.046
-206.729
-211.616
-219.043
-219.470
-219.093
-216.018
-214.185
-213.400
-213.328
-212.057
-211.013
-217.187
-212.930
-213.572
-212.900
-215.988
-218.044
-215.021
-216.454
-216.898
-210.687
-213.787
-214.417
-217.280
-210.300
-217.043
-215.325
-215.362
-217.144
-212.881
-216.015
-218.534
-213.920
-215.405
-212.932
-218.429
-215.923
-216.896
-217.788
-217.591
-213.173
-213.062
-169.337
-200.805
-213.507
-206.608
-199.073
-212.375
-214.928
-213.346
-215.517
-214.238
-219.466
-216.575
-216.652
-219.446
-215.855
-210.856
-213.504
-212.969
-213.450
-219.470
-219.093
-218.175
-215.627
-214.709
-213.412
-213.378
-212.872
