  ID   Compositions    Enthalpies    Volumes    fitness  SYMM
                       (eV/atom)    (A^3/atom)    ()         
   7  [    24 24  ]     -4.5723     25.3629   -219.4698     0
 153  [    24 24  ]     -4.5722     27.4103   -219.4656     0
  39  [    24 24  ]     -4.5644     26.0092   -219.0934     0
 100  [    24 24  ]     -4.5635     27.8301   -219.0463     0
 132  [    24 24  ]     -4.5528     31.1198   -218.5342     0
 136  [    24 24  ]     -4.5506     25.1712   -218.4290     0
  57  [    24 24  ]     -4.5453     22.0929   -218.1749     0
 117  [    24 24  ]     -4.5426     25.6622   -218.0442     0
 139  [    24 24  ]     -4.5372     30.6076   -217.7876     0
 140  [    24 24  ]     -4.5331     19.3884   -217.5907     0
 124  [    24 24  ]     -4.5267     21.6487   -217.2799     0
 112  [    24 24  ]     -4.5247     33.9405   -217.1871     0
 129  [    24 24  ]     -4.5238     30.9554   -217.1439     0
 126  [    24 24  ]     -4.5217     24.4600   -217.0427     0
 120  [    24 24  ]     -4.5187     29.1329   -216.8984     0
 138  [    24 24  ]     -4.5187     25.9913   -216.8959     0
 155  [    24 24  ]     -4.5136     27.2876   -216.6522     0
  74  [    24 24  ]     -4.5130     23.0374   -216.6256     0
 119  [    24 24  ]     -4.5095     38.8560   -216.4544     0
  70  [    24 24  ]     -4.5061     29.7564   -216.2930     0
  95  [    24 24  ]     -4.5022     45.2131   -216.1055     0
  12  [    24 24  ]     -4.5004     17.9605   -216.0183     0
 131  [    24 24  ]     -4.5003     30.5010   -216.0152     0
 116  [    24 24  ]     -4.4997     27.9540   -215.9876     0
  98  [    24 24  ]     -4.4984     18.7532   -215.9245     0
 137  [    24 24  ]     -4.4984     23.7433   -215.9231     0
  87  [    24 24  ]     -4.4922     31.0727   -215.6273     0
  73  [    24 24  ]     -4.4907     23.2409   -215.5537     0
  60  [    24 24  ]     -4.4900     23.8706   -215.5196     0
 134  [    24 24  ]     -4.4876     33.1856   -215.4047     0
 128  [    24 24  ]     -4.4867     35.3658   -215.3621     0
 127  [    24 24  ]     -4.4859     40.3525   -215.3246     0
 118  [    24 24  ]     -4.4796     24.5388   -215.0212     0
 149  [    24 24  ]     -4.4777     50.6531   -214.9282     0
  54  [    24 24  ]     -4.4731     26.6708   -214.7089     0
 123  [    24 24  ]     -4.4670     43.2580   -214.4173     0
 152  [    24 24  ]     -4.4633     45.5694   -214.2382     0
  49  [    24 24  ]     -4.4622     16.9404   -214.1848     0
  90  [    24 24  ]     -4.4619     16.8980   -214.1734     0
 133  [    24 24  ]     -4.4567     32.8843   -213.9202     0
 122  [    24 24  ]     -4.4539     41.6134   -213.7872     0
 114  [    24 24  ]     -4.4494     35.7505   -213.5715     0
 145  [    24 24  ]     -4.4481     19.4697   -213.5067     0
 159  [    24 24  ]     -4.4480     33.6624   -213.5045     0
 161  [    24 24  ]     -4.4469     20.6047   -213.4499     0
  96  [    24 24  ]     -4.4461     23.8124   -213.4119     0
  51  [    24 24  ]     -4.4458     23.5234   -213.4002     0
 150  [    24 24  ]     -4.4447     24.0075   -213.3461     0
  27  [    24 24  ]     -4.4443     18.4701   -213.3275     0
  76  [    24 24  ]     -4.4440     40.2284   -213.3110     0
