Gen   ID    Origin   Composition    Enthalpy   Volume  Density   Fitness   KPOINTS  SYMM  Q_entr A_order S_order
                                      (eV)     (A^3)  (g/cm^3)
  1    1   Random    [    24 24  ]  -211.383  1103.119   2.874   -211.383 [ 1  1  1]   0  0.123  0.021  0.006
  1    2   Random    [    24 24  ]  -208.440   842.456   3.763   -208.440 [ 1  1  1]   0  0.226  0.017  0.003
  1    3   Random    [    24 24  ]  -168.442   490.800   6.459   -168.442 [ 1  1  1]   0  0.144  0.027  0.008
  1    4   Random    [    24 24  ]  -190.885  1302.731   2.433   -190.885 [ 1  1  1]   0  0.245  0.018  0.004
  1    5   Random    [    24 24  ]  -196.696   645.969   4.908   -196.696 [ 1  1  1]   0  0.154  0.018  0.005
  1    6   Random    [    24 24  ]  -193.983   752.841   4.211   -193.983 [ 1  1  1]   0  0.250  0.017  0.003
  1    7   Random    [    24 24  ]  -219.470  1217.418   2.604   -219.470 [ 1  1  1]   0  0.000  0.008  0.003
  1    8   Random    [    24 24  ]  -211.340   696.424   4.552   -211.340 [ 1  1  1]   0  0.148  0.014  0.004
  1    9   Random    [    24 24  ]  -199.675   775.618   4.087   -199.675 [ 1  1  1]   0  0.247  0.019  0.004
  1   10   Random    [    24 24  ]  -194.849  1085.658   2.920   -194.849 [ 1  1  1]   0  0.145  0.020  0.006
  1   11   Random    [    24 24  ]  -185.847   667.861   4.747   -185.847 [ 1  1  1]   0  0.195  0.021  0.005
  1   12   Random    [    24 24  ]  -216.018   862.103   3.677   -216.018 [ 1  1  1]   0  0.231  0.015  0.003
  1   13   Random    [    24 24  ]  -207.249   498.501   6.359   -207.249 [ 1  1  1]   0  0.148  0.021  0.006
  1   14   Random    [    24 24  ]  -204.437   934.374   3.393   -204.437 [ 1  1  1]   0  0.175  0.015  0.004
  1   15   Random    [    24 24  ]  -208.247  1020.839   3.105   -208.247 [ 1  1  1]   0  0.273  0.014  0.003
  1   16   Random    [    24 24  ]  -201.228  1420.212   2.232   -201.228 [ 1  1  1]   0  0.000  0.009  0.003
  1   17   Random    [    24 24  ]  -200.431   656.906   4.826   -200.431 [ 1  1  1]   0  0.210  0.020  0.005
  1   18   Random    [    24 24  ]  -195.612   551.060   5.753   -195.612 [ 1  1  1]   0  0.142  0.023  0.006
  1   19   Random    [    24 24  ]  -204.641   432.670   7.327   -204.641 [ 1  1  1]   0  0.177  0.020  0.006
  1   20   Random    [    24 24  ]  -178.487   929.897   3.409   -178.487 [ 1  1  1]   0  0.220  0.020  0.005
  1   21   Random    [    24 24  ]  -201.397  1004.891   3.155   -201.397 [ 1  1  1]   0  0.000  0.017  0.006
  1   22   Random    [    24 24  ]  -204.732   741.531   4.275   -204.732 [ 1  1  1]   0  0.246  0.018  0.004
  1   23   Random    [    24 24  ]  -180.879   570.134   5.560   -180.879 [ 1  1  1]   0  0.230  0.021  0.005
  1   24   Random    [    24 24  ]  -198.684  1117.505   2.837   -198.684 [ 1  1  1]   0  0.000  0.016  0.005
  1   25   Random    [    24 24  ]  -209.270  1249.066   2.538   -209.270 [ 1  1  1]   0  0.000  0.014  0.004
  1   26   Random    [    24 24  ]  -212.057  1215.744   2.608   -212.057 [ 1  1  1]   0  0.246  0.018  0.003
  1   27   Random    [    24 24  ]  -213.328   886.566   3.576   -213.328 [ 1  1  1]   0  0.234  0.014  0.003
  1   28   Random    [    24 24  ]  -212.501  1169.169   2.711   -212.501 [ 1  1  1]   0  0.282  0.010  0.002
  1   29   Random    [    24 24  ]  -205.435   831.339   3.813   -205.435 [ 1  1  1]   0  0.283  0.016  0.003
  1   30   Random    [    24 24  ]  -211.013  1087.895   2.914   -211.013 [ 1  1  1]   0  0.136  0.014  0.004
  1   31   Random    [    24 24  ]  -201.363   892.524   3.552   -201.363 [ 1  1  1]   0  0.263  0.017  0.004
  1   32   Random    [    24 24  ]  -207.518   893.311   3.549   -207.518 [ 1  1  1]   0  0.232  0.014  0.003
  1   33   Random    [    24 24  ]  -201.693   699.097   4.535   -201.693 [ 1  1  1]   0  0.225  0.017  0.004
  1   34   Random    [    24 24  ]  -197.549   731.978   4.331   -197.549 [ 1  1  1]   0  0.259  0.017  0.003
  1   35   Random    [    24 24  ]  -181.557   705.658   4.492   -181.557 [ 1  1  1]   0  0.210  0.022  0.005
  1   36   Random    [    24 24  ]  -204.114   860.043   3.686   -204.114 [ 1  1  1]   0  0.085  0.015  0.004
  1   37   Random    [    24 24  ]  -210.047  1271.288   2.494   -210.047 [ 1  1  1]   0  0.000  0.014  0.005
  1   38   Random    [    24 24  ]  -206.686   641.929   4.938   -206.686 [ 1  1  1]   0  0.244  0.019  0.004
  1   39   Random    [    24 24  ]  -219.093  1248.442   2.539   -219.093 [ 1  1  1]   0  0.000  0.008  0.003
  1   40   Random    [    24 24  ]  -206.483   301.901  10.501   -206.483 [ 1  1  1]   0  0.155  0.035  0.011
  1   41   Random    [    24 24  ]  -199.274   783.166   4.048   -199.274 [ 1  1  1]   0  0.272  0.016  0.003
  1   42   Random    [    24 24  ]  -198.833   834.296   3.800   -198.833 [ 1  1  1]   0  0.246  0.017  0.004
  1   43   Random    [    24 24  ]  -208.407   863.205   3.672   -208.407 [ 1  1  1]   0  0.262  0.014  0.003
  1   44   Random    [    24 24  ]  -209.039   689.541   4.597   -209.039 [ 1  1  1]   0  0.191  0.015  0.004
  1   45   Random    [    24 24  ]  -203.072  1165.323   2.720   -203.072 [ 1  1  1]   0  0.228  0.011  0.002
  1   46   Random    [    24 24  ]  -210.076   944.390   3.357   -210.076 [ 1  1  1]   0  0.210  0.012  0.003
  1   47   Random    [    24 24  ]  -210.644  1335.258   2.374   -210.644 [ 1  1  1]   0  0.303  0.009  0.001
  1   48   Random    [    24 24  ]  -204.752   723.637   4.381   -204.752 [ 1  1  1]   0  0.254  0.017  0.003
  1   49   Random    [    24 24  ]  -214.185   813.141   3.899   -214.185 [ 1  1  1]   0  0.207  0.016  0.004
  1   50   Random    [    24 24  ]  -210.805  1100.150   2.882   -210.805 [ 1  1  1]   0  0.000  0.017  0.006
  1   51   Seeds     [    24 24  ]  -213.400  1129.125   2.808   -213.400 [ 1  1  1]   0  0.167  0.010  0.003
  1   52   Seeds     [    24 24  ]  -207.259  1244.424   2.547   -207.259 [ 1  1  1]   0  0.267  0.009  0.002
  1   53   Seeds     [    24 24  ]  -206.116  4449.094   0.713   -206.116 [ 1  1  1]   0  0.135  0.009  0.002
  2   54 Heredity    [    24 24  ]  -214.709  1280.200   2.476   -214.709 [ 1  1  1]   0  0.308  0.014  0.002
  2   55 Heredity    [    24 24  ]  -211.834   797.169   3.977   -211.834 [ 1  1  1]   0  0.279  0.014  0.003
  2   56 Heredity    [    24 24  ]  -211.057   855.304   3.706   -211.057 [ 1  1  1]   0  0.287  0.015  0.003
  2   57 Heredity    [    24 24  ]  -218.175  1060.457   2.989   -218.175 [ 1  1  1]   0  0.241  0.012  0.002
  2   58 Heredity    [    24 24  ]  -216.629  1327.153   2.389   -216.629 [ 1  1  1]   0  0.292  0.012  0.002
  2   59 Heredity    [    24 24  ]  -212.952  1004.077   3.157   -212.952 [ 1  1  1]   0  0.262  0.018  0.003
  2   60 Heredity    [    24 24  ]  -215.520  1145.790   2.767   -215.520 [ 1  1  1]   0  0.250  0.011  0.002
  2   61 Heredity    [    24 24  ]  -212.154  2146.674   1.477   -212.154 [ 1  1  1]   0  0.312  0.010  0.001
  2   62 Heredity    [    24 24  ]  -212.359  1004.982   3.154   -212.359 [ 1  1  1]   0  0.271  0.014  0.002
  2   63 Heredity    [    24 24  ]  -209.746   845.001   3.752   -209.746 [ 1  1  1]   0  0.285  0.014  0.002
  2   64 Heredity    [    24 24  ]  -213.378   991.613   3.197   -213.378 [ 1  1  1]   0  0.257  0.014  0.003
  2   65 Heredity    [    24 24  ]  -211.579   936.169   3.386   -211.579 [ 1  1  1]   0  0.259  0.015  0.003
  2   66 Heredity    [    24 24  ]  -211.391   898.981   3.526   -211.391 [ 1  1  1]   0  0.292  0.016  0.003
  2   67 Heredity    [    24 24  ]  -208.959  1234.024   2.569   -208.959 [ 1  1  1]   0  0.176  0.018  0.004
  2   68 Heredity    [    24 24  ]  -210.352  1318.504   2.404   -210.352 [ 1  1  1]   0  0.245  0.011  0.002
  2   69 Heredity    [    24 24  ]  -213.192  1862.768   1.702   -213.192 [ 1  1  1]   0  0.311  0.010  0.001
  2   70 Heredity    [    24 24  ]  -216.293  1428.307   2.219   -216.293 [ 1  1  1]   0  0.227  0.011  0.002
  2   71 Heredity    [    24 24  ]  -212.178  1045.460   3.032   -212.178 [ 1  1  1]   0  0.280  0.016  0.003
  2   72 Heredity    [    24 24  ]  -210.720  1041.573   3.044   -210.720 [ 1  1  1]   0  0.257  0.018  0.003
  2   73 Heredity    [    24 24  ]  -215.554  1115.562   2.842   -215.554 [ 1  1  1]   0  0.261  0.011  0.002
  2   74 Heredity    [    24 24  ]  -216.626  1105.793   2.867   -216.626 [ 1  1  1]   0  0.256  0.012  0.002
  2   75 Heredity    [    24 24  ]  -210.852   964.113   3.288   -210.852 [ 1  1  1]   0  0.298  0.015  0.002
  2   76 Heredity    [    24 24  ]  -213.311  1930.965   1.642   -213.311 [ 1  1  1]   0  0.311  0.011  0.001
  2   77 Heredity    [    24 24  ]  -207.628  1094.459   2.897   -207.628 [ 1  1  1]   0  0.219  0.015  0.003
  2   78 Heredity    [    24 24  ]  -211.738  1167.543   2.715   -211.738 [ 1  1  1]   0  0.236  0.011  0.002
  2   79   Random    [    24 24  ]  -205.809   790.982   4.008   -205.809 [ 1  1  1]   0  0.141  0.014  0.003
  2   80   Random    [    24 24  ]  -186.535   610.821   5.190   -186.535 [ 1  1  1]   0  0.249  0.021  0.005
  2   81   Random    [    24 24  ]  -201.713   603.559   5.252   -201.713 [ 1  1  1]   0  0.263  0.017  0.003
  2   82   Random    [    24 24  ]  -201.201   506.561   6.258   -201.201 [ 1  1  1]   0  0.179  0.016  0.004
  2   83   Random    [    24 24  ]  -212.872   750.826   4.222   -212.872 [ 1  1  1]   0  0.194  0.020  0.005
  2   84   Random    [    24 24  ]  -189.069   861.763   3.679   -189.069 [ 1  1  1]   0  0.260  0.019  0.004
  2   85   Random    [    24 24  ]  -194.373   728.125   4.354   -194.373 [ 1  1  1]   0  0.255  0.019  0.004
  2   86   Random    [    24 24  ]  -202.788   548.000   5.785   -202.788 [ 1  1  1]   0  0.184  0.021  0.005
  2   87 softmutate  [    24 24  ]  -215.627  1491.492   2.125   -215.627 [ 1  1  1]   0  0.248  0.006  0.001
  2   88 softmutate  [    24 24  ]  -210.188  1095.789   2.893   -210.188 [ 1  1  1]   0  0.265  0.012  0.002
  2   89 softmutate  [    24 24  ]  -212.498  1195.403   2.652   -212.498 [ 1  1  1]   0  0.288  0.010  0.002
  2   90 softmutate  [    24 24  ]  -214.173   811.105   3.908   -214.173 [ 1  1  1]   0  0.229  0.016  0.004
  2   91 softmutate  [    24 24  ]  -210.204  1036.937   3.057   -210.204 [ 1  1  1]   0  0.137  0.018  0.005
  2   92 softmutate  [    24 24  ]  -206.353  1144.719   2.769   -206.353 [ 1  1  1]   0  0.261  0.014  0.003
  2   93 softmutate  [    24 24  ]  -208.965  1138.705   2.784   -208.965 [ 1  1  1]   0  0.267  0.015  0.003
  2   94 softmutate  [    24 24  ]  -210.627  1344.504   2.358   -210.627 [ 1  1  1]   0  0.303  0.009  0.001
  2   95 softmutate  [    24 24  ]  -216.105  2170.230   1.461   -216.105 [ 1  1  1]   0  0.279  0.007  0.001
  2   96 softmutate  [    24 24  ]  -213.412  1142.994   2.774   -213.412 [ 1  1  1]   0  0.212  0.010  0.002
  2   97 softmutate  [    24 24  ]  -210.997  1015.358   3.122   -210.997 [ 1  1  1]   0  0.149  0.014  0.004
  2   98 softmutate  [    24 24  ]  -215.925   900.154   3.522   -215.925 [ 1  1  1]   0  0.242  0.015  0.003
  2   99 softmutate  [    24 24  ]  -208.268  1025.470   3.091   -208.268 [ 1  1  1]   0  0.279  0.013  0.003
  2  100 softmutate  [    24 24  ]  -219.046  1335.844   2.373   -219.046 [ 1  1  1]   0  0.040  0.008  0.002
  2  101 softmutate  [    24 24  ]  -206.729  1276.859   2.483   -206.729 [ 1  1  1]   0  0.220  0.012  0.003
  2  102 softmutate  [    24 24  ]  -211.616  1278.773   2.479   -211.616 [ 1  1  1]   0  0.258  0.011  0.002
  2  103 softmutate  [    24 24  ]  -219.043  1113.768   2.846   -219.043 [ 1  1  1]   0  0.053  0.008  0.002
  2  104 keptBest    [    24 24  ]  -219.470  1217.418   2.604   -219.470 [ 1  1  1]   0  0.000  0.008  0.003
  2  105 keptBest    [    24 24  ]  -219.093  1248.442   2.539   -219.093 [ 1  1  1]   0  0.000  0.008  0.003
  2  106 keptBest    [    24 24  ]  -216.018   862.103   3.677   -216.018 [ 1  1  1]   0  0.231  0.015  0.003
  2  107 keptBest    [    24 24  ]  -214.185   813.141   3.899   -214.185 [ 1  1  1]   0  0.207  0.016  0.004
  2  108 keptBest    [    24 24  ]  -213.400  1129.125   2.808   -213.400 [ 1  1  1]   0  0.167  0.010  0.003
  2  109 keptBest    [    24 24  ]  -213.328   886.566   3.576   -213.328 [ 1  1  1]   0  0.234  0.014  0.003
  2  110 keptBest    [    24 24  ]  -212.057  1215.744   2.608   -212.057 [ 1  1  1]   0  0.246  0.018  0.003
  2  111 keptBest    [    24 24  ]  -211.013  1087.895   2.914   -211.013 [ 1  1  1]   0  0.136  0.014  0.004
  3  112 Heredity    [    24 24  ]  -217.187  1629.142   1.946   -217.187 [ 1  1  1]   0  0.255  0.010  0.002
  3  113 Heredity    [    24 24  ]  -212.930  1493.410   2.123   -212.930 [ 1  1  1]   0  0.308  0.011  0.002
  3  114 Heredity    [    24 24  ]  -213.572  1716.022   1.847   -213.572 [ 1  1  1]   0  0.313  0.010  0.001
  3  115 Heredity    [    24 24  ]  -212.900  1413.572   2.243   -212.900 [ 1  1  1]   0  0.294  0.010  0.002
  3  116 Heredity    [    24 24  ]  -215.988  1341.791   2.363   -215.988 [ 1  1  1]   0  0.277  0.010  0.002
  3  117 Heredity    [    24 24  ]  -218.044  1231.784   2.574   -218.044 [ 1  1  1]   0  0.233  0.010  0.002
  3  118 Heredity    [    24 24  ]  -215.021  1177.863   2.691   -215.021 [ 1  1  1]   0  0.292  0.011  0.002
  3  119 Heredity    [    24 24  ]  -216.454  1865.087   1.700   -216.454 [ 1  1  1]   0  0.282  0.008  0.001
  3  120 Heredity    [    24 24  ]  -216.898  1398.377   2.267   -216.898 [ 1  1  1]   0  0.220  0.010  0.002
  3  121 Heredity    [    24 24  ]  -210.687  1887.064   1.680   -210.687 [ 1  1  1]   0  0.317  0.010  0.001
  3  122 Heredity    [    24 24  ]  -213.787  1997.445   1.587   -213.787 [ 1  1  1]   0  0.307  0.009  0.001
  3  123 Heredity    [    24 24  ]  -214.417  2076.385   1.527   -214.417 [ 1  1  1]   0  0.298  0.008  0.001
  3  124 Heredity    [    24 24  ]  -217.280  1039.137   3.051   -217.280 [ 1  1  1]   0  0.285  0.011  0.002
  3  125 Heredity    [    24 24  ]  -210.300   843.207   3.760   -210.300 [ 1  1  1]   0  0.274  0.016  0.003
  3  126 Heredity    [    24 24  ]  -217.043  1174.079   2.700   -217.043 [ 1  1  1]   0  0.238  0.011  0.002
  3  127 Heredity    [    24 24  ]  -215.325  1936.921   1.637   -215.325 [ 1  1  1]   0  0.274  0.007  0.001
  3  128 Heredity    [    24 24  ]  -215.362  1697.560   1.867   -215.362 [ 1  1  1]   0  0.301  0.009  0.001
  3  129 Heredity    [    24 24  ]  -217.144  1485.858   2.134   -217.144 [ 1  1  1]   0  0.188  0.008  0.002
  3  130 Heredity    [    24 24  ]  -212.881  1115.331   2.842   -212.881 [ 1  1  1]   0  0.302  0.013  0.002
  3  131 Heredity    [    24 24  ]  -216.015  1464.050   2.165   -216.015 [ 1  1  1]   0  0.270  0.009  0.002
  3  132 Heredity    [    24 24  ]  -218.534  1493.752   2.122   -218.534 [ 1  1  1]   0  0.165  0.009  0.002
  3  133 Heredity    [    24 24  ]  -213.920  1578.448   2.008   -213.920 [ 1  1  1]   0  0.305  0.010  0.001
  3  134 Heredity    [    24 24  ]  -215.405  1592.910   1.990   -215.405 [ 1  1  1]   0  0.283  0.014  0.002
  3  135 Heredity    [    24 24  ]  -212.932  1191.875   2.660   -212.932 [ 1  1  1]   0  0.304  0.013  0.002
  3  136 Heredity    [    24 24  ]  -218.429  1208.216   2.624   -218.429 [ 1  1  1]   0  0.223  0.010  0.002
  3  137 Heredity    [    24 24  ]  -215.923  1139.678   2.782   -215.923 [ 1  1  1]   0  0.254  0.012  0.002
  3  138 Heredity    [    24 24  ]  -216.896  1247.581   2.541   -216.896 [ 1  1  1]   0  0.251  0.010  0.002
  3  139 Heredity    [    24 24  ]  -217.788  1469.164   2.158   -217.788 [ 1  1  1]   0  0.167  0.009  0.002
  3  140 Heredity    [    24 24  ]  -217.591   930.643   3.406   -217.591 [ 1  1  1]   0  0.293  0.014  0.002
  3  141 Heredity    [    24 24  ]  -213.173  1905.535   1.664   -213.173 [ 1  1  1]   0  0.315  0.009  0.001
  3  142 Heredity    [    24 24  ]  -213.062  1977.263   1.603   -213.062 [ 1  1  1]   0  0.312  0.010  0.001
  3  143   Random    [    24 24  ]  -169.337   983.475   3.223   -169.337 [ 1  1  1]   0  0.184  0.019  0.005
  3  144   Random    [    24 24  ]  -200.805   875.557   3.621   -200.805 [ 1  1  1]   0  0.233  0.018  0.004
  3  145   Random    [    24 24  ]  -213.507   934.544   3.392   -213.507 [ 1  1  1]   0  0.217  0.013  0.003
  3  146   Random    [    24 24  ]  -206.608   992.485   3.194   -206.608 [ 1  1  1]   0  0.265  0.013  0.002
  3  147   Random    [    24 24  ]  -199.073   652.996   4.855   -199.073 [ 1  1  1]   0  0.210  0.021  0.005
  3  148 softmutate  [    24 24  ]  -212.375  1041.983   3.042   -212.375 [ 1  1  1]   0  0.280  0.016  0.003
  3  149 softmutate  [    24 24  ]  -214.928  2431.349   1.304   -214.928 [ 1  1  1]   0  0.278  0.009  0.001
  3  150 softmutate  [    24 24  ]  -213.346  1152.360   2.751   -213.346 [ 1  1  1]   0  0.265  0.015  0.003
  3  151 softmutate  [    24 24  ]  -215.517  1128.940   2.808   -215.517 [ 1  1  1]   0  0.251  0.011  0.002
  3  152 softmutate  [    24 24  ]  -214.238  2187.333   1.449   -214.238 [ 1  1  1]   0  0.294  0.006  0.001
  3  153 softmutate  [    24 24  ]  -219.466  1315.693   2.409   -219.466 [ 1  1  1]   0  0.084  0.009  0.002
  3  154 softmutate  [    24 24  ]  -216.575  1113.899   2.846   -216.575 [ 1  1  1]   0  0.266  0.011  0.002
  3  155 softmutate  [    24 24  ]  -216.652  1309.807   2.420   -216.652 [ 1  1  1]   0  0.292  0.012  0.002
  3  156 softmutate  [    24 24  ]  -219.446  1260.589   2.515   -219.446 [ 1  1  1]   0  0.136  0.009  0.002
  3  157 softmutate  [    24 24  ]  -215.855   914.941   3.465   -215.855 [ 1  1  1]   0  0.254  0.015  0.003
  3  158 softmutate  [    24 24  ]  -210.856  1654.190   1.916   -210.856 [ 1  1  1]   0  0.302  0.013  0.002
  3  159 softmutate  [    24 24  ]  -213.504  1615.796   1.962   -213.504 [ 1  1  1]   0  0.294  0.010  0.002
  3  160 softmutate  [    24 24  ]  -212.969  2991.136   1.060   -212.969 [ 1  1  1]   0  0.313  0.008  0.001
  3  161 softmutate  [    24 24  ]  -213.450   989.027   3.205   -213.450 [ 1  1  1]   0  0.263  0.014  0.003
  3  162 keptBest    [    24 24  ]  -219.470  1217.418   2.604   -219.470 [ 1  1  1]   0  0.000  0.008  0.003
  3  163 keptBest    [    24 24  ]  -219.093  1248.442   2.539   -219.093 [ 1  1  1]   0  0.000  0.008  0.003
  3  164 keptBest    [    24 24  ]  -218.175  1060.457   2.989   -218.175 [ 1  1  1]   0  0.241  0.012  0.002
  3  165 keptBest    [    24 24  ]  -215.627  1491.492   2.125   -215.627 [ 1  1  1]   0  0.248  0.006  0.001
  3  166 keptBest    [    24 24  ]  -214.709  1280.200   2.476   -214.709 [ 1  1  1]   0  0.308  0.014  0.002
  3  167 keptBest    [    24 24  ]  -213.412  1142.994   2.774   -213.412 [ 1  1  1]   0  0.212  0.010  0.002
  3  168 keptBest    [    24 24  ]  -213.378   991.613   3.197   -213.378 [ 1  1  1]   0  0.257  0.014  0.003
  3  169 keptBest    [    24 24  ]  -212.872   750.826   4.222   -212.872 [ 1  1  1]   0  0.194  0.020  0.005
