 ID    Origin    Enthalpy   Parent-E   Parent-ID
   1   Random      -4.404    -4.404  [         0]
   2   Random      -4.343    -4.343  [         0]
   3   Random      -3.509    -3.509  [         0]
   4   Random      -3.977    -3.977  [         0]
   5   Random      -4.098    -4.098  [         0]
   6   Random      -4.041    -4.041  [         0]
   7   Random      -4.572    -4.572  [         0]
   8   Random      -4.403    -4.403  [         0]
   9   Random      -4.160    -4.160  [         0]
  10   Random      -4.059    -4.059  [         0]
  11   Random      -3.872    -3.872  [         0]
  12   Random      -4.500    -4.500  [         0]
  13   Random      -4.318    -4.318  [         0]
  14   Random      -4.259    -4.259  [         0]
  15   Random      -4.338    -4.338  [         0]
  16   Random      -4.192    -4.192  [         0]
  17   Random      -4.176    -4.176  [         0]
  18   Random      -4.075    -4.075  [         0]
  19   Random      -4.263    -4.263  [         0]
  20   Random      -3.718    -3.718  [         0]
  21   Random      -4.196    -4.196  [         0]
  22   Random      -4.265    -4.265  [         0]
  23   Random      -3.768    -3.768  [         0]
  24   Random      -4.139    -4.139  [         0]
  25   Random      -4.360    -4.360  [         0]
  26   Random      -4.418    -4.418  [         0]
  27   Random      -4.444    -4.444  [         0]
  28   Random      -4.427    -4.427  [         0]
  29   Random      -4.280    -4.280  [         0]
  30   Random      -4.396    -4.396  [         0]
  31   Random      -4.195    -4.195  [         0]
  32   Random      -4.323    -4.323  [         0]
  33   Random      -4.202    -4.202  [         0]
  34   Random      -4.116    -4.116  [         0]
  35   Random      -3.782    -3.782  [         0]
  36   Random      -4.252    -4.252  [         0]
  37   Random      -4.376    -4.376  [         0]
  38   Random      -4.306    -4.306  [         0]
  39   Random      -4.564    -4.564  [         0]
  40   Random      -4.302    -4.302  [         0]
  41   Random      -4.152    -4.152  [         0]
  42   Random      -4.142    -4.142  [         0]
  43   Random      -4.342    -4.342  [         0]
  44   Random      -4.355    -4.355  [         0]
  45   Random      -4.231    -4.231  [         0]
  46   Random      -4.377    -4.377  [         0]
  47   Random      -4.388    -4.388  [         0]
  48   Random      -4.266    -4.266  [         0]
  49   Random      -4.462    -4.462  [         0]
  50   Random      -4.392    -4.392  [         0]
  51   Seeds       -4.446    [          ]
  52   Seeds       -4.318    [          ]
  53   Seeds       -4.294    [          ]
  54 Heredity      -4.473    -4.365  [     2  47]
  55 Heredity      -4.413    -4.419  [    46  49]
  56 Heredity      -4.397    -4.453  [    27  49]
  57 Heredity      -4.545    -4.441  [    39  13]
  58 Heredity      -4.513    -4.495  [    26   7]
  59 Heredity      -4.436    -4.433  [     1  49]
  60 Heredity      -4.490    -4.460  [    44  39]
  61 Heredity      -4.420    -4.464  [    28  12]
  62 Heredity      -4.424    -4.369  [    30   2]
  63 Heredity      -4.370    -4.419  [    49  46]
  64 Heredity      -4.445    -4.452  [    12   8]
  65 Heredity      -4.408    -4.438  [    37  12]
  66 Heredity      -4.404    -4.383  [    48  12]
  67 Heredity      -4.353    -4.390  [    37   1]
  68 Heredity      -4.382    -4.478  [    50  39]
  69 Heredity      -4.441    -4.480  [     7  47]
  70 Heredity      -4.506    -4.504  [    39  27]
  71 Heredity      -4.420    -4.431  [    27  26]
  72 Heredity      -4.390    -4.400  [    30   1]
  73 Heredity      -4.491    -4.460  [    44  39]
  74 Heredity      -4.513    -4.536  [    12   7]
  75 Heredity      -4.393    -4.380  [    26   2]
  76 Heredity      -4.444    -4.422  [    28  26]
  77 Heredity      -4.326    -4.384  [    37  50]
  78 Heredity      -4.411    -4.478  [    50  39]
  79   Random      -4.288    -4.288  [         0]
  80   Random      -3.886    -3.886  [         0]
  81   Random      -4.202    -4.202  [         0]
  82   Random      -4.192    -4.192  [         0]
  83   Random      -4.435    -4.435  [         0]
  84   Random      -3.939    -3.939  [         0]
  85   Random      -4.049    -4.049  [         0]
  86   Random      -4.225    -4.225  [         0]
  87 softmutate    -4.492    -4.564  [        39]
  88 softmutate    -4.379    -4.396  [        30]
  89 softmutate    -4.427    -4.427  [        28]
  90 softmutate    -4.462    -4.462  [        49]
  91 softmutate    -4.379    -4.392  [        50]
  92 softmutate    -4.299    -4.418  [        26]
  93 softmutate    -4.353    -4.404  [         1]
  94 softmutate    -4.388    -4.388  [        47]
  95 softmutate    -4.502    -4.564  [        39]
  96 softmutate    -4.446    -4.446  [        51]
  97 softmutate    -4.396    -4.396  [        30]
  98 softmutate    -4.498    -4.500  [        12]
  99 softmutate    -4.339    -4.338  [        15]
 100 softmutate    -4.563    -4.564  [        39]
 101 softmutate    -4.307    -4.403  [         8]
 102 softmutate    -4.409    -4.342  [        43]
 103 softmutate    -4.563    -4.564  [        39]
 104 keptBest      -4.572    -4.572  [         7]
 105 keptBest      -4.564    -4.564  [        39]
 106 keptBest      -4.500    -4.500  [        12]
 107 keptBest      -4.462    -4.462  [        49]
 108 keptBest      -4.446    -4.446  [        51]
 109 keptBest      -4.444    -4.444  [        27]
 110 keptBest      -4.418    -4.418  [        26]
 111 keptBest      -4.396    -4.396  [        30]
 112 Heredity      -4.525    -4.538  [  100   58]
 113 Heredity      -4.436    -4.430  [   69  110]
 114 Heredity      -4.449    -4.477  [    69  74]
 115 Heredity      -4.435    -4.459  [    98  61]
 116 Heredity      -4.500    -4.502  [    58  73]
 117 Heredity      -4.543    -4.559  [   57  104]
 118 Heredity      -4.480    -4.479  [    64  58]
 119 Heredity      -4.509    -4.528  [   87  100]
 120 Heredity      -4.519    -4.527  [   73  100]
 121 Heredity      -4.389    -4.457  [    69  54]
 122 Heredity      -4.454    -4.496  [   89  105]
 123 Heredity      -4.467    -4.497  [    87  95]
 124 Heredity      -4.527    -4.513  [    58  74]
 125 Heredity      -4.381    -4.462  [   90  107]
 126 Heredity      -4.522    -4.531  [  105   98]
 127 Heredity      -4.486    -4.533  [  105   95]
 128 Heredity      -4.487    -4.482  [    95  90]
 129 Heredity      -4.524    -4.564  [  105  100]
 130 Heredity      -4.435    -4.464  [    59  73]
 131 Heredity      -4.500    -4.539  [  104   70]
 132 Heredity      -4.553    -4.568  [  100  104]
 133 Heredity      -4.457    -4.479  [    74  76]
 134 Heredity      -4.488    -4.499  [   83  100]
 135 Heredity      -4.436    -4.488  [  107   58]
 136 Heredity      -4.551    -4.555  [  105   57]
 137 Heredity      -4.498    -4.517  [  104  107]
 138 Heredity      -4.519    -4.539  [  105   74]
 139 Heredity      -4.537    -4.568  [  100  104]
 140 Heredity      -4.533    -4.495  [    57  64]
 141 Heredity      -4.441    -4.437  [    89  96]
 142 Heredity      -4.439    -4.483  [    87  54]
 143   Random      -3.528    -3.528  [         0]
 144   Random      -4.183    -4.183  [         0]
 145   Random      -4.448    -4.448  [         0]
 146   Random      -4.304    -4.304  [         0]
 147   Random      -4.147    -4.147  [         0]
 148 softmutate    -4.424    -4.420  [        71]
 149 softmutate    -4.478    -4.572  [       104]
 150 softmutate    -4.445    -4.444  [       109]
 151 softmutate    -4.490    -4.490  [        60]
 152 softmutate    -4.463    -4.564  [       105]
 153 softmutate    -4.572    -4.572  [       104]
 154 softmutate    -4.512    -4.513  [        74]
 155 softmutate    -4.514    -4.513  [        58]
 156 softmutate    -4.572    -4.572  [       104]
 157 softmutate    -4.497    -4.498  [        98]
 158 softmutate    -4.393    -4.445  [        64]
 159 softmutate    -4.448    -4.506  [        70]
 160 softmutate    -4.437    -4.572  [       104]
 161 softmutate    -4.447    -4.445  [        64]
 162 keptBest      -4.572    -4.572  [       104]
 163 keptBest      -4.564    -4.564  [       105]
 164 keptBest      -4.545    -4.545  [        57]
 165 keptBest      -4.492    -4.492  [        87]
 166 keptBest      -4.473    -4.473  [        54]
 167 keptBest      -4.446    -4.446  [        96]
 168 keptBest      -4.445    -4.445  [        64]
 169 keptBest      -4.435    -4.435  [        83]
