-179.16303979059134
-241.7817861285926
-247.86526921002675
-234.27252449719018
-247.71320447370465
-240.33473949922495
-239.88585414430048
-247.12141803971323
-202.1173877853867
-235.90422259395257
-238.67596691062755
-225.94346976850923
-236.11799566729232
-243.6015169726744
-239.97695607683062
-208.3616166613948
-247.0029718340765
-235.46724226474475
-219.6290530017036
-244.4808323534722
-248.5825147783578
-237.06079703885965
-220.70138724951704
-243.5830814950739
-244.36111609301994
-245.74624310618594
-233.13827007164068
-237.91360668505644
-212.58063782654875
-213.95454123549138
-241.00057043510708
-227.92001401293044
-245.1985313689383
-247.8713557078422
-245.94561149770405
-249.6487447577415
-248.575114238828
-218.53768772101677
-231.2412850704141
-232.36071489915295
-254.0770052436954
-252.17296522497355
-251.7602758916359
-251.1076291143109
-249.30907387166377
-250.44778129514415
-252.38789845533753
-249.80159895344195
-249.33826358332192
-248.59371503550918
-249.61197110063904
-250.08323182756533
-249.40934416276076
-248.66886745189944
-248.58130458011445
-248.65304965514528
-248.40546835802385
-249.18021508444446
-248.43969707794233
-248.72566390129776
-244.34062570099977
-241.43284406098675
-247.27096808754996
-240.1213361041359
-249.71776268560814
-244.58032133692035
-246.87463241032933
-234.49089567430372
-241.5763211788768
-240.80192412527117
-246.5026095309957
-245.44966001026683
-229.16737622434727
-215.88627098971938
-247.89930196686737
-238.54072997005508
-248.5941515740646
-243.08154652246265
-237.3190553222821
-236.54214466882792
-247.01808985993705
-248.6929718140487
-245.60426147041807
-232.66456267494286
-247.17425098958486
-227.71556950680818
-244.09894426784325
-221.30638449025176
-249.61197110063904
-244.0575991496059
-247.8713557078422
-249.40934416276076
-240.60336946958736
-233.36901583536508
-232.09985455466688
-233.61433494744367
-244.90138991376165
-246.06928562007238
-244.76213069583008
-228.6289705544038
-245.66166340113767
-249.6601828300034
-248.76044245068272
-249.53819668681203
-246.51624108988713
-231.84074996650247
-235.82065211697824
-239.0360180287418
-244.3915999217799
-239.63249900317805
-243.04595408173654
-244.97934519940844
-231.83920566918056
-248.22303951126418
-246.27923741888668
-243.1359619573411
-245.10542798599965
-240.1294619832422
-250.10927092042442
-233.8694672123293
-238.80009239830076
-242.3626679477527
-242.22404999858483
-245.03534367029516
-247.82492251395615
-236.9642621273456
-243.72986836541003
-247.5395497774566
-214.56243897167303
-235.3873212298069
-237.76169420466232
-229.01079810304012
-249.30907387166377
-247.5647582076603
-244.4197589460467
-246.78884148008902
-237.49064441394114
-244.55215329442225
-244.88691723882533
-228.25718204599968
-240.2041155212384
-247.02331847701015
-243.85687700695914
-223.70082706143336
-248.1237197516641
-249.2989854365394
-246.49357763812688
-247.08269359725205
