-133.639
-133.803
-134.042
-132.933
-133.333
-134.051
-133.433
-133.681
-134.134
-133.673
-134.054
-133.650
-133.794
-134.125
-133.847
-133.942
-133.985
-133.770
-133.929
-134.011
-133.245
-133.410
-134.113
-134.045
-133.004
-133.756
-133.946
-134.063
-133.915
-133.573
-130.293
-132.806
-133.971
-133.948
-133.961
-133.604
-132.102
-134.075
-133.984
-133.418
-134.067
-133.299
-133.625
-133.392
-133.849
-132.120
-133.601
-134.053
-133.238
-133.831
-133.569
-133.989
-133.594
-134.012
-134.117
-134.082
-133.957
-134.085
-133.906
-134.079
-134.038
-134.038
-133.934
-133.951
-134.066
-134.046
-134.067
-134.162
-133.937
-134.058
-134.015
-134.007
-134.012
-133.902
-134.108
-134.055
-134.037
-134.065
-134.062
-133.978
-134.035
-133.704
-133.425
-133.931
-134.057
-133.798
-134.029
-134.010
-133.970
-134.015
-134.005
-134.054
-134.113
-134.013
-134.012
-134.074
-134.044
-134.132
-134.052
-134.065
-133.799
-134.045
-134.125
-133.825
-134.134
-134.125
-134.113
-134.075
-134.067
-134.063
-134.054
-134.053
-134.049
-134.013
-134.003
-134.116
-134.087
-134.085
-134.083
-134.125
-134.159
-133.998
-134.007
-134.116
-134.008
-134.044
-134.098
-134.080
-134.131
-134.053
-134.091
-134.111
-134.066
-134.004
-134.033
-134.128
-134.099
-134.063
-134.211
-134.059
-134.049
-133.648
-133.369
-133.759
-132.960
-133.770
-134.076
-134.133
-134.084
-134.070
-134.030
-133.510
-134.089
-133.823
-134.113
-133.905
-134.112
-134.114
-134.074
-134.063
-134.067
-134.002
-134.162
-134.134
-134.125
-134.113
-134.067
-134.067
-134.063
-134.057
