  ID   Compositions    Enthalpies    Volumes    fitness  SYMM
                       (eV/atom)    (A^3/atom)    ()         
 139  [     8 24  ]     -4.1941     18.3267   -134.2114     0
  68  [     8 24  ]     -4.1926     17.9969   -134.1619     0
 121  [     8 24  ]     -4.1925     19.0854   -134.1593     0
   9  [     8 24  ]     -4.1917     20.1553   -134.1339     0
 148  [     8 24  ]     -4.1917     20.1667   -134.1329     0
 129  [     8 24  ]     -4.1916     18.0129   -134.1313     0
 136  [     8 24  ]     -4.1915     18.8733   -134.1278     0
 120  [     8 24  ]     -4.1914     23.1816   -134.1252     0
  14  [     8 24  ]     -4.1914     18.3041   -134.1249     0
  55  [     8 24  ]     -4.1912     21.5382   -134.1173     0
 124  [     8 24  ]     -4.1911     21.3242   -134.1157     0
 116  [     8 24  ]     -4.1911     20.0715   -134.1157     0
 158  [     8 24  ]     -4.1911     21.9073   -134.1139     0
 155  [     8 24  ]     -4.1910     22.3648   -134.1132     0
  23  [     8 24  ]     -4.1910     22.0452   -134.1130     0
 157  [     8 24  ]     -4.1910     21.6527   -134.1120     0
 132  [     8 24  ]     -4.1910     22.9179   -134.1111     0
  75  [     8 24  ]     -4.1909     20.8264   -134.1082     0
 137  [     8 24  ]     -4.1906     20.4322   -134.0992     0
 127  [     8 24  ]     -4.1906     20.1652   -134.0978     0
 131  [     8 24  ]     -4.1903     20.3812   -134.0906     0
 153  [     8 24  ]     -4.1903     27.5924   -134.0894     0
 117  [     8 24  ]     -4.1902     30.2636   -134.0867     0
  58  [     8 24  ]     -4.1902     21.2887   -134.0849     0
 118  [     8 24  ]     -4.1901     23.1606   -134.0846     0
 149  [     8 24  ]     -4.1901     20.4507   -134.0838     0
 119  [     8 24  ]     -4.1901     21.9397   -134.0826     0
  56  [     8 24  ]     -4.1901     20.5812   -134.0818     0
 128  [     8 24  ]     -4.1900     22.8545   -134.0802     0
  60  [     8 24  ]     -4.1900     27.3604   -134.0788     0
 147  [     8 24  ]     -4.1899     18.7643   -134.0761     0
 159  [     8 24  ]     -4.1898     29.7042   -134.0738     0
  96  [     8 24  ]     -4.1898     18.7612   -134.0735     0
 150  [     8 24  ]     -4.1897     23.3739   -134.0696     0
  67  [     8 24  ]     -4.1896     24.1128   -134.0675     0
 161  [     8 24  ]     -4.1896     25.1332   -134.0667     0
  41  [     8 24  ]     -4.1896     20.0440   -134.0667     0
 133  [     8 24  ]     -4.1896     29.1399   -134.0661     0
 100  [     8 24  ]     -4.1895     19.8236   -134.0653     0
  78  [     8 24  ]     -4.1895     27.7050   -134.0653     0
 160  [     8 24  ]     -4.1895     20.6871   -134.0634     0
 138  [     8 24  ]     -4.1895     29.2284   -134.0626     0
  79  [     8 24  ]     -4.1894     18.5097   -134.0623     0
 140  [     8 24  ]     -4.1893     25.0718   -134.0590     0
  70  [     8 24  ]     -4.1893     25.8298   -134.0585     0
  85  [     8 24  ]     -4.1893     24.6728   -134.0571     0
  76  [     8 24  ]     -4.1892     27.0075   -134.0548     0
  11  [     8 24  ]     -4.1892     29.1583   -134.0542     0
  92  [     8 24  ]     -4.1892     32.6155   -134.0535     0
  48  [     8 24  ]     -4.1892     27.2639   -134.0529     0
