Gen   ID    Origin   Composition    Enthalpy   Volume  Density   Fitness   KPOINTS  SYMM  Q_entr A_order S_order
                                      (eV)     (A^3)  (g/cm^3)
  1    1   Random    [     8 24  ]  -133.639   523.319   5.245   -133.639 [ 1  1  1]   0  0.225  0.021  0.005
  1    2   Random    [     8 24  ]  -133.803   920.739   2.981   -133.803 [ 1  1  1]   0  0.305  0.015  0.002
  1    3   Random    [     8 24  ]  -134.042   447.944   6.128   -134.042 [ 1  1  1]   0  0.181  0.021  0.006
  1    4   Random    [     8 24  ]  -132.933   607.332   4.520   -132.933 [ 1  1  1]   0  0.233  0.020  0.004
  1    5   Random    [     8 24  ]  -133.333   574.776   4.776   -133.333 [ 1  1  1]   0  0.239  0.022  0.006
  1    6   Random    [     8 24  ]  -134.051   551.911   4.974   -134.051 [ 1  1  1]   0  0.204  0.026  0.007
  1    7   Random    [     8 24  ]  -133.433   553.958   4.955   -133.433 [ 1  1  1]   0  0.260  0.019  0.004
  1    8   Random    [     8 24  ]  -133.681   617.473   4.446   -133.681 [ 1  1  1]   0  0.235  0.024  0.006
  1    9   Random    [     8 24  ]  -134.134   644.969   4.256   -134.134 [ 1  1  1]   0  0.201  0.021  0.005
  1   10   Random    [     8 24  ]  -133.673   619.366   4.432   -133.673 [ 1  1  1]   0  0.181  0.019  0.005
  1   11   Random    [     8 24  ]  -134.054   933.065   2.942   -134.054 [ 1  1  1]   0  0.163  0.010  0.002
  1   12   Random    [     8 24  ]  -133.650   545.440   5.033   -133.650 [ 1  1  1]   0  0.231  0.024  0.006
  1   13   Random    [     8 24  ]  -133.794   609.862   4.501   -133.794 [ 1  1  1]   0  0.170  0.018  0.005
  1   14   Random    [     8 24  ]  -134.125   585.732   4.687   -134.125 [ 1  1  1]   0  0.241  0.018  0.004
  1   15   Random    [     8 24  ]  -133.847   579.705   4.735   -133.847 [ 1  1  1]   0  0.168  0.022  0.008
  1   16   Random    [     8 24  ]  -133.942   525.971   5.219   -133.942 [ 1  1  1]   0  0.242  0.020  0.004
  1   17   Random    [     8 24  ]  -133.985   514.275   5.338   -133.985 [ 1  1  1]   0  0.173  0.023  0.006
  1   18   Random    [     8 24  ]  -133.770   826.739   3.320   -133.770 [ 1  1  1]   0  0.273  0.014  0.002
  1   19   Random    [     8 24  ]  -133.929   691.080   3.972   -133.929 [ 1  1  1]   0  0.289  0.020  0.004
  1   20   Random    [     8 24  ]  -134.011   828.754   3.312   -134.011 [ 1  1  1]   0  0.177  0.020  0.007
  1   21   Random    [     8 24  ]  -133.245   649.271   4.228   -133.245 [ 1  1  1]   0  0.170  0.016  0.004
  1   22   Random    [     8 24  ]  -133.410   432.405   6.348   -133.410 [ 1  1  1]   0  0.186  0.024  0.007
  1   23   Random    [     8 24  ]  -134.113   705.447   3.891   -134.113 [ 1  1  1]   0  0.085  0.017  0.005
  1   24   Random    [     8 24  ]  -134.045   684.214   4.012   -134.045 [ 1  1  1]   0  0.226  0.017  0.004
  1   25   Random    [     8 24  ]  -133.004   462.227   5.939   -133.004 [ 1  1  1]   0  0.170  0.021  0.006
  1   26   Random    [     8 24  ]  -133.756   670.769   4.092   -133.756 [ 1  1  1]   0  0.080  0.022  0.007
  1   27   Random    [     8 24  ]  -133.946   651.591   4.213   -133.946 [ 1  1  1]   0  0.181  0.018  0.005
  1   28   Random    [     8 24  ]  -134.063   660.523   4.156   -134.063 [ 1  1  1]   0  0.241  0.020  0.005
  1   29   Random    [     8 24  ]  -133.915   713.241   3.849   -133.915 [ 1  1  1]   0  0.108  0.021  0.006
  1   30   Random    [     8 24  ]  -133.573   948.257   2.895   -133.573 [ 1  1  1]   0  0.161  0.021  0.005
  1   31   Random    [     8 24  ]  -130.293   507.514   5.409   -130.293 [ 1  1  1]   0  0.056  0.038  0.013
  1   32   Random    [     8 24  ]  -132.806   371.140   7.396   -132.806 [ 1  1  1]   0  0.222  0.023  0.006
  1   33   Random    [     8 24  ]  -133.971   865.709   3.171   -133.971 [ 1  1  1]   0  0.235  0.028  0.006
  1   34   Random    [     8 24  ]  -133.948   636.316   4.314   -133.948 [ 1  1  1]   0  0.283  0.015  0.003
  1   35   Random    [     8 24  ]  -133.961   805.552   3.408   -133.961 [ 1  1  1]   0  0.188  0.012  0.003
  1   36   Random    [     8 24  ]  -133.604  1304.557   2.104   -133.604 [ 1  1  1]   0  0.198  0.018  0.004
  1   37   Random    [     8 24  ]  -132.102   293.937   9.339   -132.102 [ 1  1  1]   0  0.131  0.041  0.013
  1   38   Random    [     8 24  ]  -134.075   628.970   4.364   -134.075 [ 1  1  1]   0  0.210  0.017  0.004
  1   39   Random    [     8 24  ]  -133.984   611.977   4.486   -133.984 [ 1  1  1]   0  0.070  0.021  0.007
  1   40   Random    [     8 24  ]  -133.418   639.769   4.291   -133.418 [ 1  1  1]   0  0.168  0.022  0.006
  1   41   Random    [     8 24  ]  -134.067   641.409   4.280   -134.067 [ 1  1  1]   0  0.076  0.019  0.006
  1   42   Random    [     8 24  ]  -133.299   678.709   4.044   -133.299 [ 1  1  1]   0  0.105  0.038  0.013
  1   43   Random    [     8 24  ]  -133.625   462.698   5.933   -133.625 [ 1  1  1]   0  0.208  0.020  0.005
  1   44   Random    [     8 24  ]  -133.392   420.338   6.531   -133.392 [ 1  1  1]   0  0.214  0.025  0.007
  1   45   Random    [     8 24  ]  -133.849   590.465   4.649   -133.849 [ 1  1  1]   0  0.172  0.025  0.006
  1   46   Random    [     8 24  ]  -132.120   547.854   5.011   -132.120 [ 1  1  1]   0  0.224  0.027  0.006
  1   47   Random    [     8 24  ]  -133.601   527.726   5.202   -133.601 [ 1  1  1]   0  0.224  0.019  0.004
  1   48   Random    [     8 24  ]  -134.053   872.444   3.146   -134.053 [ 1  1  1]   0  0.259  0.015  0.003
  1   49   Random    [     8 24  ]  -133.238   469.700   5.844   -133.238 [ 1  1  1]   0  0.201  0.024  0.006
  1   50   Random    [     8 24  ]  -133.831   665.859   4.123   -133.831 [ 1  1  1]   0  0.205  0.015  0.004
  1   51   Seeds     [     8 24  ]  -133.569   772.722   3.552   -133.569 [ 1  1  1]   0  0.192  0.028  0.011
  1   52   Seeds     [     8 24  ]  -133.989   728.842   3.766   -133.989 [ 1  1  1]   0  0.256  0.014  0.003
  1   53   Seeds     [     8 24  ]  -133.594  1423.847   1.928   -133.594 [ 1  1  1]   0  0.194  0.011  0.003
  1   54   Seeds     [     8 24  ]  -134.012   893.083   3.074   -134.012 [ 1  1  1]   0  0.180  0.016  0.004
  2   55 Heredity    [     8 24  ]  -134.117   689.222   3.983   -134.117 [ 1  1  1]   0  0.263  0.017  0.003
  2   56 Heredity    [     8 24  ]  -134.082   658.597   4.168   -134.082 [ 1  1  1]   0  0.294  0.018  0.003
  2   57 Heredity    [     8 24  ]  -133.957   704.069   3.899   -133.957 [ 1  1  1]   0  0.274  0.014  0.003
  2   58 Heredity    [     8 24  ]  -134.085   681.238   4.029   -134.085 [ 1  1  1]   0  0.294  0.015  0.003
  2   59 Heredity    [     8 24  ]  -133.906   724.312   3.790   -133.906 [ 1  1  1]   0  0.290  0.019  0.004
  2   60 Heredity    [     8 24  ]  -134.079   875.533   3.135   -134.079 [ 1  1  1]   0  0.284  0.015  0.003
  2   61 Heredity    [     8 24  ]  -134.038   715.982   3.834   -134.038 [ 1  1  1]   0  0.301  0.017  0.003
  2   62 Heredity    [     8 24  ]  -134.038   940.131   2.920   -134.038 [ 1  1  1]   0  0.297  0.013  0.002
  2   63 Heredity    [     8 24  ]  -133.934   901.831   3.044   -133.934 [ 1  1  1]   0  0.296  0.015  0.003
  2   64 Heredity    [     8 24  ]  -133.951   724.178   3.791   -133.951 [ 1  1  1]   0  0.291  0.015  0.003
  2   65 Heredity    [     8 24  ]  -134.066   809.281   3.392   -134.066 [ 1  1  1]   0  0.296  0.014  0.002
  2   66 Heredity    [     8 24  ]  -134.046   765.699   3.585   -134.046 [ 1  1  1]   0  0.303  0.015  0.003
  2   67 Heredity    [     8 24  ]  -134.067   771.610   3.558   -134.067 [ 1  1  1]   0  0.271  0.013  0.002
  2   68 Heredity    [     8 24  ]  -134.162   575.900   4.767   -134.162 [ 1  1  1]   0  0.291  0.021  0.004
  2   69 Heredity    [     8 24  ]  -133.937   618.643   4.437   -133.937 [ 1  1  1]   0  0.266  0.017  0.003
  2   70 Heredity    [     8 24  ]  -134.058   826.555   3.321   -134.058 [ 1  1  1]   0  0.285  0.014  0.002
  2   71 Heredity    [     8 24  ]  -134.015   736.523   3.727   -134.015 [ 1  1  1]   0  0.284  0.015  0.003
  2   72 Heredity    [     8 24  ]  -134.007   895.624   3.065   -134.007 [ 1  1  1]   0  0.275  0.015  0.003
  2   73 Heredity    [     8 24  ]  -134.012   846.518   3.243   -134.012 [ 1  1  1]   0  0.285  0.018  0.004
  2   74 Heredity    [     8 24  ]  -133.902   854.468   3.213   -133.902 [ 1  1  1]   0  0.295  0.013  0.002
  2   75 Heredity    [     8 24  ]  -134.108   666.445   4.119   -134.108 [ 1  1  1]   0  0.195  0.018  0.004
  2   76 Heredity    [     8 24  ]  -134.055   864.241   3.176   -134.055 [ 1  1  1]   0  0.296  0.015  0.002
  2   77 Heredity    [     8 24  ]  -134.037   921.386   2.979   -134.037 [ 1  1  1]   0  0.295  0.013  0.002
  2   78 Heredity    [     8 24  ]  -134.065   886.560   3.096   -134.065 [ 1  1  1]   0  0.289  0.015  0.003
  2   79 Heredity    [     8 24  ]  -134.062   592.310   4.634   -134.062 [ 1  1  1]   0  0.285  0.021  0.004
  2   80   Random    [     8 24  ]  -133.978   751.873   3.651   -133.978 [ 1  1  1]   0  0.191  0.017  0.004
  2   81   Random    [     8 24  ]  -134.035   727.358   3.774   -134.035 [ 1  1  1]   0  0.237  0.013  0.003
  2   82   Random    [     8 24  ]  -133.704  1166.455   2.353   -133.704 [ 1  1  1]   0  0.187  0.012  0.003
  2   83   Random    [     8 24  ]  -133.425  1107.099   2.479   -133.425 [ 1  1  1]   0  0.160  0.008  0.002
  2   84   Random    [     8 24  ]  -133.931   644.586   4.259   -133.931 [ 1  1  1]   0  0.159  0.019  0.005
  2   85   Random    [     8 24  ]  -134.057   789.531   3.477   -134.057 [ 1  1  1]   0  0.173  0.016  0.004
  2   86   Random    [     8 24  ]  -133.798   750.756   3.656   -133.798 [ 1  1  1]   0  0.222  0.017  0.004
  2   87   Random    [     8 24  ]  -134.029   570.804   4.809   -134.029 [ 1  1  1]   0  0.160  0.027  0.008
  2   88 softmutate  [     8 24  ]  -134.010   842.356   3.259   -134.010 [ 1  1  1]   0  0.204  0.020  0.007
  2   89 softmutate  [     8 24  ]  -133.970   865.709   3.171   -133.970 [ 1  1  1]   0  0.239  0.028  0.006
  2   90 softmutate  [     8 24  ]  -134.015   657.929   4.172   -134.015 [ 1  1  1]   0  0.286  0.017  0.003
  2   91 softmutate  [     8 24  ]  -134.005   905.524   3.031   -134.005 [ 1  1  1]   0  0.181  0.016  0.004
  2   92 softmutate  [     8 24  ]  -134.054  1043.695   2.630   -134.054 [ 1  1  1]   0  0.201  0.010  0.002
  2   93 softmutate  [     8 24  ]  -134.113   710.284   3.865   -134.113 [ 1  1  1]   0  0.142  0.016  0.004
  2   94 softmutate  [     8 24  ]  -134.013   893.272   3.073   -134.013 [ 1  1  1]   0  0.297  0.012  0.002
  2   95 softmutate  [     8 24  ]  -134.012   851.555   3.224   -134.012 [ 1  1  1]   0  0.194  0.019  0.007
  2   96 softmutate  [     8 24  ]  -134.074   600.359   4.572   -134.074 [ 1  1  1]   0  0.245  0.016  0.003
  2   97 softmutate  [     8 24  ]  -134.044  1173.643   2.339   -134.044 [ 1  1  1]   0  0.294  0.012  0.002
  2   98 softmutate  [     8 24  ]  -134.132   662.733   4.142   -134.132 [ 1  1  1]   0  0.205  0.021  0.005
  2   99 softmutate  [     8 24  ]  -134.052  1016.833   2.700   -134.052 [ 1  1  1]   0  0.210  0.010  0.002
  2  100 softmutate  [     8 24  ]  -134.065   634.355   4.327   -134.065 [ 1  1  1]   0  0.106  0.019  0.006
  2  101 softmutate  [     8 24  ]  -133.799  1810.968   1.516   -133.799 [ 1  1  1]   0  0.313  0.012  0.002
  2  102 softmutate  [     8 24  ]  -134.045   695.413   3.947   -134.045 [ 1  1  1]   0  0.258  0.017  0.004
  2  103 softmutate  [     8 24  ]  -134.125   585.831   4.686   -134.125 [ 1  1  1]   0  0.250  0.018  0.004
  2  104 softmutate  [     8 24  ]  -133.825   745.289   3.683   -133.825 [ 1  1  1]   0  0.226  0.014  0.003
  2  105 keptBest    [     8 24  ]  -134.134   644.969   4.256   -134.134 [ 1  1  1]   0  0.201  0.021  0.005
  2  106 keptBest    [     8 24  ]  -134.125   585.732   4.687   -134.125 [ 1  1  1]   0  0.241  0.018  0.004
  2  107 keptBest    [     8 24  ]  -134.113   705.447   3.891   -134.113 [ 1  1  1]   0  0.085  0.017  0.005
  2  108 keptBest    [     8 24  ]  -134.075   628.970   4.364   -134.075 [ 1  1  1]   0  0.210  0.017  0.004
  2  109 keptBest    [     8 24  ]  -134.067   641.409   4.280   -134.067 [ 1  1  1]   0  0.076  0.019  0.006
  2  110 keptBest    [     8 24  ]  -134.063   660.523   4.156   -134.063 [ 1  1  1]   0  0.241  0.020  0.005
  2  111 keptBest    [     8 24  ]  -134.054   933.065   2.942   -134.054 [ 1  1  1]   0  0.163  0.010  0.002
  2  112 keptBest    [     8 24  ]  -134.053   872.444   3.146   -134.053 [ 1  1  1]   0  0.259  0.015  0.003
  3  113 Heredity    [     8 24  ]  -134.049   772.453   3.554   -134.049 [ 1  1  1]   0  0.282  0.015  0.003
  3  114 Heredity    [     8 24  ]  -134.013   659.114   4.165   -134.013 [ 1  1  1]   0  0.299  0.017  0.003
  3  115 Heredity    [     8 24  ]  -134.003   772.720   3.552   -134.003 [ 1  1  1]   0  0.309  0.017  0.003
  3  116 Heredity    [     8 24  ]  -134.116   642.288   4.274   -134.116 [ 1  1  1]   0  0.308  0.016  0.003
  3  117 Heredity    [     8 24  ]  -134.087   968.436   2.835   -134.087 [ 1  1  1]   0  0.286  0.015  0.002
  3  118 Heredity    [     8 24  ]  -134.085   741.141   3.704   -134.085 [ 1  1  1]   0  0.308  0.017  0.003
  3  119 Heredity    [     8 24  ]  -134.083   702.072   3.910   -134.083 [ 1  1  1]   0  0.298  0.015  0.003
  3  120 Heredity    [     8 24  ]  -134.125   741.812   3.700   -134.125 [ 1  1  1]   0  0.298  0.016  0.003
  3  121 Heredity    [     8 24  ]  -134.159   610.733   4.495   -134.159 [ 1  1  1]   0  0.284  0.020  0.004
  3  122 Heredity    [     8 24  ]  -133.998   817.065   3.360   -133.998 [ 1  1  1]   0  0.307  0.015  0.002
  3  123 Heredity    [     8 24  ]  -134.007   777.790   3.529   -134.007 [ 1  1  1]   0  0.271  0.015  0.003
  3  124 Heredity    [     8 24  ]  -134.116   682.374   4.023   -134.116 [ 1  1  1]   0  0.299  0.017  0.003
  3  125 Heredity    [     8 24  ]  -134.008   990.176   2.772   -134.008 [ 1  1  1]   0  0.300  0.014  0.002
  3  126 Heredity    [     8 24  ]  -134.044   959.087   2.862   -134.044 [ 1  1  1]   0  0.276  0.012  0.002
  3  127 Heredity    [     8 24  ]  -134.098   645.288   4.254   -134.098 [ 1  1  1]   0  0.186  0.016  0.004
  3  128 Heredity    [     8 24  ]  -134.080   731.346   3.753   -134.080 [ 1  1  1]   0  0.288  0.016  0.003
  3  129 Heredity    [     8 24  ]  -134.131   576.413   4.762   -134.131 [ 1  1  1]   0  0.284  0.017  0.003
  3  130 Heredity    [     8 24  ]  -134.053   656.460   4.182   -134.053 [ 1  1  1]   0  0.301  0.019  0.003
  3  131 Heredity    [     8 24  ]  -134.091   652.198   4.209   -134.091 [ 1  1  1]   0  0.301  0.015  0.003
  3  132 Heredity    [     8 24  ]  -134.111   733.374   3.743   -134.111 [ 1  1  1]   0  0.255  0.015  0.003
  3  133 Heredity    [     8 24  ]  -134.066   932.476   2.944   -134.066 [ 1  1  1]   0  0.300  0.015  0.002
  3  134 Heredity    [     8 24  ]  -134.004   890.392   3.083   -134.004 [ 1  1  1]   0  0.304  0.016  0.003
  3  135 Heredity    [     8 24  ]  -134.033   727.198   3.775   -134.033 [ 1  1  1]   0  0.269  0.016  0.003
  3  136 Heredity    [     8 24  ]  -134.128   603.946   4.545   -134.128 [ 1  1  1]   0  0.277  0.021  0.004
  3  137 Heredity    [     8 24  ]  -134.099   653.830   4.198   -134.099 [ 1  1  1]   0  0.302  0.017  0.003
  3  138 Heredity    [     8 24  ]  -134.063   935.309   2.935   -134.063 [ 1  1  1]   0  0.287  0.013  0.002
  3  139 Heredity    [     8 24  ]  -134.211   586.455   4.681   -134.211 [ 1  1  1]   0  0.305  0.019  0.003
  3  140 Heredity    [     8 24  ]  -134.059   802.298   3.421   -134.059 [ 1  1  1]   0  0.307  0.016  0.003
  3  141 Heredity    [     8 24  ]  -134.049   730.453   3.758   -134.049 [ 1  1  1]   0  0.303  0.016  0.003
  3  142   Random    [     8 24  ]  -133.648   633.439   4.334   -133.648 [ 1  1  1]   0  0.228  0.021  0.005
  3  143   Random    [     8 24  ]  -133.369  1405.344   1.953   -133.369 [ 1  1  1]   0  0.211  0.013  0.003
  3  144   Random    [     8 24  ]  -133.759   420.554   6.527   -133.759 [ 1  1  1]   0  0.176  0.029  0.008
  3  145   Random    [     8 24  ]  -132.960   278.494   9.857   -132.960 [ 1  1  1]   0  0.121  0.034  0.011
  3  146   Random    [     8 24  ]  -133.770   551.492   4.977   -133.770 [ 1  1  1]   0  0.236  0.022  0.005
  3  147 softmutate  [     8 24  ]  -134.076   600.459   4.572   -134.076 [ 1  1  1]   0  0.219  0.016  0.004
  3  148 softmutate  [     8 24  ]  -134.133   645.334   4.254   -134.133 [ 1  1  1]   0  0.219  0.020  0.005
  3  149 softmutate  [     8 24  ]  -134.084   654.424   4.195   -134.084 [ 1  1  1]   0  0.299  0.018  0.003
  3  150 softmutate  [     8 24  ]  -134.070   747.963   3.670   -134.070 [ 1  1  1]   0  0.289  0.014  0.003
  3  151 softmutate  [     8 24  ]  -134.030  1014.305   2.706   -134.030 [ 1  1  1]   0  0.309  0.015  0.002
  3  152 softmutate  [     8 24  ]  -133.510  1775.736   1.546   -133.510 [ 1  1  1]   0  0.325  0.010  0.001
  3  153 softmutate  [     8 24  ]  -134.089   882.955   3.109   -134.089 [ 1  1  1]   0  0.311  0.015  0.002
  3  154 softmutate  [     8 24  ]  -133.823  1269.234   2.163   -133.823 [ 1  1  1]   0  0.316  0.015  0.002
  3  155 softmutate  [     8 24  ]  -134.113   715.673   3.836   -134.113 [ 1  1  1]   0  0.146  0.015  0.004
  3  156 softmutate  [     8 24  ]  -133.905   771.307   3.559   -133.905 [ 1  1  1]   0  0.263  0.016  0.003
  3  157 softmutate  [     8 24  ]  -134.112   692.887   3.962   -134.112 [ 1  1  1]   0  0.141  0.016  0.004
  3  158 softmutate  [     8 24  ]  -134.114   701.032   3.916   -134.114 [ 1  1  1]   0  0.177  0.015  0.004
  3  159 softmutate  [     8 24  ]  -134.074   950.535   2.888   -134.074 [ 1  1  1]   0  0.285  0.011  0.002
  3  160 softmutate  [     8 24  ]  -134.063   661.988   4.147   -134.063 [ 1  1  1]   0  0.241  0.020  0.005
  3  161 softmutate  [     8 24  ]  -134.067   804.263   3.413   -134.067 [ 1  1  1]   0  0.296  0.014  0.002
  3  162 softmutate  [     8 24  ]  -134.002   824.806   3.328   -134.002 [ 1  1  1]   0  0.305  0.015  0.002
  3  163 keptBest    [     8 24  ]  -134.162   575.900   4.767   -134.162 [ 1  1  1]   0  0.291  0.021  0.004
  3  164 keptBest    [     8 24  ]  -134.134   644.969   4.256   -134.134 [ 1  1  1]   0  0.201  0.021  0.005
  3  165 keptBest    [     8 24  ]  -134.125   585.732   4.687   -134.125 [ 1  1  1]   0  0.241  0.018  0.004
  3  166 keptBest    [     8 24  ]  -134.113   710.284   3.865   -134.113 [ 1  1  1]   0  0.142  0.016  0.004
  3  167 keptBest    [     8 24  ]  -134.067   771.610   3.558   -134.067 [ 1  1  1]   0  0.271  0.013  0.002
  3  168 keptBest    [     8 24  ]  -134.067   641.409   4.280   -134.067 [ 1  1  1]   0  0.076  0.019  0.006
  3  169 keptBest    [     8 24  ]  -134.063   660.523   4.156   -134.063 [ 1  1  1]   0  0.241  0.020  0.005
  3  170 keptBest    [     8 24  ]  -134.057   789.531   3.477   -134.057 [ 1  1  1]   0  0.173  0.016  0.004
