 ID    Origin    Enthalpy   Parent-E   Parent-ID
   1   Random      -4.176    -4.176  [         0]
   2   Random      -4.181    -4.181  [         0]
   3   Random      -4.189    -4.189  [         0]
   4   Random      -4.154    -4.154  [         0]
   5   Random      -4.167    -4.167  [         0]
   6   Random      -4.189    -4.189  [         0]
   7   Random      -4.170    -4.170  [         0]
   8   Random      -4.178    -4.178  [         0]
   9   Random      -4.192    -4.192  [         0]
  10   Random      -4.177    -4.177  [         0]
  11   Random      -4.189    -4.189  [         0]
  12   Random      -4.177    -4.177  [         0]
  13   Random      -4.181    -4.181  [         0]
  14   Random      -4.191    -4.191  [         0]
  15   Random      -4.183    -4.183  [         0]
  16   Random      -4.186    -4.186  [         0]
  17   Random      -4.187    -4.187  [         0]
  18   Random      -4.180    -4.180  [         0]
  19   Random      -4.185    -4.185  [         0]
  20   Random      -4.188    -4.188  [         0]
  21   Random      -4.164    -4.164  [         0]
  22   Random      -4.169    -4.169  [         0]
  23   Random      -4.191    -4.191  [         0]
  24   Random      -4.189    -4.189  [         0]
  25   Random      -4.156    -4.156  [         0]
  26   Random      -4.180    -4.180  [         0]
  27   Random      -4.186    -4.186  [         0]
  28   Random      -4.189    -4.189  [         0]
  29   Random      -4.185    -4.185  [         0]
  30   Random      -4.174    -4.174  [         0]
  31   Random      -4.072    -4.072  [         0]
  32   Random      -4.150    -4.150  [         0]
  33   Random      -4.187    -4.187  [         0]
  34   Random      -4.186    -4.186  [         0]
  35   Random      -4.186    -4.186  [         0]
  36   Random      -4.175    -4.175  [         0]
  37   Random      -4.128    -4.128  [         0]
  38   Random      -4.190    -4.190  [         0]
  39   Random      -4.187    -4.187  [         0]
  40   Random      -4.169    -4.169  [         0]
  41   Random      -4.190    -4.190  [         0]
  42   Random      -4.166    -4.166  [         0]
  43   Random      -4.176    -4.176  [         0]
  44   Random      -4.169    -4.169  [         0]
  45   Random      -4.183    -4.183  [         0]
  46   Random      -4.129    -4.129  [         0]
  47   Random      -4.175    -4.175  [         0]
  48   Random      -4.189    -4.189  [         0]
  49   Random      -4.164    -4.164  [         0]
  50   Random      -4.182    -4.182  [         0]
  51   Seeds       -4.174    [          ]
  52   Seeds       -4.187    [          ]
  53   Seeds       -4.175    [          ]
  54   Seeds       -4.188    [          ]
  55 Heredity      -4.191    -4.191  [    41   9]
  56 Heredity      -4.190    -4.188  [    16  38]
  57 Heredity      -4.186    -4.186  [    23  13]
  58 Heredity      -4.190    -4.189  [    38  52]
  59 Heredity      -4.185    -4.189  [    41   6]
  60 Heredity      -4.190    -4.190  [    24  23]
  61 Heredity      -4.189    -4.188  [    24  17]
  62 Heredity      -4.189    -4.190  [    23  48]
  63 Heredity      -4.185    -4.188  [    54  20]
  64 Heredity      -4.186    -4.187  [    54  17]
  65 Heredity      -4.190    -4.190  [    23  24]
  66 Heredity      -4.189    -4.188  [    28  35]
  67 Heredity      -4.190    -4.189  [    35  23]
  68 Heredity      -4.193    -4.189  [    38   6]
  69 Heredity      -4.186    -4.187  [    39  17]
  70 Heredity      -4.189    -4.190  [    41  38]
  71 Heredity      -4.188    -4.190  [    28  41]
  72 Heredity      -4.188    -4.185  [    38  26]
  73 Heredity      -4.188    -4.188  [    20  24]
  74 Heredity      -4.184    -4.190  [    54   9]
  75 Heredity      -4.191    -4.190  [    23  41]
  76 Heredity      -4.189    -4.191  [    23  14]
  77 Heredity      -4.189    -4.189  [    52  23]
  78 Heredity      -4.190    -4.188  [    39  38]
  79 Heredity      -4.189    -4.191  [    28   9]
  80   Random      -4.187    -4.187  [         0]
  81   Random      -4.189    -4.189  [         0]
  82   Random      -4.178    -4.178  [         0]
  83   Random      -4.170    -4.170  [         0]
  84   Random      -4.185    -4.185  [         0]
  85   Random      -4.189    -4.189  [         0]
  86   Random      -4.181    -4.181  [         0]
  87   Random      -4.188    -4.188  [         0]
  88 softmutate    -4.188    -4.188  [        20]
  89 softmutate    -4.187    -4.187  [        33]
  90 softmutate    -4.188    -4.189  [         3]
  91 softmutate    -4.188    -4.188  [        54]
  92 softmutate    -4.189    -4.189  [        11]
  93 softmutate    -4.191    -4.191  [        23]
  94 softmutate    -4.188    -4.191  [        23]
  95 softmutate    -4.188    -4.188  [        20]
  96 softmutate    -4.190    -4.190  [        38]
  97 softmutate    -4.189    -4.191  [        23]
  98 softmutate    -4.192    -4.192  [         9]
  99 softmutate    -4.189    -4.189  [        11]
 100 softmutate    -4.190    -4.190  [        41]
 101 softmutate    -4.181    -4.191  [        23]
 102 softmutate    -4.189    -4.189  [        24]
 103 softmutate    -4.191    -4.191  [        14]
 104 softmutate    -4.182    -4.187  [        39]
 105 keptBest      -4.192    -4.192  [         9]
 106 keptBest      -4.191    -4.191  [        14]
 107 keptBest      -4.191    -4.191  [        23]
 108 keptBest      -4.190    -4.190  [        38]
 109 keptBest      -4.190    -4.190  [        41]
 110 keptBest      -4.189    -4.189  [        28]
 111 keptBest      -4.189    -4.189  [        11]
 112 keptBest      -4.189    -4.189  [        48]
 113 Heredity      -4.189    -4.190  [  107   78]
 114 Heredity      -4.188    -4.190  [    75  79]
 115 Heredity      -4.188    -4.192  [    75  68]
 116 Heredity      -4.191    -4.191  [  106   58]
 117 Heredity      -4.190    -4.190  [   85  107]
 118 Heredity      -4.190    -4.190  [    78  65]
 119 Heredity      -4.190    -4.190  [    96  58]
 120 Heredity      -4.191    -4.191  [  112   68]
 121 Heredity      -4.192    -4.191  [  108   68]
 122 Heredity      -4.187    -4.190  [    78  56]
 123 Heredity      -4.188    -4.189  [  100   70]
 124 Heredity      -4.191    -4.192  [  106   68]
 125 Heredity      -4.188    -4.190  [  106   65]
 126 Heredity      -4.189    -4.191  [    58  93]
 127 Heredity      -4.191    -4.190  [  107  109]
 128 Heredity      -4.190    -4.191  [  105  108]
 129 Heredity      -4.192    -4.190  [   58  108]
 130 Heredity      -4.189    -4.190  [    56  60]
 131 Heredity      -4.190    -4.190  [    96  58]
 132 Heredity      -4.191    -4.190  [   67  107]
 133 Heredity      -4.190    -4.191  [  100   68]
 134 Heredity      -4.188    -4.189  [    62  60]
 135 Heredity      -4.189    -4.189  [   76  109]
 136 Heredity      -4.191    -4.192  [  105   68]
 137 Heredity      -4.191    -4.190  [    96  55]
 138 Heredity      -4.189    -4.190  [   93  108]
 139 Heredity      -4.194    -4.192  [   68  106]
 140 Heredity      -4.189    -4.190  [    75  60]
 141 Heredity      -4.189    -4.190  [   56  108]
 142   Random      -4.176    -4.176  [         0]
 143   Random      -4.168    -4.168  [         0]
 144   Random      -4.180    -4.180  [         0]
 145   Random      -4.155    -4.155  [         0]
 146   Random      -4.180    -4.180  [         0]
 147 softmutate    -4.190    -4.190  [        96]
 148 softmutate    -4.192    -4.192  [       105]
 149 softmutate    -4.190    -4.190  [        56]
 150 softmutate    -4.190    -4.191  [        55]
 151 softmutate    -4.188    -4.189  [        76]
 152 softmutate    -4.172    -4.193  [        68]
 153 softmutate    -4.190    -4.190  [        60]
 154 softmutate    -4.182    -4.191  [        75]
 155 softmutate    -4.191    -4.191  [        93]
 156 softmutate    -4.185    -4.190  [       100]
 157 softmutate    -4.191    -4.191  [       107]
 158 softmutate    -4.191    -4.191  [        93]
 159 softmutate    -4.190    -4.191  [       107]
 160 softmutate    -4.189    -4.189  [       110]
 161 softmutate    -4.190    -4.190  [        65]
 162 softmutate    -4.188    -4.190  [        56]
 163 keptBest      -4.193    -4.193  [        68]
 164 keptBest      -4.192    -4.192  [       105]
 165 keptBest      -4.191    -4.191  [       106]
 166 keptBest      -4.191    -4.191  [        93]
 167 keptBest      -4.190    -4.190  [        67]
 168 keptBest      -4.190    -4.190  [       109]
 169 keptBest      -4.189    -4.189  [       110]
 170 keptBest      -4.189    -4.189  [        85]
