-250.116
-248.397
-255.734
-258.367
-248.475
-249.967
-250.080
-258.022
-238.737
-234.892
-252.923
-254.233
-253.674
-240.708
-254.502
-252.339
-214.170
-247.470
-253.645
-247.703
-251.321
-249.854
-246.038
-241.315
-258.460
-252.273
-249.035
-256.448
-243.697
-243.480
-257.236
-245.114
-254.526
-257.308
-254.289
-258.668
-257.613
-241.805
-196.720
-222.246
-261.538
-261.179
-260.960
-260.228
-259.590
-260.432
-259.498
-258.815
-260.300
-260.039
-259.307
-259.216
-259.905
-258.836
-259.062
-257.760
-258.142
-259.338
-257.916
-258.569
-259.299
-254.666
-255.490
-251.921
-258.200
-242.888
-257.976
-254.251
-248.721
-252.981
-254.088
-249.725
-260.614
-257.532
-242.681
-252.819
-253.277
-252.458
-257.293
-257.040
-244.978
-253.622
-254.416
-253.505
-262.077
-238.408
-257.002
-240.786
-259.590
-255.918
-258.906
-260.432
-251.832
-259.250
-253.548
-255.266
-255.208
-250.565
-258.284
-246.821
-259.416
-257.630
-258.066
-257.702
-261.538
-261.179
-260.432
-260.300
-256.265
-252.537
-255.155
-243.658
-251.907
-247.757
-250.615
-253.013
-241.974
-244.718
-255.944
-253.719
-259.223
-255.986
-253.866
-256.693
-252.307
-257.846
-237.176
-258.761
-253.500
-254.210
-236.721
-260.089
-234.386
-256.408
-257.513
-257.979
-257.733
-260.432
-256.175
-258.952
-251.582
-258.795
-252.496
-257.584
-260.464
-248.543
-258.883
-247.798
-260.018
-258.428
-260.728
-260.173
-262.077
-261.538
-261.179
-260.614
