  ID   Compositions    Enthalpies    Volumes    fitness  SYMM
                       (eV/atom)    (A^3/atom)    ()         
  85  [    21 40  ]     -4.2963     25.4432   -262.0769     0
  41  [    21 40  ]     -4.2875     25.4432   -261.5384     0
  42  [    21 40  ]     -4.2816     25.4432   -261.1794     0
  43  [    21 40  ]     -4.2780     25.4432   -260.9603     0
 151  [    21 40  ]     -4.2742     25.4432   -260.7283     0
  73  [    21 40  ]     -4.2724     25.4432   -260.6139     0
 145  [    21 40  ]     -4.2699     25.4432   -260.4643     0
  46  [    21 40  ]     -4.2694     25.4432   -260.4316     0
  49  [    21 40  ]     -4.2672     25.4432   -260.3004     0
  44  [    21 40  ]     -4.2660     25.4432   -260.2280     0
 152  [    21 40  ]     -4.2651     25.4432   -260.1725     0
 132  [    21 40  ]     -4.2638     25.4432   -260.0891     0
  50  [    21 40  ]     -4.2629     25.4432   -260.0386     0
 149  [    21 40  ]     -4.2626     25.4432   -260.0178     0
  53  [    21 40  ]     -4.2607     25.4432   -259.9046     0
  45  [    21 40  ]     -4.2556     25.4432   -259.5901     0
  47  [    21 40  ]     -4.2541     25.4432   -259.4978     0
 101  [    21 40  ]     -4.2527     25.4432   -259.4156     0
  58  [    21 40  ]     -4.2514     25.4432   -259.3384     0
  51  [    21 40  ]     -4.2509     25.4432   -259.3073     0
