Gen   ID    Origin   Composition    Enthalpy   Volume  Density   Fitness   KPOINTS  SYMM  Q_entr A_order S_order
                                      (eV)     (A^3)  (g/cm^3)
  1    1   Random    [    21 40  ]  -250.116  1552.036   3.079   -250.116 [ 1  1  1]   0  0.172  0.220  2.083
  1    2   Random    [    21 40  ]  -248.397  1552.036   3.079   -248.397 [ 1  1  1]   0  0.178  0.219  2.395
  1    3   Random    [    21 40  ]  -255.734  1552.036   3.079   -255.734 [ 1  1  1]   0  0.150  0.220  2.814
  1    4   Random    [    21 40  ]  -258.367  1552.036   3.079   -258.367 [ 1  1  1]   0  0.162  0.220  1.981
  1    5   Random    [    21 40  ]  -248.475  1552.036   3.079   -248.475 [ 1  1  1]   0  0.225  0.220  2.484
  1    6   Random    [    21 40  ]  -249.967  1552.036   3.079   -249.967 [ 1  1  1]   0  0.210  0.219  1.835
  1    7   Random    [    21 40  ]  -250.080  1552.036   3.079   -250.080 [ 1  1  1]   0  0.155  0.220  2.638
  1    8   Random    [    21 40  ]  -258.022  1552.036   3.079   -258.022 [ 1  1  1]   0  0.185  0.219  1.695
  1    9   Random    [    21 40  ]  -238.737  1552.036   3.079   -238.737 [ 1  1  1]   0  0.104  0.219  3.192
  1   10   Random    [    21 40  ]  -234.892  1552.036   3.079   -234.892 [ 1  1  1]   0  0.232  0.219  2.229
  1   11   Random    [    21 40  ]  -252.923  1552.036   3.079   -252.923 [ 1  1  1]   0  0.182  0.220  1.779
  1   12   Random    [    21 40  ]  -254.233  1552.036   3.079   -254.233 [ 1  1  1]   0  0.107  0.221  3.328
  1   13   Random    [    21 40  ]  -253.674  1552.036   3.079   -253.674 [ 1  1  1]   0  0.214  0.220  2.313
  1   14   Random    [    21 40  ]  -240.708  1552.036   3.079   -240.708 [ 1  1  1]   0  0.246  0.219  2.295
  1   15   Random    [    21 40  ]  -254.502  1552.036   3.079   -254.502 [ 1  1  1]   0  0.131  0.220  1.999
  1   16   Random    [    21 40  ]  -252.339  1552.036   3.079   -252.339 [ 1  1  1]   0  0.164  0.219  2.199
  1   17   Random    [    21 40  ]  -214.170  1552.036   3.079   -214.170 [ 1  1  1]   0  0.158  0.220  3.924
  1   18   Random    [    21 40  ]  -247.470  1552.036   3.079   -247.470 [ 1  1  1]   0  0.222  0.219  1.581
  1   19   Random    [    21 40  ]  -253.645  1552.036   3.079   -253.645 [ 1  1  1]   0  0.107  0.220  2.787
  1   20   Random    [    21 40  ]  -247.703  1552.036   3.079   -247.703 [ 1  1  1]   0  0.202  0.220  2.091
  1   21   Random    [    21 40  ]  -251.321  1552.036   3.079   -251.321 [ 1  1  1]   0  0.218  0.219  2.031
  1   22   Random    [    21 40  ]  -249.854  1552.036   3.079   -249.854 [ 1  1  1]   0  0.212  0.220  2.522
  1   23   Random    [    21 40  ]  -246.038  1552.036   3.079   -246.038 [ 1  1  1]   0  0.233  0.219  2.188
  1   24   Random    [    21 40  ]  -241.315  1552.036   3.079   -241.315 [ 1  1  1]   0  0.217  0.219  2.476
  1   25   Random    [    21 40  ]  -258.460  1552.036   3.079   -258.460 [ 1  1  1]   0  0.133  0.220  3.349
  1   26   Random    [    21 40  ]  -252.273  1552.036   3.079   -252.273 [ 1  1  1]   0  0.064  0.221  2.777
  1   27   Random    [    21 40  ]  -249.035  1552.036   3.079   -249.035 [ 1  1  1]   0  0.141  0.219  3.486
  1   28   Random    [    21 40  ]  -256.448  1552.036   3.079   -256.448 [ 1  1  1]   0  0.142  0.220  2.579
  1   29   Random    [    21 40  ]  -243.697  1552.036   3.079   -243.697 [ 1  1  1]   0  0.096  0.220  4.185
  1   30   Random    [    21 40  ]  -243.480  1552.036   3.079   -243.480 [ 1  1  1]   0  0.216  0.220  2.582
  1   31   Random    [    21 40  ]  -257.236  1552.036   3.079   -257.236 [ 1  1  1]   0  0.146  0.218  3.234
  1   32   Random    [    21 40  ]  -245.114  1552.036   3.079   -245.114 [ 1  1  1]   0  0.248  0.219  1.869
  1   33   Random    [    21 40  ]  -254.526  1552.036   3.079   -254.526 [ 1  1  1]   0  0.135  0.219  2.916
  1   34   Random    [    21 40  ]  -257.308  1552.036   3.079   -257.308 [ 1  1  1]   0  0.186  0.219  2.071
  1   35   Random    [    21 40  ]  -254.289  1552.036   3.079   -254.289 [ 1  1  1]   0  0.204  0.220  1.945
  1   36   Random    [    21 40  ]  -258.668  1552.036   3.079   -258.668 [ 1  1  1]   0  0.082  0.220  2.582
  1   37   Random    [    21 40  ]  -257.613  1552.036   3.079   -257.613 [ 1  1  1]   0  0.153  0.219  2.091
  1   38   Random    [    21 40  ]  -241.805  1552.036   3.079   -241.805 [ 1  1  1]   0  0.216  0.219  1.806
  1   39   Random    [    21 40  ]  -196.720  1552.036   3.079   -196.720 [ 1  1  1]   0  0.049  0.220  7.441
  1   40   Random    [    21 40  ]  -222.246  1552.036   3.079   -222.246 [ 1  1  1]   0  0.230  0.219  3.049
  1   41   Seeds     [    21 40  ]  -261.538  1552.036   3.079   -261.538 [ 1  1  1]   0  0.143  0.220  2.395
  1   42   Seeds     [    21 40  ]  -261.179  1552.036   3.079   -261.179 [ 1  1  1]   0  0.201  0.219  1.647
  1   43   Seeds     [    21 40  ]  -260.960  1552.036   3.079   -260.960 [ 1  1  1]   0  0.140  0.220  2.728
  1   44   Seeds     [    21 40  ]  -260.228  1552.036   3.079   -260.228 [ 1  1  1]   0  0.158  0.220  2.311
  1   45   Seeds     [    21 40  ]  -259.590  1552.036   3.079   -259.590 [ 1  1  1]   0  0.187  0.219  1.678
  1   46   Seeds     [    21 40  ]  -260.432  1552.036   3.079   -260.432 [ 1  1  1]   0  0.203  0.219  1.917
  1   47   Seeds     [    21 40  ]  -259.498  1552.036   3.079   -259.498 [ 1  1  1]   0  0.099  0.219  2.532
  1   48   Seeds     [    21 40  ]  -258.815  1552.036   3.079   -258.815 [ 1  1  1]   0  0.152  0.221  2.108
  1   49   Seeds     [    21 40  ]  -260.300  1552.036   3.079   -260.300 [ 1  1  1]   0  0.186  0.220  2.162
  1   50   Seeds     [    21 40  ]  -260.039  1552.036   3.079   -260.039 [ 1  1  1]   0  0.187  0.220  1.658
  1   51   Seeds     [    21 40  ]  -259.307  1552.036   3.079   -259.307 [ 1  1  1]   0  0.161  0.219  1.630
  1   52   Seeds     [    21 40  ]  -259.216  1552.036   3.079   -259.216 [ 1  1  1]   0  0.188  0.220  2.092
  1   53   Seeds     [    21 40  ]  -259.905  1552.036   3.079   -259.905 [ 1  1  1]   0  0.113  0.220  1.980
  1   54   Seeds     [    21 40  ]  -258.836  1552.036   3.079   -258.836 [ 1  1  1]   0  0.160  0.220  1.872
  1   55   Seeds     [    21 40  ]  -259.062  1552.036   3.079   -259.062 [ 1  1  1]   0  0.165  0.220  1.636
  1   56   Seeds     [    21 40  ]  -257.760  1552.036   3.079   -257.760 [ 1  1  1]   0  0.159  0.219  2.329
  1   57   Seeds     [    21 40  ]  -258.142  1552.036   3.079   -258.142 [ 1  1  1]   0  0.160  0.219  1.814
  1   58   Seeds     [    21 40  ]  -259.338  1552.036   3.079   -259.338 [ 1  1  1]   0  0.223  0.220  1.736
  1   59   Seeds     [    21 40  ]  -257.916  1552.036   3.079   -257.916 [ 1  1  1]   0  0.172  0.220  2.196
  1   60   Seeds     [    21 40  ]  -258.569  1552.036   3.079   -258.569 [ 1  1  1]   0  0.028  0.219  3.346
  2   61 Heredity    [    21 40  ]  -259.299  1552.036   3.079   -259.299 [ 1  1  1]   0  0.210  0.219  1.752
  2   62 Heredity    [    21 40  ]  -254.666  1552.036   3.079   -254.666 [ 1  1  1]   0  0.191  0.219  1.718
  2   63 Heredity    [    21 40  ]  -255.490  1552.036   3.079   -255.490 [ 1  1  1]   0  0.175  0.219  1.761
  2   64 Heredity    [    21 40  ]  -251.921  1552.036   3.079   -251.921 [ 1  1  1]   0  0.167  0.219  1.955
  2   65 Heredity    [    21 40  ]  -258.200  1552.036   3.079   -258.200 [ 1  1  1]   0  0.168  0.219  2.068
  2   66 Heredity    [    21 40  ]  -242.888  1552.036   3.079   -242.888 [ 1  1  1]   0  0.170  0.220  1.882
  2   67 Heredity    [    21 40  ]  -257.976  1552.036   3.079   -257.976 [ 1  1  1]   0  0.157  0.220  1.653
  2   68 Heredity    [    21 40  ]  -254.251  1552.036   3.079   -254.251 [ 1  1  1]   0  0.218  0.220  2.382
  2   69 Heredity    [    21 40  ]  -248.721  1552.036   3.079   -248.721 [ 1  1  1]   0  0.187  0.219  1.624
  2   70 Heredity    [    21 40  ]  -252.981  1552.036   3.079   -252.981 [ 1  1  1]   0  0.189  0.219  1.687
  2   71 Heredity    [    21 40  ]  -254.088  1552.036   3.079   -254.088 [ 1  1  1]   0  0.221  0.220  1.646
  2   72 Heredity    [    21 40  ]  -249.725  1552.036   3.079   -249.725 [ 1  1  1]   0  0.156  0.219  1.698
  2   73 Heredity    [    21 40  ]  -260.614  1552.036   3.079   -260.614 [ 1  1  1]   0  0.204  0.219  1.998
  2   74 Heredity    [    21 40  ]  -257.532  1552.036   3.079   -257.532 [ 1  1  1]   0  0.219  0.219  1.940
  2   75 Heredity    [    21 40  ]  -242.681  1552.036   3.079   -242.681 [ 1  1  1]   0  0.206  0.219  1.759
  2   76 Heredity    [    21 40  ]  -252.819  1552.036   3.079   -252.819 [ 1  1  1]   0  0.184  0.219  2.015
  2   77 Heredity    [    21 40  ]  -253.277  1552.036   3.079   -253.277 [ 1  1  1]   0  0.185  0.219  1.634
  2   78 Heredity    [    21 40  ]  -252.458  1552.036   3.079   -252.458 [ 1  1  1]   0  0.213  0.219  1.618
  2   79 Heredity    [    21 40  ]  -257.293  1552.036   3.079   -257.293 [ 1  1  1]   0  0.168  0.220  1.906
  2   80 Heredity    [    21 40  ]  -257.040  1552.036   3.079   -257.040 [ 1  1  1]   0  0.174  0.219  1.808
  2   81   Random    [    21 40  ]  -244.978  1552.036   3.079   -244.978 [ 1  1  1]   0  0.195  0.220  2.939
  2   82   Random    [    21 40  ]  -253.622  1552.036   3.079   -253.622 [ 1  1  1]   0  0.222  0.220  1.954
  2   83   Random    [    21 40  ]  -254.416  1552.036   3.079   -254.416 [ 1  1  1]   0  0.144  0.219  2.001
  2   84   Random    [    21 40  ]  -253.505  1552.036   3.079   -253.505 [ 1  1  1]   0  0.063  0.218  2.580
  2   85   Random    [    21 40  ]  -262.077  1552.036   3.079   -262.077 [ 1  1  1]   0  0.153  0.220  3.148
  2   86   Random    [    21 40  ]  -238.408  1552.036   3.079   -238.408 [ 1  1  1]   0  0.231  0.220  2.079
  2   87   Random    [    21 40  ]  -257.002  1552.036   3.079   -257.002 [ 1  1  1]   0  0.167  0.220  2.533
  2   88   Random    [    21 40  ]  -240.786  1552.036   3.079   -240.786 [ 1  1  1]   0  0.208  0.220  1.925
  2   89 Permutate   [    21 40  ]  -259.590  1552.036   3.079   -259.523 [ 1  1  1]   0  0.187  0.219  1.678
  2   90 Permutate   [    21 40  ]  -255.918  1552.036   3.079   -255.918 [ 1  1  1]   0  0.224  0.220  1.620
  2   91 Permutate   [    21 40  ]  -258.906  1552.036   3.079   -258.906 [ 1  1  1]   0  0.163  0.220  1.629
  2   92 Permutate   [    21 40  ]  -260.432  1552.036   3.079   -260.365 [ 1  1  1]   0  0.203  0.219  1.917
  2   93 softmutate  [    21 40  ]  -251.832  1552.036   3.079   -251.832 [ 1  1  1]   0  0.215  0.220  1.974
  2   94 softmutate  [    21 40  ]  -259.250  1552.036   3.079   -259.250 [ 1  1  1]   0  0.166  0.219  1.699
  2   95 softmutate  [    21 40  ]  -253.548  1552.036   3.079   -253.548 [ 1  1  1]   0  0.185  0.219  8.410
  2   96 softmutate  [    21 40  ]  -255.266  1552.036   3.079   -255.266 [ 1  1  1]   0  0.143  0.220  1.715
  2   97 softmutate  [    21 40  ]  -255.208  1552.036   3.079   -255.208 [ 1  1  1]   0  0.177  0.220  1.745
  2   98 softmutate  [    21 40  ]  -250.565  1552.036   3.079   -250.565 [ 1  1  1]   0  0.187  0.219  2.428
  2   99 softmutate  [    21 40  ]  -258.284  1552.036   3.079   -258.284 [ 1  1  1]   0  0.202  0.220  1.619
  2  100 softmutate  [    21 40  ]  -246.821  1552.036   3.079   -246.821 [ 1  1  1]   0  0.170  0.220  2.153
  2  101 Transmutate [    21 40  ]  -259.416  1552.036   3.079   -259.416 [ 1  1  1]   0  0.107  0.219  2.241
  2  102 Transmutate [    21 40  ]  -257.630  1552.036   3.079   -257.630 [ 1  1  1]   0  0.113  0.220  2.273
  2  103 Transmutate [    21 40  ]  -258.066  1552.036   3.079   -258.066 [ 1  1  1]   0  0.132  0.219  1.915
  2  104 Transmutate [    21 40  ]  -257.702  1552.036   3.079   -257.702 [ 1  1  1]   0  0.171  0.219  1.815
  2  105 keptBest    [    21 40  ]  -261.538  1552.036   3.079   -261.472 [ 1  1  1]   0  0.143  0.220  2.395
  2  106 keptBest    [    21 40  ]  -261.179  1552.036   3.079   -261.113 [ 1  1  1]   0  0.201  0.219  1.647
  2  107 keptBest    [    21 40  ]  -260.432  1552.036   3.079   -260.365 [ 1  1  1]   0  0.203  0.219  1.917
  2  108 keptBest    [    21 40  ]  -260.300  1552.036   3.079   -260.234 [ 1  1  1]   0  0.186  0.220  2.162
  3  109 Heredity    [    21 40  ]  -256.265  1552.036   3.079   -256.265 [ 1  1  1]   0  0.170  0.219  1.564
  3  110 Heredity    [    21 40  ]  -252.537  1552.036   3.079   -252.537 [ 1  1  1]   0  0.149  0.219  1.632
  3  111 Heredity    [    21 40  ]  -255.155  1552.036   3.079   -255.155 [ 1  1  1]   0  0.195  0.220  1.791
  3  112 Heredity    [    21 40  ]  -243.658  1552.036   3.079   -243.658 [ 1  1  1]   0  0.217  0.219  1.779
  3  113 Heredity    [    21 40  ]  -251.907  1552.036   3.079   -251.907 [ 1  1  1]   0  0.201  0.219  1.689
  3  114 Heredity    [    21 40  ]  -247.757  1552.036   3.079   -247.757 [ 1  1  1]   0  0.187  0.219  1.691
  3  115 Heredity    [    21 40  ]  -250.615  1552.036   3.079   -250.615 [ 1  1  1]   0  0.217  0.220  1.942
  3  116 Heredity    [    21 40  ]  -253.013  1552.036   3.079   -253.013 [ 1  1  1]   0  0.231  0.219  1.676
  3  117 Heredity    [    21 40  ]  -241.974  1552.036   3.079   -241.974 [ 1  1  1]   0  0.224  0.219  1.999
  3  118 Heredity    [    21 40  ]  -244.718  1552.036   3.079   -244.718 [ 1  1  1]   0  0.230  0.220  1.778
  3  119 Heredity    [    21 40  ]  -255.944  1552.036   3.079   -255.944 [ 1  1  1]   0  0.230  0.219  2.028
  3  120 Heredity    [    21 40  ]  -253.719  1552.036   3.079   -253.719 [ 1  1  1]   0  0.210  0.219  1.786
  3  121 Heredity    [    21 40  ]  -259.223  1552.036   3.079   -259.223 [ 1  1  1]   0  0.190  0.219  1.667
  3  122 Heredity    [    21 40  ]  -255.986  1552.036   3.079   -255.986 [ 1  1  1]   0  0.215  0.219  1.756
  3  123 Heredity    [    21 40  ]  -253.866  1552.036   3.079   -253.866 [ 1  1  1]   0  0.177  0.220  1.649
  3  124 Heredity    [    21 40  ]  -256.693  1552.036   3.079   -256.693 [ 1  1  1]   0  0.235  0.219  1.585
  3  125 Heredity    [    21 40  ]  -252.307  1552.036   3.079   -252.307 [ 1  1  1]   0  0.234  0.219  1.954
  3  126 Heredity    [    21 40  ]  -257.846  1552.036   3.079   -257.846 [ 1  1  1]   0  0.158  0.220  2.734
  3  127 Heredity    [    21 40  ]  -237.176  1552.036   3.079   -237.176 [ 1  1  1]   0  0.260  0.220  1.744
  3  128 Heredity    [    21 40  ]  -258.761  1552.036   3.079   -258.761 [ 1  1  1]   0  0.199  0.219  1.647
  3  129   Random    [    21 40  ]  -253.500  1552.036   3.079   -253.500 [ 1  1  1]   0  0.063  0.220  2.641
  3  130   Random    [    21 40  ]  -254.210  1552.036   3.079   -254.210 [ 1  1  1]   0  0.223  0.220  2.310
  3  131   Random    [    21 40  ]  -236.721  1552.036   3.079   -236.721 [ 1  1  1]   0  0.231  0.219  2.223
  3  132   Random    [    21 40  ]  -260.089  1552.036   3.079   -260.089 [ 1  1  1]   0  0.157  0.219  3.587
  3  133   Random    [    21 40  ]  -234.386  1552.036   3.079   -234.386 [ 1  1  1]   0  0.151  0.220  3.361
  3  134   Random    [    21 40  ]  -256.408  1552.036   3.079   -256.408 [ 1  1  1]   0  0.159  0.219  1.633
  3  135   Random    [    21 40  ]  -257.513  1552.036   3.079   -257.513 [ 1  1  1]   0  0.034  0.221  2.975
  3  136   Random    [    21 40  ]  -257.979  1552.036   3.079   -257.979 [ 1  1  1]   0  0.181  0.219  3.190
  3  137 Permutate   [    21 40  ]  -257.733  1552.036   3.079   -257.733 [ 1  1  1]   0  0.161  0.220  1.629
  3  138 Permutate   [    21 40  ]  -260.432  1552.036   3.079   -260.281 [ 1  1  1]   0  0.203  0.219  1.917
  3  139 Permutate   [    21 40  ]  -256.175  1552.036   3.079   -256.175 [ 1  1  1]   0  0.170  0.219  1.749
  3  140 Permutate   [    21 40  ]  -258.952  1552.036   3.079   -258.952 [ 1  1  1]   0  0.145  0.219  1.993
  3  141 softmutate  [    21 40  ]  -251.582  1552.036   3.079   -251.582 [ 1  1  1]   0  0.222  0.219  1.679
  3  142 softmutate  [    21 40  ]  -258.795  1552.036   3.079   -258.795 [ 1  1  1]   0  0.173  0.219  1.895
  3  143 softmutate  [    21 40  ]  -252.496  1552.036   3.079   -252.496 [ 1  1  1]   0  0.146  0.220  1.628
  3  144 softmutate  [    21 40  ]  -257.584  1552.036   3.079   -257.584 [ 1  1  1]   0  0.166  0.220  1.823
  3  145 softmutate  [    21 40  ]  -260.464  1552.036   3.079   -260.464 [ 1  1  1]   0  0.209  0.219  1.856
  3  146 softmutate  [    21 40  ]  -248.543  1552.036   3.079   -248.543 [ 1  1  1]   0  0.219  0.220  1.762
  3  147 softmutate  [    21 40  ]  -258.883  1552.036   3.079   -258.883 [ 1  1  1]   0  0.176  0.219  1.813
  3  148 softmutate  [    21 40  ]  -247.798  1552.036   3.079   -247.798 [ 1  1  1]   0  0.233  0.220  2.117
  3  149 Transmutate [    21 40  ]  -260.018  1552.036   3.079   -260.018 [ 1  1  1]   0  0.175  0.220  2.307
  3  150 Transmutate [    21 40  ]  -258.428  1552.036   3.079   -258.428 [ 1  1  1]   0  0.176  0.219  1.719
  3  151 Transmutate [    21 40  ]  -260.728  1552.036   3.079   -260.728 [ 1  1  1]   0  0.129  0.219  1.881
  3  152 Transmutate [    21 40  ]  -260.173  1552.036   3.079   -260.173 [ 1  1  1]   0  0.163  0.219  1.841
  3  153 keptBest    [    21 40  ]  -262.077  1552.036   3.079   -262.035 [ 1  1  1]   0  0.153  0.220  3.148
  3  154 keptBest    [    21 40  ]  -261.538  1552.036   3.079   -261.430 [ 1  1  1]   0  0.143  0.220  2.395
  3  155 keptBest    [    21 40  ]  -261.179  1552.036   3.079   -261.071 [ 1  1  1]   0  0.201  0.219  1.647
  3  156 keptBest    [    21 40  ]  -260.614  1552.036   3.079   -260.572 [ 1  1  1]   0  0.204  0.219  1.998
