 ID    Origin    Enthalpy   Parent-E   Parent-ID
   1   Random      -4.100    -4.100  [         0]
   2   Random      -4.072    -4.072  [         0]
   3   Random      -4.192    -4.192  [         0]
   4   Random      -4.236    -4.236  [         0]
   5   Random      -4.073    -4.073  [         0]
   6   Random      -4.098    -4.098  [         0]
   7   Random      -4.100    -4.100  [         0]
   8   Random      -4.230    -4.230  [         0]
   9   Random      -3.914    -3.914  [         0]
  10   Random      -3.851    -3.851  [         0]
  11   Random      -4.146    -4.146  [         0]
  12   Random      -4.168    -4.168  [         0]
  13   Random      -4.159    -4.159  [         0]
  14   Random      -3.946    -3.946  [         0]
  15   Random      -4.172    -4.172  [         0]
  16   Random      -4.137    -4.137  [         0]
  17   Random      -3.511    -3.511  [         0]
  18   Random      -4.057    -4.057  [         0]
  19   Random      -4.158    -4.158  [         0]
  20   Random      -4.061    -4.061  [         0]
  21   Random      -4.120    -4.120  [         0]
  22   Random      -4.096    -4.096  [         0]
  23   Random      -4.033    -4.033  [         0]
  24   Random      -3.956    -3.956  [         0]
  25   Random      -4.237    -4.237  [         0]
  26   Random      -4.136    -4.136  [         0]
  27   Random      -4.083    -4.083  [         0]
  28   Random      -4.204    -4.204  [         0]
  29   Random      -3.995    -3.995  [         0]
  30   Random      -3.991    -3.991  [         0]
  31   Random      -4.217    -4.217  [         0]
  32   Random      -4.018    -4.018  [         0]
  33   Random      -4.173    -4.173  [         0]
  34   Random      -4.218    -4.218  [         0]
  35   Random      -4.169    -4.169  [         0]
  36   Random      -4.240    -4.240  [         0]
  37   Random      -4.223    -4.223  [         0]
  38   Random      -3.964    -3.964  [         0]
  39   Random      -3.225    -3.225  [         0]
  40   Random      -3.643    -3.643  [         0]
  41   Seeds       -4.288    [          ]
  42   Seeds       -4.282    [          ]
  43   Seeds       -4.278    [          ]
  44   Seeds       -4.266    [          ]
  45   Seeds       -4.256    [          ]
  46   Seeds       -4.269    [          ]
  47   Seeds       -4.254    [          ]
  48   Seeds       -4.243    [          ]
  49   Seeds       -4.267    [          ]
  50   Seeds       -4.263    [          ]
  51   Seeds       -4.251    [          ]
  52   Seeds       -4.249    [          ]
  53   Seeds       -4.261    [          ]
  54   Seeds       -4.243    [          ]
  55   Seeds       -4.247    [          ]
  56   Seeds       -4.226    [          ]
  57   Seeds       -4.232    [          ]
  58   Seeds       -4.251    [          ]
  59   Seeds       -4.228    [          ]
  60   Seeds       -4.239    [          ]
  61 Heredity      -4.251    -4.240  [     8  47]
  62 Heredity      -4.175    -4.237  [     8  55]
  63 Heredity      -4.188    -4.269  [    42  53]
  64 Heredity      -4.130    -4.244  [    52  36]
  65 Heredity      -4.233    -4.254  [    60  44]
  66 Heredity      -3.982    -4.267  [    46  44]
  67 Heredity      -4.229    -4.269  [    53  42]
  68 Heredity      -4.168    -4.273  [    43  46]
  69 Heredity      -4.077    -4.264  [    42  45]
  70 Heredity      -4.147    -4.230  [    37  48]
  71 Heredity      -4.165    -4.254  [    46  55]
  72 Heredity      -4.094    -4.251  [    53  36]
  73 Heredity      -4.272    -4.250  [    25  53]
  74 Heredity      -4.222    -4.235  [    57  60]
  75 Heredity      -3.978    -4.261  [    52  46]
  76 Heredity      -4.145    -4.228  [    57  56]
  77 Heredity      -4.152    -4.260  [    37  42]
  78 Heredity      -4.139    -4.272  [    49  43]
  79 Heredity      -4.218    -4.246  [    52  60]
  80 Heredity      -4.214    -4.225  [    56  37]
  81   Random      -4.016    -4.016  [         0]
  82   Random      -4.158    -4.158  [         0]
  83   Random      -4.171    -4.171  [         0]
  84   Random      -4.156    -4.156  [         0]
  85   Random      -4.296    -4.296  [         0]
  86   Random      -3.908    -3.908  [         0]
  87   Random      -4.213    -4.213  [         0]
  88   Random      -3.947    -3.947  [         0]
  89 Permutate     -4.256    -4.256  [        45]
  90 Permutate     -4.195    -4.251  [        58]
  91 Permutate     -4.244    -4.247  [        55]
  92 Permutate     -4.269    -4.269  [        46]
  93 softmutate    -4.128    -4.278  [        43]
  94 softmutate    -4.250    -4.251  [        51]
  95 softmutate    -4.157    -4.243  [        54]
  96 softmutate    -4.185    -4.240  [        36]
  97 softmutate    -4.184    -4.228  [        59]
  98 softmutate    -4.108    -4.278  [        43]
  99 softmutate    -4.234    -4.251  [        58]
 100 softmutate    -4.046    -4.236  [         4]
 101 Transmutate   -4.253    -4.239  [        60]
 102 Transmutate   -4.223    -4.239  [        60]
 103 Transmutate   -4.231    -4.269  [        46]
 104 Transmutate   -4.225    -4.249  [        52]
 105 keptBest      -4.288    -4.288  [        41]
 106 keptBest      -4.282    -4.282  [        42]
 107 keptBest      -4.269    -4.269  [        46]
 108 keptBest      -4.267    -4.267  [        49]
 109 Heredity      -4.201    -4.192  [    82  89]
 110 Heredity      -4.140    -4.235  [    67  91]
 111 Heredity      -4.183    -4.246  [  102   73]
 112 Heredity      -3.994    -4.244  [    65  94]
 113 Heredity      -4.130    -4.232  [   65  103]
 114 Heredity      -4.062    -4.250  [    85  99]
 115 Heredity      -4.108    -4.258  [    85  65]
 116 Heredity      -4.148    -4.229  [  104   65]
 117 Heredity      -3.967    -4.225  [    74  65]
 118 Heredity      -4.012    -4.239  [  108   67]
 119 Heredity      -4.196    -4.273  [  105  103]
 120 Heredity      -4.159    -4.260  [  106   91]
 121 Heredity      -4.250    -4.267  [   61  105]
 122 Heredity      -4.196    -4.252  [  106  103]
 123 Heredity      -4.162    -4.275  [  105  101]
 124 Heredity      -4.208    -4.275  [   92  105]
 125 Heredity      -4.136    -4.282  [    92  85]
 126 Heredity      -4.227    -4.289  [   85  108]
 127 Heredity      -3.888    -4.207  [    94  97]
 128 Heredity      -4.242    -4.261  [    61  73]
 129   Random      -4.156    -4.156  [         0]
 130   Random      -4.167    -4.167  [         0]
 131   Random      -3.881    -3.881  [         0]
 132   Random      -4.264    -4.264  [         0]
 133   Random      -3.842    -3.842  [         0]
 134   Random      -4.203    -4.203  [         0]
 135   Random      -4.222    -4.222  [         0]
 136   Random      -4.229    -4.229  [         0]
 137 Permutate     -4.225    -4.229  [        67]
 138 Permutate     -4.269    -4.269  [        92]
 139 Permutate     -4.200    -4.214  [        80]
 140 Permutate     -4.245    -4.253  [       101]
 141 softmutate    -4.124    -4.223  [       102]
 142 softmutate    -4.243    -4.288  [       105]
 143 softmutate    -4.139    -4.256  [        89]
 144 softmutate    -4.223    -4.233  [        65]
 145 softmutate    -4.270    -4.288  [       105]
 146 softmutate    -4.074    -4.250  [        94]
 147 softmutate    -4.244    -4.223  [       102]
 148 softmutate    -4.062    -4.223  [       102]
 149 Transmutate   -4.263    -4.296  [        85]
 150 Transmutate   -4.237    -4.282  [       106]
 151 Transmutate   -4.274    -4.253  [       101]
 152 Transmutate   -4.265    -4.233  [        65]
 153 keptBest      -4.296    -4.296  [        85]
 154 keptBest      -4.288    -4.288  [       105]
 155 keptBest      -4.282    -4.282  [       106]
 156 keptBest      -4.272    -4.272  [        73]
