-100.879
-101.315
-99.419
-96.503
-96.777
-100.394
-99.097
-99.016
-100.564
-100.319
-96.601
-96.645
-101.858
-98.923
-100.761
-101.144
-100.557
-100.208
-100.442
-97.517
-99.357
-99.409
-99.476
-100.450
-100.817
-98.542
-100.710
-93.245
-100.526
-98.511
-98.367
-99.547
-98.500
-98.071
-99.819
-99.098
-99.903
-98.744
-100.742
-99.561
-99.927
-98.033
-99.001
-99.901
-99.000
-100.656
-95.852
-101.369
-102.510
-98.074
-94.135
-94.873
-95.633
-95.241
-100.896
-99.111
-101.978
-99.918
-101.753
-100.009
-100.262
-100.002
-100.011
-100.405
-101.420
-100.780
-101.588
-100.272
-100.967
-99.690
-100.501
-100.456
-101.394
-101.041
-99.645
-100.056
-99.934
-101.016
-100.774
-100.591
-99.943
-99.904
-99.121
-101.661
-100.583
-98.536
-101.017
-101.367
-98.046
-100.448
-101.189
-103.238
-100.899
-97.250
-100.884
-100.731
-100.693
-100.683
-102.517
-98.867
-99.555
-101.851
-99.244
-101.162
-102.510
-101.858
-101.369
-101.315
-100.879
-100.761
-100.742
-100.656
-101.141
-100.858
-101.831
-99.370
-100.011
-101.354
-101.159
-100.138
-102.008
-101.768
-101.561
-100.739
-99.408
-100.101
-100.992
-100.330
-100.914
-99.543
-102.332
-100.692
-100.383
-101.449
-100.926
-100.694
-101.269
-101.986
-100.253
-99.816
-96.308
-100.145
-97.796
-99.625
-103.309
-100.768
-101.413
-101.976
-101.400
-101.961
-101.744
-99.670
-98.915
-100.232
-103.352
-99.919
-101.860
-101.564
-100.655
-101.578
-101.838
-100.804
-103.238
-101.978
-101.661
-101.394
-101.369
-101.315
-100.899
-100.742
