  ID   Compositions    Enthalpies    Volumes    fitness  SYMM
                       (eV/atom)    (A^3/atom)    ()         
 155  [     4 24  ]     -3.6911     27.6861   -103.3519     0
  99  [     4 24  ]     -3.6613     28.5178   -102.5171     0
 131  [     4 24  ]     -3.6547     22.0464   -102.3322     0
 121  [     4 24  ]     -3.6431     27.2982   -102.0075     0
 138  [     4 24  ]     -3.6424     28.3316   -101.9863     0
  57  [     4 24  ]     -3.6421     19.4462   -101.9775     0
 148  [     4 24  ]     -3.6420     19.5558   -101.9757     0
 150  [     4 24  ]     -3.6415     19.6458   -101.9608     0
 157  [     4 24  ]     -3.6378     23.9148   -101.8596     0
 161  [     4 24  ]     -3.6371     22.2866   -101.8385     0
 115  [     4 24  ]     -3.6368     31.4614   -101.8309     0
 122  [     4 24  ]     -3.6346     22.2471   -101.7678     0
  59  [     4 24  ]     -3.6341     22.7476   -101.7535     0
  84  [     4 24  ]     -3.6307     15.7348   -101.6609     0
  67  [     4 24  ]     -3.6281     28.8372   -101.5881     0
 123  [     4 24  ]     -3.6272     27.2324   -101.5613     0
 134  [     4 24  ]     -3.6232     31.7309   -101.4493     0
  65  [     4 24  ]     -3.6222     25.0991   -101.4205     0
 147  [     4 24  ]     -3.6219     25.0824   -101.4125     0
 149  [     4 24  ]     -3.6214     25.2032   -101.4004     0
  73  [     4 24  ]     -3.6212     26.3067   -101.3941     0
  48  [     4 24  ]     -3.6203     25.8289   -101.3687     0
  88  [     4 24  ]     -3.6202     25.2004   -101.3669     0
 118  [     4 24  ]     -3.6198     30.8871   -101.3539     0
   2  [     4 24  ]     -3.6184     20.7566   -101.3155     0
 137  [     4 24  ]     -3.6167     28.6010   -101.2687     0
  91  [     4 24  ]     -3.6139     31.4602   -101.1892     0
 104  [     4 24  ]     -3.6129     15.8803   -101.1621     0
 119  [     4 24  ]     -3.6128     20.8005   -101.1585     0
  16  [     4 24  ]     -3.6123     13.9520   -101.1442     0
 113  [     4 24  ]     -3.6122     29.0739   -101.1406     0
  74  [     4 24  ]     -3.6086     26.3529   -101.0410     0
  87  [     4 24  ]     -3.6078     30.5682   -101.0171     0
  78  [     4 24  ]     -3.6077     25.0186   -101.0161     0
 127  [     4 24  ]     -3.6069     24.7233   -100.9924     0
  69  [     4 24  ]     -3.6059     24.0049   -100.9665     0
 135  [     4 24  ]     -3.6045     24.1139   -100.9263     0
 129  [     4 24  ]     -3.6041     24.3983   -100.9139     0
  93  [     4 24  ]     -3.6035     26.9100   -100.8987     0
  55  [     4 24  ]     -3.6034     26.1637   -100.8960     0
  95  [     4 24  ]     -3.6030     26.7604   -100.8835     0
   1  [     4 24  ]     -3.6028     26.7286   -100.8791     0
 114  [     4 24  ]     -3.6021     22.6371   -100.8575     0
  25  [     4 24  ]     -3.6006     23.5144   -100.8174     0
 162  [     4 24  ]     -3.6001     22.2465   -100.8037     0
  66  [     4 24  ]     -3.5993     22.3982   -100.7796     0
  79  [     4 24  ]     -3.5991     23.2400   -100.7744     0
 146  [     4 24  ]     -3.5988     32.3042   -100.7675     0
  15  [     4 24  ]     -3.5986     18.8704   -100.7608     0
  39  [     4 24  ]     -3.5979     20.1633   -100.7424     0
