Gen   ID    Origin   Composition    Enthalpy   Volume  Density   Fitness   KPOINTS  SYMM  Q_entr A_order S_order
                                      (eV)     (A^3)  (g/cm^3)
  1    1   Random    [     4 24  ]  -100.879   748.400   3.526   -100.879 [ 1  1  1]   0  0.243  0.014  0.003
  1    2   Random    [     4 24  ]  -101.315   581.185   4.540   -101.315 [ 1  1  1]   0  0.198  0.025  0.006
  1    3   Random    [     4 24  ]   -99.419   587.726   4.490    -99.419 [ 1  1  1]   0  0.211  0.017  0.004
  1    4   Random    [     4 24  ]   -96.503   427.918   6.167    -96.503 [ 1  1  1]   0  0.179  0.035  0.010
  1    5   Random    [     4 24  ]   -96.777   491.363   5.370    -96.777 [ 1  1  1]   0  0.240  0.028  0.007
  1    6   Random    [     4 24  ]  -100.394   662.303   3.984   -100.394 [ 1  1  1]   0  0.266  0.019  0.004
  1    7   Random    [     4 24  ]   -99.097   526.123   5.015    -99.097 [ 1  1  1]   0  0.272  0.016  0.003
  1    8   Random    [     4 24  ]   -99.016  1112.522   2.372    -99.016 [ 1  1  1]   0  0.205  0.014  0.003
  1    9   Random    [     4 24  ]  -100.564   681.246   3.873   -100.564 [ 1  1  1]   0  0.286  0.021  0.004
  1   10   Random    [     4 24  ]  -100.319   415.108   6.357   -100.319 [ 1  1  1]   0  0.213  0.022  0.006
  1   11   Random    [     4 24  ]   -96.601   365.290   7.224    -96.601 [ 1  1  1]   0  0.221  0.032  0.008
  1   12   Random    [     4 24  ]   -96.645  1184.101   2.228    -96.645 [ 1  1  1]   0  0.192  0.022  0.006
  1   13   Random    [     4 24  ]  -101.858   651.133   4.053   -101.858 [ 1  1  1]   0  0.242  0.022  0.005
  1   14   Random    [     4 24  ]   -98.923   516.911   5.105    -98.923 [ 1  1  1]   0  0.212  0.022  0.005
  1   15   Random    [     4 24  ]  -100.761   528.370   4.994   -100.761 [ 1  1  1]   0  0.212  0.017  0.004
  1   16   Random    [     4 24  ]  -101.144   390.656   6.755   -101.144 [ 1  1  1]   0  0.216  0.021  0.005
  1   17   Random    [     4 24  ]  -100.557   404.599   6.522   -100.557 [ 1  1  1]   0  0.210  0.024  0.006
  1   18   Random    [     4 24  ]  -100.208   493.746   5.344   -100.208 [ 1  1  1]   0  0.216  0.020  0.005
  1   19   Random    [     4 24  ]  -100.442   546.978   4.824   -100.442 [ 1  1  1]   0  0.216  0.024  0.006
  1   20   Random    [     4 24  ]   -97.517   649.712   4.061    -97.517 [ 1  1  1]   0  0.173  0.020  0.005
  1   21   Random    [     4 24  ]   -99.357   550.809   4.791    -99.357 [ 1  1  1]   0  0.206  0.036  0.010
  1   22   Random    [     4 24  ]   -99.409   290.109   9.096    -99.409 [ 1  1  1]   0  0.185  0.023  0.006
  1   23   Random    [     4 24  ]   -99.476   409.956   6.437    -99.476 [ 1  1  1]   0  0.220  0.026  0.006
  1   24   Random    [     4 24  ]  -100.450   515.465   5.119   -100.450 [ 1  1  1]   0  0.247  0.018  0.004
  1   25   Random    [     4 24  ]  -100.817   658.404   4.008   -100.817 [ 1  1  1]   0  0.195  0.018  0.004
  1   26   Random    [     4 24  ]   -98.542   451.312   5.847    -98.542 [ 1  1  1]   0  0.253  0.022  0.005
  1   27   Random    [     4 24  ]  -100.710   467.181   5.648   -100.710 [ 1  1  1]   0  0.160  0.022  0.006
  1   28   Random    [     4 24  ]   -93.245   669.262   3.943    -93.245 [ 1  1  1]   0  0.203  0.034  0.010
  1   29   Random    [     4 24  ]  -100.526   821.212   3.213   -100.526 [ 1  1  1]   0  0.173  0.014  0.004
  1   30   Random    [     4 24  ]   -98.511   648.846   4.067    -98.511 [ 1  1  1]   0  0.179  0.022  0.006
  1   31   Random    [     4 24  ]   -98.367   471.184   5.600    -98.367 [ 1  1  1]   0  0.229  0.029  0.006
  1   32   Random    [     4 24  ]   -99.547   426.915   6.181    -99.547 [ 1  1  1]   0  0.180  0.019  0.005
  1   33   Random    [     4 24  ]   -98.500   538.231   4.903    -98.500 [ 1  1  1]   0  0.179  0.025  0.007
  1   34   Random    [     4 24  ]   -98.071   568.718   4.640    -98.071 [ 1  1  1]   0  0.278  0.024  0.005
  1   35   Random    [     4 24  ]   -99.819   499.870   5.279    -99.819 [ 1  1  1]   0  0.212  0.020  0.005
  1   36   Random    [     4 24  ]   -99.098   611.783   4.313    -99.098 [ 1  1  1]   0  0.208  0.021  0.005
  1   37   Random    [     4 24  ]   -99.903   986.873   2.674    -99.903 [ 1  1  1]   0  0.130  0.011  0.003
  1   38   Random    [     4 24  ]   -98.744   650.530   4.056    -98.744 [ 1  1  1]   0  0.224  0.027  0.006
  1   39   Random    [     4 24  ]  -100.742   564.572   4.674   -100.742 [ 1  1  1]   0  0.201  0.015  0.003
  1   40   Random    [     4 24  ]   -99.561   790.970   3.336    -99.561 [ 1  1  1]   0  0.179  0.017  0.004
  1   41   Random    [     4 24  ]   -99.927   608.865   4.334    -99.927 [ 1  1  1]   0  0.228  0.024  0.005
  1   42   Random    [     4 24  ]   -98.033  1082.832   2.437    -98.033 [ 1  1  1]   0  0.173  0.011  0.002
  1   43   Random    [     4 24  ]   -99.001   514.365   5.130    -99.001 [ 1  1  1]   0  0.201  0.025  0.006
  1   44   Random    [     4 24  ]   -99.901   466.986   5.651    -99.901 [ 1  1  1]   0  0.230  0.023  0.005
  1   45   Random    [     4 24  ]   -99.000   314.893   8.380    -99.000 [ 1  1  1]   0  0.190  0.026  0.007
  1   46   Random    [     4 24  ]  -100.656   876.868   3.009   -100.656 [ 1  1  1]   0  0.201  0.021  0.005
  1   47   Random    [     4 24  ]   -95.852   946.365   2.788    -95.852 [ 1  1  1]   0  0.309  0.014  0.003
  1   48   Random    [     4 24  ]  -101.369   723.208   3.649   -101.369 [ 1  1  1]   0  0.198  0.016  0.004
  1   49   Random    [     4 24  ]  -102.510   700.716   3.766   -102.510 [ 1  1  1]   0  0.176  0.033  0.009
  1   50   Random    [     4 24  ]   -98.074   488.769   5.399    -98.074 [ 1  1  1]   0  0.175  0.036  0.009
  1   51   Seeds     [     4 24  ]   -94.135  2580.890   1.022    -94.135 [ 1  1  1]   0  0.197  0.059  0.014
  1   52   Seeds     [     4 24  ]   -94.873  2304.974   1.145    -94.873 [ 1  1  1]   0  0.205  0.018  0.005
  1   53   Seeds     [     4 24  ]   -95.633  1043.072   2.530    -95.633 [ 1  1  1]   0  0.074  0.018  0.007
  1   54   Seeds     [     4 24  ]   -95.241  1337.484   1.973    -95.241 [ 1  1  1]   0  0.096  0.008  0.003
  2   55 Heredity    [     4 24  ]  -100.896   732.585   3.602   -100.896 [ 1  1  1]   0  0.287  0.016  0.003
  2   56 Heredity    [     4 24  ]   -99.111   832.978   3.168    -99.111 [ 1  1  1]   0  0.294  0.018  0.003
  2   57 Heredity    [     4 24  ]  -101.978   544.494   4.846   -101.978 [ 1  1  1]   0  0.309  0.021  0.003
  2   58 Heredity    [     4 24  ]   -99.918   644.859   4.092    -99.918 [ 1  1  1]   0  0.297  0.020  0.004
  2   59 Heredity    [     4 24  ]  -101.753   636.933   4.143   -101.753 [ 1  1  1]   0  0.294  0.022  0.004
  2   60 Heredity    [     4 24  ]  -100.009   607.005   4.347   -100.009 [ 1  1  1]   0  0.275  0.017  0.003
  2   61 Heredity    [     4 24  ]  -100.262   547.815   4.817   -100.262 [ 1  1  1]   0  0.270  0.018  0.004
  2   62 Heredity    [     4 24  ]  -100.002   810.120   3.257   -100.002 [ 1  1  1]   0  0.298  0.015  0.003
  2   63 Heredity    [     4 24  ]  -100.011   569.288   4.635   -100.011 [ 1  1  1]   0  0.283  0.015  0.003
  2   64 Heredity    [     4 24  ]  -100.405   629.499   4.192   -100.405 [ 1  1  1]   0  0.274  0.018  0.004
  2   65 Heredity    [     4 24  ]  -101.420   702.775   3.755   -101.420 [ 1  1  1]   0  0.289  0.022  0.004
  2   66 Heredity    [     4 24  ]  -100.780   627.150   4.208   -100.780 [ 1  1  1]   0  0.295  0.017  0.003
  2   67 Heredity    [     4 24  ]  -101.588   807.442   3.268   -101.588 [ 1  1  1]   0  0.309  0.019  0.003
  2   68 Heredity    [     4 24  ]  -100.272   497.679   5.302   -100.272 [ 1  1  1]   0  0.304  0.020  0.003
  2   69 Heredity    [     4 24  ]  -100.967   672.138   3.926   -100.967 [ 1  1  1]   0  0.292  0.023  0.004
  2   70 Heredity    [     4 24  ]   -99.690   824.648   3.200    -99.690 [ 1  1  1]   0  0.300  0.021  0.004
  2   71 Heredity    [     4 24  ]  -100.501   779.665   3.384   -100.501 [ 1  1  1]   0  0.302  0.018  0.003
  2   72 Heredity    [     4 24  ]  -100.456   685.254   3.851   -100.456 [ 1  1  1]   0  0.308  0.017  0.003
  2   73 Heredity    [     4 24  ]  -101.394   736.587   3.582   -101.394 [ 1  1  1]   0  0.282  0.017  0.003
  2   74 Heredity    [     4 24  ]  -101.041   737.882   3.576   -101.041 [ 1  1  1]   0  0.273  0.013  0.003
  2   75 Heredity    [     4 24  ]   -99.645   547.967   4.816    -99.645 [ 1  1  1]   0  0.289  0.020  0.004
  2   76 Heredity    [     4 24  ]  -100.056   533.927   4.942   -100.056 [ 1  1  1]   0  0.281  0.023  0.005
  2   77 Heredity    [     4 24  ]   -99.934   560.408   4.709    -99.934 [ 1  1  1]   0  0.289  0.019  0.003
  2   78 Heredity    [     4 24  ]  -101.016   700.520   3.767   -101.016 [ 1  1  1]   0  0.286  0.013  0.002
  2   79 Heredity    [     4 24  ]  -100.774   650.720   4.055   -100.774 [ 1  1  1]   0  0.296  0.019  0.003
  2   80   Random    [     4 24  ]  -100.591   612.691   4.307   -100.591 [ 1  1  1]   0  0.229  0.013  0.003
  2   81   Random    [     4 24  ]   -99.943   548.562   4.810    -99.943 [ 1  1  1]   0  0.214  0.018  0.004
  2   82   Random    [     4 24  ]   -99.904   943.709   2.796    -99.904 [ 1  1  1]   0  0.323  0.014  0.002
  2   83   Random    [     4 24  ]   -99.121   680.668   3.877    -99.121 [ 1  1  1]   0  0.209  0.022  0.005
  2   84   Random    [     4 24  ]  -101.661   440.573   5.989   -101.661 [ 1  1  1]   0  0.222  0.027  0.006
  2   85   Random    [     4 24  ]  -100.583   674.819   3.910   -100.583 [ 1  1  1]   0  0.236  0.021  0.005
  2   86   Random    [     4 24  ]   -98.536   513.989   5.134    -98.536 [ 1  1  1]   0  0.210  0.021  0.005
  2   87   Random    [     4 24  ]  -101.017   855.908   3.083   -101.017 [ 1  1  1]   0  0.194  0.011  0.002
  2   88 softmutate  [     4 24  ]  -101.367   705.611   3.740   -101.367 [ 1  1  1]   0  0.208  0.016  0.004
  2   89 softmutate  [     4 24  ]   -98.046  2836.738   0.930    -98.046 [ 1  1  1]   0  0.234  0.011  0.002
  2   90 softmutate  [     4 24  ]  -100.448   520.088   5.074   -100.448 [ 1  1  1]   0  0.253  0.018  0.004
  2   91 softmutate  [     4 24  ]  -101.189   880.887   2.996   -101.189 [ 1  1  1]   0  0.255  0.018  0.004
  2   92 softmutate  [     4 24  ]  -103.238   789.405   3.343   -103.238 [ 1  1  1]   0  0.223  0.030  0.008
  2   93 softmutate  [     4 24  ]  -100.899   753.480   3.502   -100.899 [ 1  1  1]   0  0.244  0.014  0.003
  2   94 softmutate  [     4 24  ]   -97.250  1098.209   2.403    -97.250 [ 1  1  1]   0  0.254  0.019  0.004
  2   95 softmutate  [     4 24  ]  -100.884   749.291   3.522   -100.884 [ 1  1  1]   0  0.256  0.014  0.003
  2   96 softmutate  [     4 24  ]  -100.731   606.815   4.349   -100.731 [ 1  1  1]   0  0.266  0.015  0.003
  2   97 softmutate  [     4 24  ]  -100.693   468.443   5.633   -100.693 [ 1  1  1]   0  0.218  0.022  0.005
  2   98 softmutate  [     4 24  ]  -100.683   468.349   5.634   -100.683 [ 1  1  1]   0  0.226  0.022  0.005
  2   99 softmutate  [     4 24  ]  -102.517   798.499   3.305   -102.517 [ 1  1  1]   0  0.197  0.032  0.008
  2  100 softmutate  [     4 24  ]   -98.867   610.981   4.319    -98.867 [ 1  1  1]   0  0.269  0.019  0.004
  2  101 softmutate  [     4 24  ]   -99.555   371.552   7.102    -99.555 [ 1  1  1]   0  0.231  0.019  0.005
  2  102 softmutate  [     4 24  ]  -101.851   659.447   4.001   -101.851 [ 1  1  1]   0  0.245  0.021  0.005
  2  103 softmutate  [     4 24  ]   -99.244  1322.398   1.995    -99.244 [ 1  1  1]   0  0.297  0.015  0.002
  2  104 softmutate  [     4 24  ]  -101.162   444.648   5.935   -101.162 [ 1  1  1]   0  0.248  0.021  0.005
  2  105 keptBest    [     4 24  ]  -102.510   700.716   3.766   -102.510 [ 1  1  1]   0  0.176  0.033  0.009
  2  106 keptBest    [     4 24  ]  -101.858   651.133   4.053   -101.858 [ 1  1  1]   0  0.242  0.022  0.005
  2  107 keptBest    [     4 24  ]  -101.369   723.208   3.649   -101.369 [ 1  1  1]   0  0.198  0.016  0.004
  2  108 keptBest    [     4 24  ]  -101.315   581.185   4.540   -101.315 [ 1  1  1]   0  0.198  0.025  0.006
  2  109 keptBest    [     4 24  ]  -100.879   748.400   3.526   -100.879 [ 1  1  1]   0  0.243  0.014  0.003
  2  110 keptBest    [     4 24  ]  -100.761   528.370   4.994   -100.761 [ 1  1  1]   0  0.212  0.017  0.004
  2  111 keptBest    [     4 24  ]  -100.742   564.572   4.674   -100.742 [ 1  1  1]   0  0.201  0.015  0.003
  2  112 keptBest    [     4 24  ]  -100.656   876.868   3.009   -100.656 [ 1  1  1]   0  0.201  0.021  0.005
  3  113 Heredity    [     4 24  ]  -101.141   814.068   3.241   -101.141 [ 1  1  1]   0  0.296  0.015  0.003
  3  114 Heredity    [     4 24  ]  -100.858   633.838   4.163   -100.858 [ 1  1  1]   0  0.284  0.014  0.003
  3  115 Heredity    [     4 24  ]  -101.831   880.918   2.995   -101.831 [ 1  1  1]   0  0.306  0.016  0.003
  3  116 Heredity    [     4 24  ]   -99.370   596.771   4.422    -99.370 [ 1  1  1]   0  0.268  0.021  0.005
  3  117 Heredity    [     4 24  ]  -100.011   858.556   3.073   -100.011 [ 1  1  1]   0  0.288  0.015  0.003
  3  118 Heredity    [     4 24  ]  -101.354   864.838   3.051   -101.354 [ 1  1  1]   0  0.298  0.016  0.003
  3  119 Heredity    [     4 24  ]  -101.159   582.414   4.531   -101.159 [ 1  1  1]   0  0.297  0.016  0.003
  3  120 Heredity    [     4 24  ]  -100.138   700.567   3.767   -100.138 [ 1  1  1]   0  0.277  0.024  0.005
  3  121 Heredity    [     4 24  ]  -102.008   764.350   3.452   -102.008 [ 1  1  1]   0  0.299  0.023  0.004
  3  122 Heredity    [     4 24  ]  -101.768   622.918   4.236   -101.768 [ 1  1  1]   0  0.308  0.022  0.004
  3  123 Heredity    [     4 24  ]  -101.561   762.507   3.461   -101.561 [ 1  1  1]   0  0.305  0.017  0.003
  3  124 Heredity    [     4 24  ]  -100.739   742.279   3.555   -100.739 [ 1  1  1]   0  0.293  0.015  0.002
  3  125 Heredity    [     4 24  ]   -99.408   801.858   3.291    -99.408 [ 1  1  1]   0  0.281  0.018  0.004
  3  126 Heredity    [     4 24  ]  -100.101   600.364   4.395   -100.101 [ 1  1  1]   0  0.279  0.023  0.005
  3  127 Heredity    [     4 24  ]  -100.992   692.253   3.812   -100.992 [ 1  1  1]   0  0.282  0.022  0.004
  3  128 Heredity    [     4 24  ]  -100.330   722.878   3.650   -100.330 [ 1  1  1]   0  0.291  0.022  0.004
  3  129 Heredity    [     4 24  ]  -100.914   683.153   3.863   -100.914 [ 1  1  1]   0  0.280  0.025  0.005
  3  130 Heredity    [     4 24  ]   -99.543   713.954   3.696    -99.543 [ 1  1  1]   0  0.294  0.019  0.003
  3  131 Heredity    [     4 24  ]  -102.332   617.299   4.275   -102.332 [ 1  1  1]   0  0.297  0.025  0.005
  3  132 Heredity    [     4 24  ]  -100.692   974.705   2.707   -100.692 [ 1  1  1]   0  0.261  0.022  0.005
  3  133 Heredity    [     4 24  ]  -100.383   740.629   3.563   -100.383 [ 1  1  1]   0  0.287  0.023  0.004
  3  134 Heredity    [     4 24  ]  -101.449   888.465   2.970   -101.449 [ 1  1  1]   0  0.317  0.017  0.002
  3  135 Heredity    [     4 24  ]  -100.926   675.190   3.908   -100.926 [ 1  1  1]   0  0.314  0.016  0.002
  3  136 Heredity    [     4 24  ]  -100.694   657.290   4.015   -100.694 [ 1  1  1]   0  0.291  0.016  0.003
  3  137 Heredity    [     4 24  ]  -101.269   800.829   3.295   -101.269 [ 1  1  1]   0  0.306  0.018  0.003
  3  138 Heredity    [     4 24  ]  -101.986   793.284   3.326   -101.986 [ 1  1  1]   0  0.311  0.016  0.003
  3  139 Heredity    [     4 24  ]  -100.253   557.719   4.731   -100.253 [ 1  1  1]   0  0.245  0.020  0.004
  3  140   Random    [     4 24  ]   -99.816  1030.245   2.561    -99.816 [ 1  1  1]   0  0.175  0.011  0.003
  3  141   Random    [     4 24  ]   -96.308   508.096   5.193    -96.308 [ 1  1  1]   0  0.226  0.027  0.007
  3  142   Random    [     4 24  ]  -100.145   386.361   6.830   -100.145 [ 1  1  1]   0  0.185  0.021  0.006
  3  143   Random    [     4 24  ]   -97.796   529.082   4.987    -97.796 [ 1  1  1]   0  0.235  0.028  0.006
  3  144   Random    [     4 24  ]   -99.625   660.847   3.993    -99.625 [ 1  1  1]   0  0.225  0.022  0.005
  3  145 softmutate  [     4 24  ]  -103.309   733.712   3.596   -103.309 [ 1  1  1]   0  0.237  0.029  0.008
  3  146 softmutate  [     4 24  ]  -100.768   904.517   2.917   -100.768 [ 1  1  1]   0  0.296  0.015  0.003
  3  147 softmutate  [     4 24  ]  -101.413   702.308   3.757   -101.413 [ 1  1  1]   0  0.299  0.021  0.004
  3  148 softmutate  [     4 24  ]  -101.976   547.564   4.819   -101.976 [ 1  1  1]   0  0.312  0.021  0.003
  3  149 softmutate  [     4 24  ]  -101.400   705.691   3.739   -101.400 [ 1  1  1]   0  0.290  0.021  0.004
  3  150 softmutate  [     4 24  ]  -101.961   550.082   4.797   -101.961 [ 1  1  1]   0  0.308  0.020  0.003
  3  151 softmutate  [     4 24  ]  -101.744   633.062   4.168   -101.744 [ 1  1  1]   0  0.294  0.022  0.004
  3  152 softmutate  [     4 24  ]   -99.670   907.668   2.907    -99.670 [ 1  1  1]   0  0.230  0.011  0.002
  3  153 softmutate  [     4 24  ]   -98.915  1057.567   2.495    -98.915 [ 1  1  1]   0  0.249  0.014  0.003
  3  154 softmutate  [     4 24  ]  -100.232   772.454   3.416   -100.232 [ 1  1  1]   0  0.209  0.014  0.003
  3  155 softmutate  [     4 24  ]  -103.352   775.211   3.404   -103.352 [ 1  1  1]   0  0.225  0.030  0.008
  3  156 softmutate  [     4 24  ]   -99.919   922.203   2.861    -99.919 [ 1  1  1]   0  0.271  0.013  0.002
  3  157 softmutate  [     4 24  ]  -101.860   669.615   3.941   -101.860 [ 1  1  1]   0  0.247  0.021  0.005
  3  158 softmutate  [     4 24  ]  -101.564   461.295   5.720   -101.564 [ 1  1  1]   0  0.229  0.027  0.006
  3  159 softmutate  [     4 24  ]  -100.655   763.242   3.457   -100.655 [ 1  1  1]   0  0.292  0.025  0.005
  3  160 softmutate  [     4 24  ]  -101.578   811.474   3.252   -101.578 [ 1  1  1]   0  0.309  0.019  0.003
  3  161 softmutate  [     4 24  ]  -101.838   624.024   4.229   -101.838 [ 1  1  1]   0  0.286  0.024  0.005
  3  162 softmutate  [     4 24  ]  -100.804   622.902   4.236   -100.804 [ 1  1  1]   0  0.298  0.017  0.003
  3  163 keptBest    [     4 24  ]  -103.238   789.405   3.343   -103.238 [ 1  1  1]   0  0.223  0.030  0.008
  3  164 keptBest    [     4 24  ]  -101.978   544.494   4.846   -101.978 [ 1  1  1]   0  0.309  0.021  0.003
  3  165 keptBest    [     4 24  ]  -101.661   440.573   5.989   -101.661 [ 1  1  1]   0  0.222  0.027  0.006
  3  166 keptBest    [     4 24  ]  -101.394   736.587   3.582   -101.394 [ 1  1  1]   0  0.282  0.017  0.003
  3  167 keptBest    [     4 24  ]  -101.369   723.208   3.649   -101.369 [ 1  1  1]   0  0.198  0.016  0.004
  3  168 keptBest    [     4 24  ]  -101.315   581.185   4.540   -101.315 [ 1  1  1]   0  0.198  0.025  0.006
  3  169 keptBest    [     4 24  ]  -100.899   753.480   3.502   -100.899 [ 1  1  1]   0  0.244  0.014  0.003
  3  170 keptBest    [     4 24  ]  -100.742   564.572   4.674   -100.742 [ 1  1  1]   0  0.201  0.015  0.003
