 ID    Origin    Enthalpy   Parent-E   Parent-ID
   1   Random      -3.603    -3.603  [         0]
   2   Random      -3.618    -3.618  [         0]
   3   Random      -3.551    -3.551  [         0]
   4   Random      -3.447    -3.447  [         0]
   5   Random      -3.456    -3.456  [         0]
   6   Random      -3.586    -3.586  [         0]
   7   Random      -3.539    -3.539  [         0]
   8   Random      -3.536    -3.536  [         0]
   9   Random      -3.592    -3.592  [         0]
  10   Random      -3.583    -3.583  [         0]
  11   Random      -3.450    -3.450  [         0]
  12   Random      -3.452    -3.452  [         0]
  13   Random      -3.638    -3.638  [         0]
  14   Random      -3.533    -3.533  [         0]
  15   Random      -3.599    -3.599  [         0]
  16   Random      -3.612    -3.612  [         0]
  17   Random      -3.591    -3.591  [         0]
  18   Random      -3.579    -3.579  [         0]
  19   Random      -3.587    -3.587  [         0]
  20   Random      -3.483    -3.483  [         0]
  21   Random      -3.548    -3.548  [         0]
  22   Random      -3.550    -3.550  [         0]
  23   Random      -3.553    -3.553  [         0]
  24   Random      -3.588    -3.588  [         0]
  25   Random      -3.601    -3.601  [         0]
  26   Random      -3.519    -3.519  [         0]
  27   Random      -3.597    -3.597  [         0]
  28   Random      -3.330    -3.330  [         0]
  29   Random      -3.590    -3.590  [         0]
  30   Random      -3.518    -3.518  [         0]
  31   Random      -3.513    -3.513  [         0]
  32   Random      -3.555    -3.555  [         0]
  33   Random      -3.518    -3.518  [         0]
  34   Random      -3.503    -3.503  [         0]
  35   Random      -3.565    -3.565  [         0]
  36   Random      -3.539    -3.539  [         0]
  37   Random      -3.568    -3.568  [         0]
  38   Random      -3.527    -3.527  [         0]
  39   Random      -3.598    -3.598  [         0]
  40   Random      -3.556    -3.556  [         0]
  41   Random      -3.569    -3.569  [         0]
  42   Random      -3.501    -3.501  [         0]
  43   Random      -3.536    -3.536  [         0]
  44   Random      -3.568    -3.568  [         0]
  45   Random      -3.536    -3.536  [         0]
  46   Random      -3.595    -3.595  [         0]
  47   Random      -3.423    -3.423  [         0]
  48   Random      -3.620    -3.620  [         0]
  49   Random      -3.661    -3.661  [         0]
  50   Random      -3.503    -3.503  [         0]
  51   Seeds       -3.362    [          ]
  52   Seeds       -3.388    [          ]
  53   Seeds       -3.415    [          ]
  54   Seeds       -3.401    [          ]
  55 Heredity      -3.603    -3.583  [    41  39]
  56 Heredity      -3.540    -3.598  [    25  46]
  57 Heredity      -3.642    -3.625  [    16  13]
  58 Heredity      -3.569    -3.611  [      2  1]
  59 Heredity      -3.634    -3.613  [    24  13]
  60 Heredity      -3.572    -3.594  [    29  15]
  61 Heredity      -3.581    -3.610  [     2  25]
  62 Heredity      -3.571    -3.600  [    39   1]
  63 Heredity      -3.572    -3.591  [    29  17]
  64 Heredity      -3.586    -3.581  [    27  35]
  65 Heredity      -3.622    -3.617  [    27  13]
  66 Heredity      -3.599    -3.587  [     6  24]
  67 Heredity      -3.628    -3.628  [    13   2]
  68 Heredity      -3.581    -3.585  [    24  10]
  69 Heredity      -3.606    -3.649  [    49  13]
  70 Heredity      -3.560    -3.628  [    49  46]
  71 Heredity      -3.589    -3.573  [     3  46]
  72 Heredity      -3.588    -3.594  [    25  24]
  73 Heredity      -3.621    -3.604  [    29   2]
  74 Heredity      -3.609    -3.594  [    37  48]
  75 Heredity      -3.559    -3.580  [    41  17]
  76 Heredity      -3.573    -3.637  [    16  49]
  77 Heredity      -3.569    -3.595  [    15  17]
  78 Heredity      -3.608    -3.597  [    29   1]
  79 Heredity      -3.599    -3.613  [    24  13]
  80   Random      -3.593    -3.593  [         0]
  81   Random      -3.569    -3.569  [         0]
  82   Random      -3.568    -3.568  [         0]
  83   Random      -3.540    -3.540  [         0]
  84   Random      -3.631    -3.631  [         0]
  85   Random      -3.592    -3.592  [         0]
  86   Random      -3.519    -3.519  [         0]
  87   Random      -3.608    -3.608  [         0]
  88 softmutate    -3.620    -3.620  [        48]
  89 softmutate    -3.502    -3.612  [        16]
  90 softmutate    -3.587    -3.588  [        24]
  91 softmutate    -3.614    -3.638  [        13]
  92 softmutate    -3.687    -3.661  [        49]
  93 softmutate    -3.604    -3.603  [         1]
  94 softmutate    -3.473    -3.583  [        10]
  95 softmutate    -3.603    -3.603  [         1]
  96 softmutate    -3.598    -3.598  [        39]
  97 softmutate    -3.596    -3.597  [        27]
  98 softmutate    -3.596    -3.597  [        27]
  99 softmutate    -3.661    -3.661  [        49]
 100 softmutate    -3.531    -3.569  [        41]
 101 softmutate    -3.556    -3.555  [        32]
 102 softmutate    -3.638    -3.638  [        13]
 103 softmutate    -3.544    -3.568  [        37]
 104 softmutate    -3.613    -3.612  [        16]
 105 keptBest      -3.661    -3.661  [        49]
 106 keptBest      -3.638    -3.638  [        13]
 107 keptBest      -3.620    -3.620  [        48]
 108 keptBest      -3.618    -3.618  [         2]
 109 keptBest      -3.603    -3.603  [         1]
 110 keptBest      -3.599    -3.599  [        15]
 111 keptBest      -3.598    -3.598  [        39]
 112 keptBest      -3.595    -3.595  [        46]
 113 Heredity      -3.612    -3.612  [  107   93]
 114 Heredity      -3.602    -3.614  [   74  107]
 115 Heredity      -3.637    -3.617  [    91  88]
 116 Heredity      -3.549    -3.653  [   92  108]
 117 Heredity      -3.572    -3.647  [    87  92]
 118 Heredity      -3.620    -3.623  [   87  106]
 119 Heredity      -3.613    -3.598  [  110  111]
 120 Heredity      -3.576    -3.642  [    65  99]
 121 Heredity      -3.643    -3.629  [    67  84]
 122 Heredity      -3.635    -3.632  [    84  59]
 123 Heredity      -3.627    -3.621  [    59  87]
 124 Heredity      -3.598    -3.612  [   88  109]
 125 Heredity      -3.550    -3.654  [   92  107]
 126 Heredity      -3.575    -3.661  [    92  59]
 127 Heredity      -3.607    -3.630  [  106   65]
 128 Heredity      -3.583    -3.636  [    84  57]
 129 Heredity      -3.604    -3.661  [    92  59]
 130 Heredity      -3.555    -3.665  [    57  92]
 131 Heredity      -3.655    -3.622  [  104   84]
 132 Heredity      -3.596    -3.647  [    69  92]
 133 Heredity      -3.585    -3.650  [   99  106]
 134 Heredity      -3.623    -3.616  [    67  93]
 135 Heredity      -3.605    -3.635  [    57  67]
 136 Heredity      -3.596    -3.614  [   74  108]
 137 Heredity      -3.617    -3.625  [    73  67]
 138 Heredity      -3.642    -3.617  [    91  88]
 139 Heredity      -3.580    -3.616  [  108  104]
 140   Random      -3.565    -3.565  [         0]
 141   Random      -3.440    -3.440  [         0]
 142   Random      -3.577    -3.577  [         0]
 143   Random      -3.493    -3.493  [         0]
 144   Random      -3.558    -3.558  [         0]
 145 softmutate    -3.690    -3.687  [        92]
 146 softmutate    -3.599    -3.621  [        73]
 147 softmutate    -3.622    -3.622  [        65]
 148 softmutate    -3.642    -3.642  [        57]
 149 softmutate    -3.621    -3.622  [        65]
 150 softmutate    -3.641    -3.642  [        57]
 151 softmutate    -3.634    -3.634  [        59]
 152 softmutate    -3.560    -3.638  [       106]
 153 softmutate    -3.533    -3.687  [        92]
 154 softmutate    -3.580    -3.618  [       108]
 155 softmutate    -3.691    -3.687  [        92]
 156 softmutate    -3.569    -3.620  [       107]
 157 softmutate    -3.638    -3.638  [       106]
 158 softmutate    -3.627    -3.631  [        84]
 159 softmutate    -3.595    -3.631  [        84]
 160 softmutate    -3.628    -3.628  [        67]
 161 softmutate    -3.637    -3.631  [        84]
 162 softmutate    -3.600    -3.599  [        66]
 163 keptBest      -3.687    -3.687  [        92]
 164 keptBest      -3.642    -3.642  [        57]
 165 keptBest      -3.631    -3.631  [        84]
 166 keptBest      -3.621    -3.621  [        73]
 167 keptBest      -3.620    -3.620  [       107]
 168 keptBest      -3.618    -3.618  [       108]
 169 keptBest      -3.604    -3.604  [        93]
 170 keptBest      -3.598    -3.598  [       111]
