-250.372
-239.728
-230.845
-230.119
-255.285
-237.550
-232.803
-238.539
-255.765
-235.670
-252.313
-246.863
-248.239
-236.268
-239.023
-240.504
-245.159
-242.534
-232.180
-247.012
-250.299
-242.738
-235.573
-237.424
-229.299
-239.686
-230.706
-247.518
-246.558
-249.043
-239.344
-249.524
-227.673
-236.050
-250.526
-229.846
-241.439
-236.530
-235.836
-246.831
-255.189
-257.553
-260.489
-259.970
-250.530
-250.831
-244.072
-246.579
-250.947
-238.889
-236.705
-243.513
-239.741
-242.118
-236.861
-231.463
-247.687
-240.260
-240.007
-236.734
-246.110
-247.257
-239.292
-242.763
-222.470
-238.124
-245.013
-246.486
-236.497
-246.459
-244.983
-244.226
-249.043
-249.043
-243.382
-242.721
-241.747
-233.799
-249.940
-244.749
-240.658
-235.085
-241.972
-234.563
-254.022
-252.089
-233.827
-250.814
-260.489
-259.970
-257.553
-255.765
-247.825
-241.592
-244.811
-239.838
-248.729
-232.554
-248.009
-246.991
-254.075
-236.396
-246.515
-236.951
-253.518
-242.568
-240.637
-249.645
-247.070
-239.393
-244.992
-243.712
-234.805
-243.743
-252.363
-241.360
-245.468
-238.608
-235.890
-241.799
-246.595
-249.059
-245.740
-230.768
-236.388
-240.711
-249.226
-235.916
-239.841
-239.318
-237.841
-247.079
-248.599
-251.854
-247.113
-255.333
-260.489
-259.970
-257.553
-255.765
