  ID   Compositions    Enthalpies    Volumes    fitness  SYMM
                       (eV/atom)    (A^3/atom)    ()         
  43  [    20 40  ]     -4.3415     19.5238   -260.4888     0
  44  [    20 40  ]     -4.3328     17.3172   -259.9701     0
  42  [    20 40  ]     -4.2925     25.8332   -257.5527     0
   9  [    20 40  ]     -4.2627     25.8673   -255.7646     0
 136  [    20 40  ]     -4.2555     25.8673   -255.3326     0
   5  [    20 40  ]     -4.2547     25.8673   -255.2845     0
  41  [    20 40  ]     -4.2532     17.6988   -255.1891     0
 101  [    20 40  ]     -4.2346     25.8673   -254.0748     0
  85  [    20 40  ]     -4.2337     25.8673   -254.0219     0
 105  [    20 40  ]     -4.2253     25.8673   -253.5179     0
 115  [    20 40  ]     -4.2061     25.8673   -252.3631     0
  11  [    20 40  ]     -4.2052     25.8673   -252.3129     0
  86  [    20 40  ]     -4.2015     25.8673   -252.0892     0
 134  [    20 40  ]     -4.1976     25.8673   -251.8537     0
  49  [    20 40  ]     -4.1825     25.8673   -250.9470     0
  46  [    20 40  ]     -4.1805     25.8673   -250.8306     0
  88  [    20 40  ]     -4.1802     25.8673   -250.8140     0
  45  [    20 40  ]     -4.1755     25.8673   -250.5297     0
  35  [    20 40  ]     -4.1754     25.8673   -250.5264     0
   1  [    20 40  ]     -4.1729     25.8673   -250.3724     0
