Gen   ID    Origin   Composition    Enthalpy   Volume  Density   Fitness   KPOINTS  SYMM  Q_entr A_order S_order
                                      (eV)     (A^3)  (g/cm^3)
  1    1   Random    [    20 40  ]  -250.372  1552.036   3.062   -250.372 [ 1  1  1]   0  0.000  0.206  3.948
  1    2   Random    [    20 40  ]  -239.728  1552.036   3.062   -239.728 [ 1  1  1]   0  0.194  0.206  3.688
  1    3   Random    [    20 40  ]  -230.845  1552.036   3.062   -230.845 [ 1  1  1]   0  0.000  0.207  4.499
  1    4   Random    [    20 40  ]  -230.119  1552.036   3.062   -230.119 [ 1  1  1]   0  0.219  0.206  2.144
  1    5   Random    [    20 40  ]  -255.285  1552.036   3.062   -255.285 [ 1  1  1]   0  0.084  0.206  2.831
  1    6   Random    [    20 40  ]  -237.550  1552.036   3.062   -237.550 [ 1  1  1]   0  0.118  0.205  3.825
  1    7   Random    [    20 40  ]  -232.803  1552.036   3.062   -232.803 [ 1  1  1]   0  0.213  0.206  1.960
  1    8   Random    [    20 40  ]  -238.539  1552.036   3.062   -238.539 [ 1  1  1]   0  0.152  0.206  3.114
  1    9   Random    [    20 40  ]  -255.765  1552.036   3.062   -255.765 [ 1  1  1]   0  0.124  0.205  2.446
  1   10   Random    [    20 40  ]  -235.670  1552.036   3.062   -235.670 [ 1  1  1]   0  0.111  0.205  3.159
  1   11   Random    [    20 40  ]  -252.313  1552.036   3.062   -252.313 [ 1  1  1]   0  0.194  0.205  2.977
  1   12   Random    [    20 40  ]  -246.863  1552.036   3.062   -246.863 [ 1  1  1]   0  0.196  0.206  1.814
  1   13   Random    [    20 40  ]  -248.239  1552.036   3.062   -248.239 [ 1  1  1]   0  0.076  0.206  2.590
  1   14   Random    [    20 40  ]  -236.268  1552.036   3.062   -236.268 [ 1  1  1]   0  0.102  0.206  2.631
  1   15   Random    [    20 40  ]  -239.023  1552.036   3.062   -239.023 [ 1  1  1]   0  0.197  0.206  1.772
  1   16   Random    [    20 40  ]  -240.504  1552.036   3.062   -240.504 [ 1  1  1]   0  0.156  0.207  3.388
  1   17   Random    [    20 40  ]  -245.159  1552.036   3.062   -245.159 [ 1  1  1]   0  0.123  0.205  2.734
  1   18   Random    [    20 40  ]  -242.534  1552.036   3.062   -242.534 [ 1  1  1]   0  0.217  0.206  2.552
  1   19   Random    [    20 40  ]  -232.180  1552.036   3.062   -232.180 [ 1  1  1]   0  0.084  0.206  3.031
  1   20   Random    [    20 40  ]  -247.012  1552.036   3.062   -247.012 [ 1  1  1]   0  0.194  0.207  2.143
  1   21   Random    [    20 40  ]  -250.299  1552.036   3.062   -250.299 [ 1  1  1]   0  0.168  0.206  2.266
  1   22   Random    [    20 40  ]  -242.738  1552.036   3.062   -242.738 [ 1  1  1]   0  0.043  0.206  2.688
  1   23   Random    [    20 40  ]  -235.573  1552.036   3.062   -235.573 [ 1  1  1]   0  0.119  0.206  3.144
  1   24   Random    [    20 40  ]  -237.424  1552.036   3.062   -237.424 [ 1  1  1]   0  0.093  0.205  4.031
  1   25   Random    [    20 40  ]  -229.299  1552.036   3.062   -229.299 [ 1  1  1]   0  0.200  0.207  2.965
  1   26   Random    [    20 40  ]  -239.686  1552.036   3.062   -239.686 [ 1  1  1]   0  0.228  0.206  2.033
  1   27   Random    [    20 40  ]  -230.706  1552.036   3.062   -230.706 [ 1  1  1]   0  0.130  0.205  2.894
  1   28   Random    [    20 40  ]  -247.518  1552.036   3.062   -247.518 [ 1  1  1]   0  0.120  0.207  2.792
  1   29   Random    [    20 40  ]  -246.558  1552.036   3.062   -246.558 [ 1  1  1]   0  0.078  0.206  2.775
  1   30   Random    [    20 40  ]  -249.043  1552.036   3.062   -249.043 [ 1  1  1]   0  0.188  0.206  1.913
  1   31   Random    [    20 40  ]  -239.344  1552.036   3.062   -239.344 [ 1  1  1]   0  0.232  0.206  2.119
  1   32   Random    [    20 40  ]  -249.524  1552.036   3.062   -249.524 [ 1  1  1]   0  0.175  0.205  1.850
  1   33   Random    [    20 40  ]  -227.673  1552.036   3.062   -227.673 [ 1  1  1]   0  0.126  0.206  3.877
  1   34   Random    [    20 40  ]  -236.050  1552.036   3.062   -236.050 [ 1  1  1]   0  0.020  0.207  3.247
  1   35   Random    [    20 40  ]  -250.526  1552.036   3.062   -250.526 [ 1  1  1]   0  0.149  0.206  2.182
  1   36   Random    [    20 40  ]  -229.846  1552.036   3.062   -229.846 [ 1  1  1]   0  0.238  0.206  3.025
  1   37   Random    [    20 40  ]  -241.439  1552.036   3.062   -241.439 [ 1  1  1]   0  0.099  0.205  2.772
  1   38   Random    [    20 40  ]  -236.530  1552.036   3.062   -236.530 [ 1  1  1]   0  0.177  0.205  1.964
  1   39   Random    [    20 40  ]  -235.836  1552.036   3.062   -235.836 [ 1  1  1]   0  0.168  0.206  2.142
  1   40   Random    [    20 40  ]  -246.831  1552.036   3.062   -246.831 [ 1  1  1]   0  0.128  0.205  1.945
  1   41   Seeds     [    20 40  ]  -255.189  1061.926   4.475   -255.189 [ 2  1  1]   0  0.028  0.208  2.698
  1   42   Seeds     [    20 40  ]  -257.553  1549.994   3.066   -257.553 [ 1  1  1]   0  0.103  0.206  3.002
  1   43   Seeds     [    20 40  ]  -260.489  1171.425   4.057   -260.489 [ 1  1  1]   0  0.049  0.207 69.424
  1   44   Seeds     [    20 40  ]  -259.970  1039.034   4.574   -259.970 [ 1  1  1]   0  0.078  0.206  3.816
  2   45 Heredity    [    20 40  ]  -250.530  1552.036   3.062   -250.530 [ 1  1  1]   0  0.212  0.205  2.371
  2   46 Heredity    [    20 40  ]  -250.831  1552.036   3.062   -250.831 [ 1  1  1]   0  0.207  0.206  1.834
  2   47 Heredity    [    20 40  ]  -244.072  1552.036   3.062   -244.072 [ 1  1  1]   0  0.137  0.206  1.924
  2   48 Heredity    [    20 40  ]  -246.579  1552.036   3.062   -246.579 [ 1  1  1]   0  0.198  0.206  1.859
  2   49 Heredity    [    20 40  ]  -250.947  1552.036   3.062   -250.947 [ 1  1  1]   0  0.203  0.206  1.757
  2   50 Heredity    [    20 40  ]  -238.889  1552.036   3.062   -238.889 [ 1  1  1]   0  0.242  0.206  1.838
  2   51 Heredity    [    20 40  ]  -236.705  1552.036   3.062   -236.705 [ 1  1  1]   0  0.237  0.206  2.239
  2   52 Heredity    [    20 40  ]  -243.513  1552.036   3.062   -243.513 [ 1  1  1]   0  0.145  0.207  2.122
  2   53 Heredity    [    20 40  ]  -239.741  1552.036   3.062   -239.741 [ 1  1  1]   0  0.224  0.205  2.379
  2   54 Heredity    [    20 40  ]  -242.118  1552.036   3.062   -242.118 [ 1  1  1]   0  0.248  0.206  1.764
  2   55 Heredity    [    20 40  ]  -236.861  1552.036   3.062   -236.861 [ 1  1  1]   0  0.208  0.206  1.830
  2   56 Heredity    [    20 40  ]  -231.463  1552.036   3.062   -231.463 [ 1  1  1]   0  0.233  0.206  2.018
  2   57 Heredity    [    20 40  ]  -247.687  1552.036   3.062   -247.687 [ 1  1  1]   0  0.238  0.206  1.784
  2   58 Heredity    [    20 40  ]  -240.260  1552.036   3.062   -240.260 [ 1  1  1]   0  0.242  0.206  1.981
  2   59 Heredity    [    20 40  ]  -240.007  1552.036   3.062   -240.007 [ 1  1  1]   0  0.234  0.207  1.740
  2   60 Heredity    [    20 40  ]  -236.734  1552.036   3.062   -236.734 [ 1  1  1]   0  0.238  0.206  1.843
  2   61 Heredity    [    20 40  ]  -246.110  1552.036   3.062   -246.110 [ 1  1  1]   0  0.194  0.206  1.795
  2   62 Heredity    [    20 40  ]  -247.257  1552.036   3.062   -247.257 [ 1  1  1]   0  0.178  0.205  1.835
  2   63 Heredity    [    20 40  ]  -239.292  1552.036   3.062   -239.292 [ 1  1  1]   0  0.144  0.206  1.855
  2   64 Heredity    [    20 40  ]  -242.763  1552.036   3.062   -242.763 [ 1  1  1]   0  0.153  0.206  1.964
  2   65   Random    [    20 40  ]  -222.470  1552.036   3.062   -222.470 [ 1  1  1]   0  0.000  0.204  3.426
  2   66   Random    [    20 40  ]  -238.124  1552.036   3.062   -238.124 [ 1  1  1]   0  0.108  0.206  3.070
  2   67   Random    [    20 40  ]  -245.013  1552.036   3.062   -245.013 [ 1  1  1]   0  0.145  0.205  2.238
  2   68   Random    [    20 40  ]  -246.486  1552.036   3.062   -246.486 [ 1  1  1]   0  0.197  0.205  2.181
  2   69   Random    [    20 40  ]  -236.497  1552.036   3.062   -236.497 [ 1  1  1]   0  0.138  0.205  3.922
  2   70   Random    [    20 40  ]  -246.459  1552.036   3.062   -246.459 [ 1  1  1]   0  0.162  0.206  2.254
  2   71   Random    [    20 40  ]  -244.983  1552.036   3.062   -244.983 [ 1  1  1]   0  0.076  0.206  5.398
  2   72   Random    [    20 40  ]  -244.226  1552.036   3.062   -244.226 [ 1  1  1]   0  0.146  0.207  3.571
  2   73 Permutate   [    20 40  ]  -249.043  1552.036   3.062   -248.948 [ 1  1  1]   0  0.188  0.206  1.913
  2   74 Permutate   [    20 40  ]  -249.043  1552.036   3.062   -248.948 [ 1  1  1]   0  0.188  0.206  1.913
  2   75 Permutate   [    20 40  ]  -243.382  1552.036   3.062   -243.382 [ 1  1  1]   0  0.085  0.206  2.212
  2   76 Permutate   [    20 40  ]  -242.721  1552.036   3.062   -242.721 [ 1  1  1]   0  0.215  0.206  2.512
  2   77 softmutate  [    20 40  ]  -241.747  1552.036   3.062   -241.747 [ 1  1  1]   0  0.168  0.206  2.393
  2   78 softmutate  [    20 40  ]  -233.799  1552.036   3.062   -233.799 [ 1  1  1]   0  0.197  0.205  2.389
  2   79 CoorMutate  [    20 40  ]  -249.940  1552.036   3.062   -249.940 [ 1  1  1]   0  0.199  0.206  1.854
  2   80 CoorMutate  [    20 40  ]  -244.749  1552.036   3.062   -244.749 [ 1  1  1]   0  0.191  0.206  1.833
  2   81 softmutate  [    20 40  ]  -240.658  1552.036   3.062   -240.658 [ 1  1  1]   0  0.232  0.206  1.856
  2   82 softmutate  [    20 40  ]  -235.085  1552.036   3.062   -235.085 [ 1  1  1]   0  0.250  0.205  3.089
  2   83 softmutate  [    20 40  ]  -241.972  1552.036   3.062   -241.972 [ 1  1  1]   0  0.218  0.206  1.690
  2   84 softmutate  [    20 40  ]  -234.563  1552.036   3.062   -234.563 [ 1  1  1]   0  0.208  0.205  2.349
  2   85 Transmutate [    20 40  ]  -254.022  1552.036   3.062   -254.022 [ 1  1  1]   0  0.161  0.206  2.106
  2   86 Transmutate [    20 40  ]  -252.089  1552.036   3.062   -252.089 [ 1  1  1]   0  0.157  0.206  2.751
  2   87 Transmutate [    20 40  ]  -233.827  1076.999   4.412   -233.827 [ 1  1  1]   0  0.104  0.207  2.484
  2   88 Transmutate [    20 40  ]  -250.814  1552.036   3.062   -250.814 [ 1  1  1]   0  0.156  0.206  2.025
  2   89 keptBest    [    20 40  ]  -260.489  1171.425   4.057   -260.394 [ 1  1  1]   0  0.049  0.207 69.424
  2   90 keptBest    [    20 40  ]  -259.970  1039.034   4.574   -259.875 [ 1  1  1]   0  0.078  0.206  3.816
  2   91 keptBest    [    20 40  ]  -257.553  1549.994   3.066   -257.457 [ 1  1  1]   0  0.103  0.206  3.002
  2   92 keptBest    [    20 40  ]  -255.765  1552.036   3.062   -255.669 [ 1  1  1]   0  0.124  0.205  2.446
  3   93 Heredity    [    20 40  ]  -247.825  1552.036   3.062   -247.825 [ 1  1  1]   0  0.242  0.205  1.954
  3   94 Heredity    [    20 40  ]  -241.592  1552.036   3.062   -241.592 [ 1  1  1]   0  0.234  0.206  1.683
  3   95 Heredity    [    20 40  ]  -244.811  1552.036   3.062   -244.811 [ 1  1  1]   0  0.206  0.206  1.982
  3   96 Heredity    [    20 40  ]  -239.838  1552.036   3.062   -239.838 [ 1  1  1]   0  0.218  0.206  1.984
  3   97 Heredity    [    20 40  ]  -248.729  1552.036   3.062   -248.729 [ 1  1  1]   0  0.199  0.206  1.746
  3   98 Heredity    [    20 40  ]  -232.554  1552.036   3.062   -232.554 [ 1  1  1]   0  0.223  0.206  1.800
  3   99 Heredity    [    20 40  ]  -248.009  1552.036   3.062   -248.009 [ 1  1  1]   0  0.164  0.206  2.043
  3  100 Heredity    [    20 40  ]  -246.991  1552.036   3.062   -246.991 [ 1  1  1]   0  0.209  0.205  1.840
  3  101 Heredity    [    20 40  ]  -254.075  1552.036   3.062   -254.075 [ 1  1  1]   0  0.202  0.206  1.752
  3  102 Heredity    [    20 40  ]  -236.396  1552.036   3.062   -236.396 [ 1  1  1]   0  0.165  0.205  1.735
  3  103 Heredity    [    20 40  ]  -246.515  1552.036   3.062   -246.515 [ 1  1  1]   0  0.265  0.206  1.748
  3  104 Heredity    [    20 40  ]  -236.951  1552.036   3.062   -236.951 [ 1  1  1]   0  0.157  0.206  1.764
  3  105 Heredity    [    20 40  ]  -253.518  1552.036   3.062   -253.518 [ 1  1  1]   0  0.218  0.206  1.688
  3  106 Heredity    [    20 40  ]  -242.568  1552.036   3.062   -242.568 [ 1  1  1]   0  0.255  0.205  1.786
  3  107 Heredity    [    20 40  ]  -240.637  1552.036   3.062   -240.637 [ 1  1  1]   0  0.221  0.206  1.794
  3  108 Heredity    [    20 40  ]  -249.645  1552.036   3.062   -249.645 [ 1  1  1]   0  0.208  0.206  1.722
  3  109 Heredity    [    20 40  ]  -247.070  1552.036   3.062   -247.070 [ 1  1  1]   0  0.197  0.206  1.652
  3  110 Heredity    [    20 40  ]  -239.393  1552.036   3.062   -239.393 [ 1  1  1]   0  0.198  0.206  1.807
  3  111 Heredity    [    20 40  ]  -244.992  1552.036   3.062   -244.992 [ 1  1  1]   0  0.190  0.206  1.879
  3  112 Heredity    [    20 40  ]  -243.712  1552.036   3.062   -243.712 [ 1  1  1]   0  0.199  0.206  1.757
  3  113   Random    [    20 40  ]  -234.805  1552.036   3.062   -234.805 [ 1  1  1]   0  0.042  0.206  4.669
  3  114   Random    [    20 40  ]  -243.743  1552.036   3.062   -243.743 [ 1  1  1]   0  0.000  0.206  3.696
  3  115   Random    [    20 40  ]  -252.363  1552.036   3.062   -252.363 [ 1  1  1]   0  0.164  0.205  2.133
  3  116   Random    [    20 40  ]  -241.360  1552.036   3.062   -241.360 [ 1  1  1]   0  0.131  0.206  2.739
  3  117   Random    [    20 40  ]  -245.468  1552.036   3.062   -245.468 [ 1  1  1]   0  0.170  0.205  2.270
  3  118   Random    [    20 40  ]  -238.608  1552.036   3.062   -238.608 [ 1  1  1]   0  0.186  0.206  2.315
  3  119   Random    [    20 40  ]  -235.890  1552.036   3.062   -235.890 [ 1  1  1]   0  0.152  0.206  2.146
  3  120   Random    [    20 40  ]  -241.799  1552.036   3.062   -241.799 [ 1  1  1]   0  0.000  0.205  3.339
  3  121 Permutate   [    20 40  ]  -246.595  1552.036   3.062   -246.595 [ 1  1  1]   0  0.226  0.206  1.724
  3  122 Permutate   [    20 40  ]  -249.059  1552.036   3.062   -249.059 [ 1  1  1]   0  0.174  0.206  2.053
  3  123 Permutate   [    20 40  ]  -245.740  1552.036   3.062   -245.740 [ 1  1  1]   0  0.235  0.205  1.957
  3  124 Permutate   [    20 40  ]  -230.768  1076.999   4.412   -230.582 [ 1  1  1]   0  0.049  0.207 69.077
  3  125 softmutate  [    20 40  ]  -236.388  1552.036   3.062   -236.388 [ 1  1  1]   0  0.190  0.206  2.059
  3  126 softmutate  [    20 40  ]  -240.711  1552.036   3.062   -240.711 [ 1  1  1]   0  0.215  0.205  1.753
  3  127 softmutate  [    20 40  ]  -249.226  1552.036   3.062   -249.226 [ 1  1  1]   0  0.213  0.206  1.793
  3  128 softmutate  [    20 40  ]  -235.916  1552.036   3.062   -235.916 [ 1  1  1]   0  0.253  0.205  1.996
  3  129 CoorMutate  [    20 40  ]  -239.841  1366.095   3.479   -239.841 [ 1  1  1]   0  0.161  0.206  1.747
  3  130 softmutate  [    20 40  ]  -239.318  1552.036   3.062   -239.318 [ 1  1  1]   0  0.197  0.206  1.626
  3  131 softmutate  [    20 40  ]  -237.841  1552.036   3.062   -237.841 [ 1  1  1]   0  0.243  0.206  1.691
  3  132 softmutate  [    20 40  ]  -247.079  1552.036   3.062   -247.079 [ 1  1  1]   0  0.194  0.206  1.726
  3  133 Transmutate [    20 40  ]  -248.599  1552.036   3.062   -248.599 [ 1  1  1]   0  0.152  0.206  1.832
  3  134 Transmutate [    20 40  ]  -251.854  1552.036   3.062   -251.854 [ 1  1  1]   0  0.190  0.205  1.754
  3  135 Transmutate [    20 40  ]  -247.113  1552.036   3.062   -247.113 [ 1  1  1]   0  0.187  0.206  1.970
  3  136 Transmutate [    20 40  ]  -255.333  1552.036   3.062   -255.333 [ 1  1  1]   0  0.197  0.206  1.949
  3  137 keptBest    [    20 40  ]  -260.489  1171.425   4.057   -260.302 [ 1  1  1]   0  0.049  0.207 69.424
  3  138 keptBest    [    20 40  ]  -259.970  1039.034   4.574   -259.784 [ 1  1  1]   0  0.078  0.206  3.816
  3  139 keptBest    [    20 40  ]  -257.553  1549.994   3.066   -257.366 [ 1  1  1]   0  0.103  0.206  3.002
  3  140 keptBest    [    20 40  ]  -255.765  1552.036   3.062   -255.578 [ 1  1  1]   0  0.124  0.205  2.446
