-232.004
-239.641
-239.107
-213.205
-237.298
-206.651
-232.859
-198.908
-166.477
-237.397
-231.311
-229.441
-226.275
-236.061
-233.727
-209.591
-222.749
-220.375
-228.952
-229.505
-227.959
-236.808
-236.427
-235.219
-239.052
-227.351
-238.988
-237.819
-229.023
-228.390
-215.796
-204.845
-238.027
-217.932
-235.422
-230.257
-224.973
-232.932
-238.467
-112.653
-238.597
-240.115
-230.409
-237.940
-235.980
-233.895
-233.009
-231.663
-236.885
-239.924
-230.184
-236.659
-225.413
-236.444
-229.206
-237.999
-235.487
-230.212
-229.288
-238.611
-237.374
-233.097
-227.541
-239.682
-231.543
-231.040
-208.956
-224.947
-216.218
-231.547
-238.014
-238.230
-235.422
-239.707
-239.504
-238.774
-228.478
-233.576
-235.584
-231.600
-239.037
-213.770
-185.816
-206.172
-237.093
-235.740
-240.023
-237.164
-240.115
-239.641
-239.107
-239.052
-225.215
-230.826
-237.106
-238.399
-234.146
-226.085
-239.288
-227.138
-235.741
-234.188
-228.115
-221.274
-226.421
-227.302
-224.762
-228.368
-230.342
-236.311
-230.371
-232.193
-234.418
-215.196
-239.960
-197.957
-229.716
-227.871
-216.447
-235.996
-239.723
-235.740
-239.882
-239.697
-229.769
-233.729
-208.762
-209.148
-222.424
-212.354
-235.580
-227.922
-238.992
-237.232
-237.768
-240.670
-240.115
-240.023
-239.924
-239.682
