  ID   Compositions    Enthalpies    Volumes    fitness  SYMM
                       (eV/atom)    (A^3/atom)    ()         
 136  [    17 40  ]     -4.2223     27.2287   -240.6701     0
  42  [    17 40  ]     -4.2125     24.0779   -240.1153     0
  87  [    17 40  ]     -4.2109     27.2287   -240.0234     0
 115  [    17 40  ]     -4.2098     27.2287   -239.9597     0
  50  [    17 40  ]     -4.2092     27.2287   -239.9239     0
 123  [    17 40  ]     -4.2084     27.2287   -239.8816     0
  74  [    17 40  ]     -4.2054     27.2287   -239.7068     0
 124  [    17 40  ]     -4.2052     27.2287   -239.6973     0
  64  [    17 40  ]     -4.2049     27.2287   -239.6817     0
   2  [    17 40  ]     -4.2042     27.2287   -239.6413     0
  75  [    17 40  ]     -4.2018     27.2287   -239.5037     0
  99  [    17 40  ]     -4.1980     27.2287   -239.2884     0
   3  [    17 40  ]     -4.1949     27.2287   -239.1075     0
  25  [    17 40  ]     -4.1939     27.2287   -239.0523     0
  81  [    17 40  ]     -4.1936     27.2287   -239.0375     0
 133  [    17 40  ]     -4.1928     27.2287   -238.9921     0
  27  [    17 40  ]     -4.1928     27.2287   -238.9878     0
  76  [    17 40  ]     -4.1890     27.2287   -238.7742     0
  60  [    17 40  ]     -4.1862     27.2287   -238.6109     0
  41  [    17 40  ]     -4.1859     19.6548   -238.5971     0
