Gen   ID    Origin   Composition    Enthalpy   Volume  Density   Fitness   KPOINTS  SYMM  Q_entr A_order S_order
                                      (eV)     (A^3)  (g/cm^3)
  1    1   Random    [    17 40  ]  -232.004  1552.036   3.011   -232.004 [ 1  1  1]   0  0.151  0.162  2.051
  1    2   Random    [    17 40  ]  -239.641  1552.036   3.011   -239.641 [ 1  1  1]   0  0.211  0.163  2.221
  1    3   Random    [    17 40  ]  -239.107  1552.036   3.011   -239.107 [ 1  1  1]   0  0.146  0.162  2.171
  1    4   Random    [    17 40  ]  -213.205  1552.036   3.011   -213.205 [ 1  1  1]   0  0.168  0.161  4.166
  1    5   Random    [    17 40  ]  -237.298  1552.036   3.011   -237.298 [ 1  1  1]   0  0.151  0.162  2.769
  1    6   Random    [    17 40  ]  -206.651  1552.036   3.011   -206.651 [ 1  1  1]   0  0.270  0.162  2.909
  1    7   Random    [    17 40  ]  -232.859  1552.036   3.011   -232.859 [ 1  1  1]   0  0.126  0.162  3.071
  1    8   Random    [    17 40  ]  -198.908  1552.036   3.011   -198.908 [ 1  1  1]   0  0.156  0.162  2.964
  1    9   Random    [    17 40  ]  -166.477  1552.036   3.011   -166.477 [ 1  1  1]   0  0.201  0.162  3.692
  1   10   Random    [    17 40  ]  -237.397  1552.036   3.011   -237.397 [ 1  1  1]   0  0.146  0.162  2.267
  1   11   Random    [    17 40  ]  -231.311  1552.036   3.011   -231.311 [ 1  1  1]   0  0.188  0.163  2.482
  1   12   Random    [    17 40  ]  -229.441  1552.036   3.011   -229.441 [ 1  1  1]   0  0.152  0.163  3.143
  1   13   Random    [    17 40  ]  -226.275  1552.036   3.011   -226.275 [ 1  1  1]   0  0.087  0.162  3.449
  1   14   Random    [    17 40  ]  -236.061  1552.036   3.011   -236.061 [ 1  1  1]   0  0.176  0.162  2.337
  1   15   Random    [    17 40  ]  -233.727  1552.036   3.011   -233.727 [ 1  1  1]   0  0.102  0.161  2.974
  1   16   Random    [    17 40  ]  -209.591  1552.036   3.011   -209.591 [ 1  1  1]   0  0.175  0.162  3.627
  1   17   Random    [    17 40  ]  -222.749  1552.036   3.011   -222.749 [ 1  1  1]   0  0.140  0.162  2.932
  1   18   Random    [    17 40  ]  -220.375  1552.036   3.011   -220.375 [ 1  1  1]   0  0.150  0.162  2.911
  1   19   Random    [    17 40  ]  -228.952  1552.036   3.011   -228.952 [ 1  1  1]   0  0.218  0.162  2.856
  1   20   Random    [    17 40  ]  -229.505  1552.036   3.011   -229.505 [ 1  1  1]   0  0.165  0.162  3.120
  1   21   Random    [    17 40  ]  -227.959  1552.036   3.011   -227.959 [ 1  1  1]   0  0.244  0.162  2.194
  1   22   Random    [    17 40  ]  -236.808  1552.036   3.011   -236.808 [ 1  1  1]   0  0.092  0.161  2.810
  1   23   Random    [    17 40  ]  -236.427  1552.036   3.011   -236.427 [ 1  1  1]   0  0.199  0.162  2.299
  1   24   Random    [    17 40  ]  -235.219  1552.036   3.011   -235.219 [ 1  1  1]   0  0.244  0.162  1.991
  1   25   Random    [    17 40  ]  -239.052  1552.036   3.011   -239.052 [ 1  1  1]   0  0.141  0.163  2.596
  1   26   Random    [    17 40  ]  -227.351  1552.036   3.011   -227.351 [ 1  1  1]   0  0.214  0.162  2.197
  1   27   Random    [    17 40  ]  -238.988  1552.036   3.011   -238.988 [ 1  1  1]   0  0.173  0.162  2.583
  1   28   Random    [    17 40  ]  -237.819  1552.036   3.011   -237.819 [ 1  1  1]   0  0.222  0.162  2.239
  1   29   Random    [    17 40  ]  -229.023  1552.036   3.011   -229.023 [ 1  1  1]   0  0.125  0.162  3.599
  1   30   Random    [    17 40  ]  -228.390  1552.036   3.011   -228.390 [ 1  1  1]   0  0.256  0.162  2.039
  1   31   Random    [    17 40  ]  -215.796  1552.036   3.011   -215.796 [ 1  1  1]   0  0.000  0.162  4.380
  1   32   Random    [    17 40  ]  -204.845  1552.036   3.011   -204.845 [ 1  1  1]   0  0.199  0.161  3.319
  1   33   Random    [    17 40  ]  -238.027  1552.036   3.011   -238.027 [ 1  1  1]   0  0.000  0.163  3.609
  1   34   Random    [    17 40  ]  -217.932  1552.036   3.011   -217.932 [ 1  1  1]   0  0.000  0.162  4.458
  1   35   Random    [    17 40  ]  -235.422  1552.036   3.011   -235.422 [ 1  1  1]   0  0.082  0.162  2.993
  1   36   Random    [    17 40  ]  -230.257  1552.036   3.011   -230.257 [ 1  1  1]   0  0.226  0.162  1.979
  1   37   Random    [    17 40  ]  -224.973  1552.036   3.011   -224.973 [ 1  1  1]   0  0.228  0.163  2.429
  1   38   Random    [    17 40  ]  -232.932  1552.036   3.011   -232.932 [ 1  1  1]   0  0.192  0.162  2.008
  1   39   Random    [    17 40  ]  -238.467  1552.036   3.011   -238.467 [ 1  1  1]   0  0.264  0.163  2.233
  1   40   Random    [    17 40  ]  -112.653  1552.036   3.011   -112.653 [ 1  1  1]   0  0.238  0.162  7.260
  1   41   Seeds     [    17 40  ]  -238.597  1120.322   4.171   -238.597 [ 1  1  1]   0  0.043  0.163  2.445
  1   42   Seeds     [    17 40  ]  -240.115  1372.438   3.405   -240.115 [ 1  1  1]   0  0.068  0.161  2.600
  1   43   Seeds     [    17 40  ]  -230.409  1800.270   2.595   -230.409 [ 1  1  1]   0  0.210  0.162  7.336
  1   44   Seeds     [    17 40  ]  -237.940  1334.520   3.501   -237.940 [ 1  1  1]   0  0.198  0.162  9.792
  2   45 Heredity    [    17 40  ]  -235.980  1552.036   3.011   -235.980 [ 1  1  1]   0  0.181  0.162  2.102
  2   46 Heredity    [    17 40  ]  -233.895  1552.036   3.011   -233.895 [ 1  1  1]   0  0.246  0.162  2.234
  2   47 Heredity    [    17 40  ]  -233.009  1552.036   3.011   -233.009 [ 1  1  1]   0  0.222  0.162  2.123
  2   48 Heredity    [    17 40  ]  -231.663  1552.036   3.011   -231.663 [ 1  1  1]   0  0.206  0.162  1.918
  2   49 Heredity    [    17 40  ]  -236.885  1552.036   3.011   -236.885 [ 1  1  1]   0  0.243  0.163  2.373
  2   50 Heredity    [    17 40  ]  -239.924  1552.036   3.011   -239.924 [ 1  1  1]   0  0.219  0.162  1.862
  2   51 Heredity    [    17 40  ]  -230.184  1552.036   3.011   -230.184 [ 1  1  1]   0  0.178  0.162  2.491
  2   52 Heredity    [    17 40  ]  -236.659  1552.036   3.011   -236.659 [ 1  1  1]   0  0.207  0.163  1.985
  2   53 Heredity    [    17 40  ]  -225.413  1552.036   3.011   -225.413 [ 1  1  1]   0  0.059  0.162  3.119
  2   54 Heredity    [    17 40  ]  -236.444  1552.036   3.011   -236.444 [ 1  1  1]   0  0.233  0.162  1.922
  2   55 Heredity    [    17 40  ]  -229.206  1552.036   3.011   -229.206 [ 1  1  1]   0  0.213  0.162  2.178
  2   56 Heredity    [    17 40  ]  -237.999  1552.036   3.011   -237.999 [ 1  1  1]   0  0.205  0.162  1.878
  2   57 Heredity    [    17 40  ]  -235.487  1552.036   3.011   -235.487 [ 1  1  1]   0  0.151  0.162  2.371
  2   58 Heredity    [    17 40  ]  -230.212  1552.036   3.011   -230.212 [ 1  1  1]   0  0.221  0.162  1.838
  2   59 Heredity    [    17 40  ]  -229.288  1552.036   3.011   -229.288 [ 1  1  1]   0  0.215  0.162  2.219
  2   60 Heredity    [    17 40  ]  -238.611  1552.036   3.011   -238.611 [ 1  1  1]   0  0.178  0.162  2.307
  2   61 Heredity    [    17 40  ]  -237.374  1552.036   3.011   -237.374 [ 1  1  1]   0  0.180  0.162  2.009
  2   62 Heredity    [    17 40  ]  -233.097  1552.036   3.011   -233.097 [ 1  1  1]   0  0.253  0.162  1.903
  2   63 Heredity    [    17 40  ]  -227.541  1552.036   3.011   -227.541 [ 1  1  1]   0  0.234  0.162  2.001
  2   64 Heredity    [    17 40  ]  -239.682  1552.036   3.011   -239.682 [ 1  1  1]   0  0.259  0.163  2.116
  2   65   Random    [    17 40  ]  -231.543  1552.036   3.011   -231.543 [ 1  1  1]   0  0.202  0.163  3.491
  2   66   Random    [    17 40  ]  -231.040  1552.036   3.011   -231.040 [ 1  1  1]   0  0.198  0.162  2.260
  2   67   Random    [    17 40  ]  -208.956  1552.036   3.011   -208.956 [ 1  1  1]   0  0.161  0.162  3.270
  2   68   Random    [    17 40  ]  -224.947  1552.036   3.011   -224.947 [ 1  1  1]   0  0.205  0.162  3.579
  2   69   Random    [    17 40  ]  -216.218  1552.036   3.011   -216.218 [ 1  1  1]   0  0.157  0.163  3.224
  2   70   Random    [    17 40  ]  -231.547  1552.036   3.011   -231.547 [ 1  1  1]   0  0.183  0.162  2.365
  2   71   Random    [    17 40  ]  -238.014  1552.036   3.011   -238.014 [ 1  1  1]   0  0.125  0.162  3.285
  2   72   Random    [    17 40  ]  -238.230  1552.036   3.011   -238.230 [ 1  1  1]   0  0.218  0.162  2.496
  2   73 Permutate   [    17 40  ]  -235.422  1552.036   3.011   -235.354 [ 1  1  1]   0  0.082  0.162  2.993
  2   74 Permutate   [    17 40  ]  -239.707  1552.036   3.011   -239.707 [ 1  1  1]   0  0.209  0.162  1.979
  2   75 Permutate   [    17 40  ]  -239.504  1552.036   3.011   -239.504 [ 1  1  1]   0  0.218  0.163  2.497
  2   76 Permutate   [    17 40  ]  -238.774  1552.036   3.011   -238.774 [ 1  1  1]   0  0.245  0.162  2.022
  2   77 softmutate  [    17 40  ]  -228.478  1552.036   3.011   -228.478 [ 1  1  1]   0  0.236  0.162  2.380
  2   78 softmutate  [    17 40  ]  -233.576  1552.036   3.011   -233.576 [ 1  1  1]   0  0.181  0.162  2.229
  2   79 softmutate  [    17 40  ]  -235.584  1552.036   3.011   -235.584 [ 1  1  1]   0  0.222  0.162  2.753
  2   80 softmutate  [    17 40  ]  -231.600  1552.036   3.011   -231.600 [ 1  1  1]   0  0.249  0.162  1.997
  2   81 softmutate  [    17 40  ]  -239.037  1552.036   3.011   -239.037 [ 1  1  1]   0  0.212  0.162  2.414
  2   82 softmutate  [    17 40  ]  -213.770  1552.036   3.011   -213.770 [ 1  1  1]   0  0.180  0.161  4.470
  2   83 softmutate  [    17 40  ]  -185.816  1552.036   3.011   -185.816 [ 1  1  1]   0  0.184  0.162  4.161
  2   84 softmutate  [    17 40  ]  -206.172  1552.036   3.011   -206.172 [ 1  1  1]   0  0.203  0.162  1.868
  2   85 Transmutate [    17 40  ]  -237.093  1552.036   3.011   -237.093 [ 1  1  1]   0  0.227  0.162  2.077
  2   86 Transmutate [    17 40  ]  -235.740  1552.036   3.011   -235.740 [ 1  1  1]   0  0.221  0.162  1.867
  2   87 Transmutate [    17 40  ]  -240.023  1552.036   3.011   -240.023 [ 1  1  1]   0  0.211  0.162  1.872
  2   88 Transmutate [    17 40  ]  -237.164  1552.036   3.011   -237.164 [ 1  1  1]   0  0.195  0.162  2.491
  2   89 keptBest    [    17 40  ]  -240.115  1372.438   3.405   -240.048 [ 1  1  1]   0  0.068  0.161  2.600
  2   90 keptBest    [    17 40  ]  -239.641  1552.036   3.011   -239.574 [ 1  1  1]   0  0.211  0.163  2.221
  2   91 keptBest    [    17 40  ]  -239.107  1552.036   3.011   -239.040 [ 1  1  1]   0  0.146  0.162  2.171
  2   92 keptBest    [    17 40  ]  -239.052  1552.036   3.011   -238.985 [ 1  1  1]   0  0.141  0.163  2.596
  3   93 Heredity    [    17 40  ]  -225.215  1552.036   3.011   -225.215 [ 1  1  1]   0  0.209  0.162  2.295
  3   94 Heredity    [    17 40  ]  -230.826  1552.036   3.011   -230.826 [ 1  1  1]   0  0.216  0.162  1.932
  3   95 Heredity    [    17 40  ]  -237.106  1552.036   3.011   -237.106 [ 1  1  1]   0  0.243  0.162  2.044
  3   96 Heredity    [    17 40  ]  -238.399  1552.036   3.011   -238.399 [ 1  1  1]   0  0.217  0.163  2.126
  3   97 Heredity    [    17 40  ]  -234.146  1552.036   3.011   -234.146 [ 1  1  1]   0  0.213  0.162  1.887
  3   98 Heredity    [    17 40  ]  -226.085  1552.036   3.011   -226.085 [ 1  1  1]   0  0.212  0.162  1.861
  3   99 Heredity    [    17 40  ]  -239.288  1552.036   3.011   -239.288 [ 1  1  1]   0  0.198  0.162  1.836
  3  100 Heredity    [    17 40  ]  -227.138  1552.036   3.011   -227.138 [ 1  1  1]   0  0.223  0.162  2.513
  3  101 Heredity    [    17 40  ]  -235.741  1552.036   3.011   -235.741 [ 1  1  1]   0  0.252  0.162  2.162
  3  102 Heredity    [    17 40  ]  -234.188  1552.036   3.011   -234.188 [ 1  1  1]   0  0.242  0.162  2.045
  3  103 Heredity    [    17 40  ]  -228.115  1552.036   3.011   -228.115 [ 1  1  1]   0  0.210  0.162  2.081
  3  104 Heredity    [    17 40  ]  -221.274  1552.036   3.011   -221.274 [ 1  1  1]   0  0.198  0.162  1.784
  3  105 Heredity    [    17 40  ]  -226.421  1552.036   3.011   -226.421 [ 1  1  1]   0  0.226  0.162  2.188
  3  106 Heredity    [    17 40  ]  -227.302  1552.036   3.011   -227.302 [ 1  1  1]   0  0.213  0.162  1.973
  3  107 Heredity    [    17 40  ]  -224.762  1552.036   3.011   -224.762 [ 1  1  1]   0  0.221  0.162  2.007
  3  108 Heredity    [    17 40  ]  -228.368  1552.036   3.011   -228.368 [ 1  1  1]   0  0.214  0.162  2.333
  3  109 Heredity    [    17 40  ]  -230.342  1552.036   3.011   -230.342 [ 1  1  1]   0  0.254  0.162  1.938
  3  110 Heredity    [    17 40  ]  -236.311  1552.036   3.011   -236.311 [ 1  1  1]   0  0.241  0.162  1.957
  3  111 Heredity    [    17 40  ]  -230.371  1552.036   3.011   -230.371 [ 1  1  1]   0  0.242  0.162  2.040
  3  112 Heredity    [    17 40  ]  -232.193  1552.036   3.011   -232.193 [ 1  1  1]   0  0.223  0.162  1.943
  3  113   Random    [    17 40  ]  -234.418  1552.036   3.011   -234.418 [ 1  1  1]   0  0.233  0.162  2.486
  3  114   Random    [    17 40  ]  -215.196  1552.036   3.011   -215.196 [ 1  1  1]   0  0.162  0.163  3.168
  3  115   Random    [    17 40  ]  -239.960  1552.036   3.011   -239.960 [ 1  1  1]   0  0.149  0.163  2.957
  3  116   Random    [    17 40  ]  -197.957  1552.036   3.011   -197.957 [ 1  1  1]   0  0.208  0.162  2.294
  3  117   Random    [    17 40  ]  -229.716  1552.036   3.011   -229.716 [ 1  1  1]   0  0.156  0.162  2.853
  3  118   Random    [    17 40  ]  -227.871  1552.036   3.011   -227.871 [ 1  1  1]   0  0.231  0.163  2.667
  3  119   Random    [    17 40  ]  -216.447  1552.036   3.011   -216.447 [ 1  1  1]   0  0.242  0.162  2.308
  3  120   Random    [    17 40  ]  -235.996  1552.036   3.011   -235.996 [ 1  1  1]   0  0.097  0.163  2.894
  3  121 Permutate   [    17 40  ]  -239.723  1552.036   3.011   -239.687 [ 1  1  1]   0  0.209  0.162  1.979
  3  122 Permutate   [    17 40  ]  -235.740  1552.036   3.011   -235.703 [ 1  1  1]   0  0.221  0.162  1.867
  3  123 Permutate   [    17 40  ]  -239.882  1552.036   3.011   -239.882 [ 1  1  1]   0  0.205  0.163  2.233
  3  124 Permutate   [    17 40  ]  -239.697  1552.036   3.011   -239.697 [ 1  1  1]   0  0.194  0.162  1.884
  3  125 softmutate  [    17 40  ]  -229.769  1552.036   3.011   -229.769 [ 1  1  1]   0  0.259  0.162  2.087
  3  126 softmutate  [    17 40  ]  -233.729  1552.036   3.011   -233.729 [ 1  1  1]   0  0.235  0.163  2.170
  3  127 softmutate  [    17 40  ]  -208.762  1552.036   3.011   -208.762 [ 1  1  1]   0  0.233  0.162  2.365
  3  128 softmutate  [    17 40  ]  -209.148  1563.230   2.989   -209.148 [ 1  1  1]   0  0.155  0.162  5.692
  3  129 softmutate  [    17 40  ]  -222.424  1552.036   3.011   -222.424 [ 1  1  1]   0  0.242  0.162  2.032
  3  130 softmutate  [    17 40  ]  -212.354  1563.230   2.989   -212.354 [ 1  1  1]   0  0.126  0.162  4.478
  3  131 softmutate  [    17 40  ]  -235.580  1552.036   3.011   -235.580 [ 1  1  1]   0  0.248  0.162  2.161
  3  132 softmutate  [    17 40  ]  -227.922  1552.036   3.011   -227.922 [ 1  1  1]   0  0.221  0.162  1.894
  3  133 Transmutate [    17 40  ]  -238.992  1552.036   3.011   -238.992 [ 1  1  1]   0  0.253  0.162  2.017
  3  134 Transmutate [    17 40  ]  -237.232  1552.036   3.011   -237.232 [ 1  1  1]   0  0.194  0.162  2.159
  3  135 Transmutate [    17 40  ]  -237.768  1552.036   3.011   -237.768 [ 1  1  1]   0  0.238  0.162  2.116
  3  136 Transmutate [    17 40  ]  -240.670  1552.036   3.011   -240.670 [ 1  1  1]   0  0.225  0.162  1.910
  3  137 keptBest    [    17 40  ]  -240.115  1372.438   3.405   -240.011 [ 1  1  1]   0  0.068  0.161  2.600
  3  138 keptBest    [    17 40  ]  -240.023  1552.036   3.011   -239.987 [ 1  1  1]   0  0.211  0.162  1.872
  3  139 keptBest    [    17 40  ]  -239.924  1552.036   3.011   -239.887 [ 1  1  1]   0  0.219  0.162  1.862
  3  140 keptBest    [    17 40  ]  -239.682  1552.036   3.011   -239.645 [ 1  1  1]   0  0.259  0.163  2.116
