-247.13433869249997
-232.64131082197102
-216.44505633599613
-232.3515406932939
-107.00561077890633
-147.0854719577328
-252.14868346013924
-224.53589987454922
-250.7935046345544
-109.85328323807414
-174.30379075290313
-247.48151717143472
-244.14605511425535
-232.27230401661603
-251.72528621120318
-211.01199101843505
-253.30309870327378
-245.3618310910424
-243.31058499062385
-240.28668960173735
-225.11798205773007
-238.65973009310292
-214.0215729440254
-227.3067856581514
-237.22503440696727
-240.2746575673129
-251.90179724020365
-237.48789675493143
-232.91049719978247
-239.60022910618864
-246.83997509431322
-222.91215750299753
-222.92467803253345
-249.25714045969076
-205.26907789489502
-248.98671038813654
-244.0784770610267
-236.86193445328985
-253.09096389656293
-245.2582860625903
-253.75359225084316
-250.32284983955986
-250.4712063892807
-251.99622770691434
-250.7168089458749
-240.0300285507974
-232.32666521733125
-244.7354703283769
-240.63773864564865
-241.4172364516096
-250.1891482549994
-247.96950960685666
-246.41075792854272
-245.08279706418898
-251.14960078274066
-240.26350347177058
-240.13304092130306
-243.88931129229826
-238.92302275287338
-243.51131514344542
-251.40748490092383
-245.4244221795621
-243.5931711830164
-240.91446043543556
-211.91089454284673
-188.91621519716276
-218.53480585055968
-248.48271656701118
-249.24689568248922
-220.44982915659915
-223.21749276642862
-233.2287384017542
-252.14868346013924
-248.48353700380426
-252.3521169657027
-252.3521169657027
-209.3992517781465
-234.2799427678905
-223.1362895623728
-240.47140148063067
-244.22141105985378
-221.27808355542658
-244.92131429048004
-238.71173006561705
-250.9482995166694
-247.0772222402136
-251.13050617381285
-239.44064287136547
-207.463378378757
-245.23593720474443
-249.52258026922686
-245.0159814028533
-211.31038851186537
-236.38912587539812
-250.18687297145374
-219.40122314266
-245.17117671379117
-242.67737847993732
-247.73716657577955
-247.690606009
-238.74437006727516
-241.6734487461805
-249.49129932043599
-249.3172920701511
-247.36930819850068
-238.19582272437455
-249.74899769511597
-212.36297323603594
-242.3497293288371
-234.4673262252554
-160.37738302958033
-185.21547445009975
-248.93304429136302
-250.71787883748553
-247.4252129263504
-248.4006903799044
-243.08109861198992
-250.9043111804697
-245.92356351989744
-250.55607268909847
-220.36493680211578
-252.69698100582656
-229.4932788110658
-248.04161955663977
-244.06162977858787
-251.69612692202915
-243.18449827659256
-247.53063770040762
-251.23975348145225
-247.7683135457505
-250.8915558842611
-250.04967422001766
