-216.144
-206.980
-216.306
-174.068
-210.369
-203.609
-216.090
-210.972
-214.723
-214.182
-210.587
-214.392
-211.111
-214.493
-211.985
-216.375
-210.244
-219.328
-200.181
-190.663
-210.196
-212.075
-215.054
-213.920
-214.679
-201.048
-210.695
-200.955
-219.057
-212.140
-198.413
-198.576
-215.671
-219.889
-153.902
-210.876
-207.159
-200.782
-214.991
-209.752
-211.387
-203.895
-213.066
-214.181
-218.506
-214.296
-221.484
-214.623
-203.682
-211.809
-210.580
-214.716
-212.869
-202.863
-214.200
-218.648
-215.693
-214.579
-217.886
-217.268
-219.282
-217.090
-219.725
-215.432
-216.520
-215.657
-214.726
-214.974
-217.412
-217.519
-214.610
-219.959
-216.000
-214.781
-219.520
-216.808
-214.554
-217.920
-216.718
-210.930
-205.003
-215.701
-212.436
-215.168
-214.403
-217.219
-211.954
-214.381
-216.268
-219.311
-214.758
-215.051
-219.464
-216.073
-220.422
-217.404
-216.517
-218.940
-215.054
-214.480
-213.508
-217.708
-216.136
-219.311
-221.484
-219.889
-219.328
-219.057
-218.506
-216.375
-216.090
-215.671
-217.874
-217.549
-218.831
-218.998
-217.318
-217.429
-218.901
-219.071
-216.393
-218.993
-217.448
-218.550
-217.144
-219.341
-217.445
-218.255
-218.475
-219.885
-218.446
-218.329
-218.375
-220.949
-215.925
-218.005
-217.227
-218.882
-217.838
-218.724
-207.566
-203.596
-213.613
-209.810
-209.250
-218.692
-218.255
-219.938
-220.431
-217.490
-219.450
-216.190
-219.462
-217.688
-218.649
-217.202
-216.537
-216.065
-218.939
-217.050
-219.430
-218.936
-221.484
-220.422
-219.959
-219.889
-219.464
-219.328
-219.057
-218.940
