  ID   Compositions    Enthalpies    Volumes    fitness  SYMM
                       (eV/atom)    (A^3/atom)    ()         
  47  [    24 24  ]     -4.6143     18.5345   -221.4841     0
 134  [    24 24  ]     -4.6031     20.6002   -220.9493     0
 149  [    24 24  ]     -4.5923     19.6041   -220.4307     0
  72  [    24 24  ]     -4.5825     22.6748   -219.9588     0
  34  [    24 24  ]     -4.5810     19.2896   -219.8895     0
 130  [    24 24  ]     -4.5809     25.0401   -219.8850     0
  63  [    24 24  ]     -4.5776     22.9758   -219.7246     0
  75  [    24 24  ]     -4.5733     24.4865   -219.5195     0
  93  [    24 24  ]     -4.5722     20.9031   -219.4640     0
 151  [    24 24  ]     -4.5719     21.2061   -219.4502     0
 161  [    24 24  ]     -4.5715     26.3568   -219.4300     0
 126  [    24 24  ]     -4.5696     25.9862   -219.3414     0
  18  [    24 24  ]     -4.5693     19.4354   -219.3277     0
  61  [    24 24  ]     -4.5684     21.2064   -219.2815     0
 120  [    24 24  ]     -4.5640     25.2518   -219.0707     0
  29  [    24 24  ]     -4.5637     17.1591   -219.0569     0
 116  [    24 24  ]     -4.5625     21.2459   -218.9977     0
 122  [    24 24  ]     -4.5624     18.4956   -218.9931     0
  98  [    24 24  ]     -4.5612     28.0619   -218.9398     0
 159  [    24 24  ]     -4.5612     24.6104   -218.9390     0
 162  [    24 24  ]     -4.5612     24.0744   -218.9364     0
 119  [    24 24  ]     -4.5604     25.1651   -218.9015     0
 138  [    24 24  ]     -4.5600     22.4797   -218.8816     0
 115  [    24 24  ]     -4.5590     22.9672   -218.8305     0
 140  [    24 24  ]     -4.5568     34.1234   -218.7241     0
 146  [    24 24  ]     -4.5561     42.4680   -218.6922     0
 155  [    24 24  ]     -4.5552     24.7332   -218.6486     0
 124  [    24 24  ]     -4.5531     22.6333   -218.5497     0
  45  [    24 24  ]     -4.5522     20.0823   -218.5056     0
 129  [    24 24  ]     -4.5516     21.7583   -218.4753     0
 131  [    24 24  ]     -4.5510     32.8126   -218.4464     0
 133  [    24 24  ]     -4.5495     20.7418   -218.3748     0
 132  [    24 24  ]     -4.5485     32.7334   -218.3292     0
 128  [    24 24  ]     -4.5470     22.2569   -218.2555     0
 147  [    24 24  ]     -4.5470     28.1379   -218.2546     0
 136  [    24 24  ]     -4.5418     33.3603   -218.0049     0
  78  [    24 24  ]     -4.5400     20.0252   -217.9201     0
  59  [    24 24  ]     -4.5393     23.1561   -217.8859     0
 113  [    24 24  ]     -4.5390     22.2874   -217.8741     0
 139  [    24 24  ]     -4.5383     23.6626   -217.8384     0
 102  [    24 24  ]     -4.5356     42.3369   -217.7084     0
 154  [    24 24  ]     -4.5352     21.5441   -217.6884     0
 114  [    24 24  ]     -4.5323     20.8234   -217.5492     0
  70  [    24 24  ]     -4.5317     17.6284   -217.5194     0
 123  [    24 24  ]     -4.5302     20.8341   -217.4481     0
 127  [    24 24  ]     -4.5301     27.9140   -217.4455     0
 118  [    24 24  ]     -4.5298     19.1634   -217.4288     0
  69  [    24 24  ]     -4.5294     22.0206   -217.4121     0
  96  [    24 24  ]     -4.5292     20.2582   -217.4038     0
 117  [    24 24  ]     -4.5275     22.9926   -217.3185     0
