Gen   ID    Origin   Composition    Enthalpy   Volume  Density   Fitness   KPOINTS  SYMM  Q_entr A_order S_order
                                      (eV)     (A^3)  (g/cm^3)
  1    1   Random    [    24 24  ]  -216.144   992.539   3.194   -216.144 [ 1  1  1]   0  0.000  0.018  0.006
  1    2   Random    [    24 24  ]  -206.980  1464.688   2.164   -206.980 [ 1  1  1]   0  0.000  0.012  0.004
  1    3   Random    [    24 24  ]  -216.306  1077.801   2.941   -216.306 [ 1  1  1]   0  0.153  0.019  0.005
  1    4   Random    [    24 24  ]  -174.068   518.066   6.119   -174.068 [ 1  1  1]   0  0.180  0.022  0.006
  1    5   Random    [    24 24  ]  -210.369   893.716   3.547   -210.369 [ 1  1  1]   0  0.290  0.018  0.003
  1    6   Random    [    24 24  ]  -203.609   865.343   3.663   -203.609 [ 1  1  1]   0  0.095  0.023  0.007
  1    7   Random    [    24 24  ]  -216.090   748.223   4.237   -216.090 [ 1  1  1]   0  0.177  0.015  0.004
  1    8   Random    [    24 24  ]  -210.972   868.556   3.650   -210.972 [ 1  1  1]   0  0.258  0.014  0.003
  1    9   Random    [    24 24  ]  -214.723   811.219   3.908   -214.723 [ 1  1  1]   0  0.220  0.015  0.004
  1   10   Random    [    24 24  ]  -214.182   894.679   3.543   -214.182 [ 1  1  1]   0  0.296  0.013  0.002
  1   11   Random    [    24 24  ]  -210.587  1058.118   2.996   -210.587 [ 1  1  1]   0  0.230  0.017  0.004
  1   12   Random    [    24 24  ]  -214.392  1296.683   2.445   -214.392 [ 1  1  1]   0  0.288  0.010  0.002
  1   13   Random    [    24 24  ]  -211.111   803.325   3.946   -211.111 [ 1  1  1]   0  0.254  0.018  0.004
  1   14   Random    [    24 24  ]  -214.493   956.192   3.315   -214.493 [ 1  1  1]   0  0.281  0.015  0.003
  1   15   Random    [    24 24  ]  -211.985  1220.748   2.597   -211.985 [ 1  1  1]   0  0.177  0.017  0.004
  1   16   Random    [    24 24  ]  -216.375   709.494   4.468   -216.375 [ 1  1  1]   0  0.252  0.016  0.003
  1   17   Random    [    24 24  ]  -210.244   949.271   3.340   -210.244 [ 1  1  1]   0  0.212  0.017  0.004
  1   18   Random    [    24 24  ]  -219.328   932.900   3.398   -219.328 [ 1  1  1]   0  0.000  0.018  0.006
  1   19   Random    [    24 24  ]  -200.181   571.269   5.549   -200.181 [ 1  1  1]   0  0.253  0.017  0.004
  1   20   Random    [    24 24  ]  -190.663   729.055   4.348   -190.663 [ 1  1  1]   0  0.222  0.023  0.005
  1   21   Random    [    24 24  ]  -210.196   721.489   4.394   -210.196 [ 1  1  1]   0  0.271  0.017  0.003
  1   22   Random    [    24 24  ]  -212.075   778.508   4.072   -212.075 [ 1  1  1]   0  0.230  0.013  0.003
  1   23   Random    [    24 24  ]  -215.054   756.457   4.191   -215.054 [ 1  1  1]   0  0.201  0.014  0.003
  1   24   Random    [    24 24  ]  -213.920   633.587   5.003   -213.920 [ 1  1  1]   0  0.190  0.016  0.004
  1   25   Random    [    24 24  ]  -214.679   841.360   3.768   -214.679 [ 1  1  1]   0  0.233  0.016  0.004
  1   26   Random    [    24 24  ]  -201.048   884.791   3.583   -201.048 [ 1  1  1]   0  0.262  0.016  0.003
  1   27   Random    [    24 24  ]  -210.695   609.967   5.197   -210.695 [ 1  1  1]   0  0.189  0.016  0.004
  1   28   Random    [    24 24  ]  -200.955   669.653   4.734   -200.955 [ 1  1  1]   0  0.215  0.021  0.005
  1   29   Random    [    24 24  ]  -219.057   823.639   3.849   -219.057 [ 1  1  1]   0  0.000  0.013  0.005
  1   30   Random    [    24 24  ]  -212.140  1010.214   3.138   -212.140 [ 1  1  1]   0  0.000  0.013  0.004
  1   31   Random    [    24 24  ]  -198.413   756.562   4.190   -198.413 [ 1  1  1]   0  0.218  0.023  0.005
  1   32   Random    [    24 24  ]  -198.576   682.765   4.643   -198.576 [ 1  1  1]   0  0.246  0.018  0.004
  1   33   Random    [    24 24  ]  -215.671   822.709   3.853   -215.671 [ 1  1  1]   0  0.225  0.016  0.004
  1   34   Random    [    24 24  ]  -219.889   925.902   3.424   -219.889 [ 1  1  1]   0  0.000  0.012  0.004
  1   35   Random    [    24 24  ]  -153.902   446.784   7.095   -153.902 [ 1  1  1]   0  0.151  0.028  0.009
  1   36   Random    [    24 24  ]  -210.876   584.898   5.420   -210.876 [ 1  1  1]   0  0.236  0.019  0.004
  1   37   Random    [    24 24  ]  -207.159   836.467   3.790   -207.159 [ 1  1  1]   0  0.269  0.015  0.003
  1   38   Random    [    24 24  ]  -200.782   814.557   3.892   -200.782 [ 1  1  1]   0  0.230  0.016  0.004
  1   39   Random    [    24 24  ]  -214.991   761.788   4.161   -214.991 [ 1  1  1]   0  0.240  0.015  0.003
  1   40   Random    [    24 24  ]  -209.752   716.820   4.422   -209.752 [ 1  1  1]   0  0.258  0.015  0.003
  1   41   Random    [    24 24  ]  -211.387   792.792   3.999   -211.387 [ 1  1  1]   0  0.204  0.016  0.004
  1   42   Random    [    24 24  ]  -203.895   567.120   5.590   -203.895 [ 1  1  1]   0  0.224  0.019  0.004
  1   43   Random    [    24 24  ]  -213.066   860.057   3.686   -213.066 [ 1  1  1]   0  0.250  0.017  0.003
  1   44   Random    [    24 24  ]  -214.181  1085.018   2.922   -214.181 [ 1  1  1]   0  0.137  0.015  0.004
  1   45   Random    [    24 24  ]  -218.506   963.950   3.289   -218.506 [ 1  1  1]   0  0.195  0.015  0.003
  1   46   Random    [    24 24  ]  -214.296  1215.641   2.608   -214.296 [ 1  1  1]   0  0.215  0.015  0.003
  1   47   Random    [    24 24  ]  -221.484   889.655   3.563   -221.484 [ 1  1  1]   0  0.000  0.019  0.006
  1   48   Random    [    24 24  ]  -214.623   612.376   5.177   -214.623 [ 1  1  1]   0  0.000  0.018  0.006
  1   49   Random    [    24 24  ]  -203.682   551.749   5.746   -203.682 [ 1  1  1]   0  0.248  0.018  0.004
  1   50   Random    [    24 24  ]  -211.809   750.741   4.223   -211.809 [ 1  1  1]   0  0.221  0.015  0.003
  1   51   Seeds     [    24 24  ]  -210.580  1604.259   1.976   -210.580 [ 1  1  1]   0  0.098  0.008  0.002
  1   52   Seeds     [    24 24  ]  -214.716  1076.760   2.944   -214.716 [ 1  1  1]   0  0.233  0.012  0.003
  1   53   Seeds     [    24 24  ]  -212.869  1120.389   2.829   -212.869 [ 1  1  1]   0  0.226  0.015  0.003
  1   54   Seeds     [    24 24  ]  -202.863  1581.447   2.005   -202.863 [ 1  1  1]   0  0.253  0.012  0.003
  2   55 Heredity    [    24 24  ]  -214.200   692.400   4.578   -214.200 [ 1  1  1]   0  0.291  0.015  0.003
  2   56 Heredity    [    24 24  ]  -218.648  1129.709   2.806   -218.648 [ 1  1  1]   0  0.251  0.012  0.002
  2   57 Heredity    [    24 24  ]  -215.693  1124.059   2.820   -215.693 [ 1  1  1]   0  0.269  0.016  0.003
  2   58 Heredity    [    24 24  ]  -214.579   924.215   3.430   -214.579 [ 1  1  1]   0  0.274  0.014  0.002
  2   59 Heredity    [    24 24  ]  -217.886  1111.493   2.852   -217.886 [ 1  1  1]   0  0.238  0.014  0.003
  2   60 Heredity    [    24 24  ]  -217.268  1153.142   2.749   -217.268 [ 1  1  1]   0  0.257  0.012  0.002
  2   61 Heredity    [    24 24  ]  -219.282  1017.910   3.114   -219.282 [ 1  1  1]   0  0.209  0.015  0.004
  2   62 Heredity    [    24 24  ]  -217.090   968.831   3.272   -217.090 [ 1  1  1]   0  0.284  0.015  0.003
  2   63 Heredity    [    24 24  ]  -219.725  1102.841   2.875   -219.725 [ 1  1  1]   0  0.228  0.015  0.003
  2   64 Heredity    [    24 24  ]  -215.432  1107.099   2.863   -215.432 [ 1  1  1]   0  0.290  0.014  0.002
  2   65 Heredity    [    24 24  ]  -216.520  1169.403   2.711   -216.520 [ 1  1  1]   0  0.242  0.018  0.004
  2   66 Heredity    [    24 24  ]  -215.657   806.957   3.928   -215.657 [ 1  1  1]   0  0.287  0.015  0.003
  2   67 Heredity    [    24 24  ]  -214.726   953.542   3.325   -214.726 [ 1  1  1]   0  0.233  0.018  0.004
  2   68 Heredity    [    24 24  ]  -214.974  1119.272   2.832   -214.974 [ 1  1  1]   0  0.258  0.016  0.003
  2   69 Heredity    [    24 24  ]  -217.412  1056.988   2.999   -217.412 [ 1  1  1]   0  0.273  0.012  0.002
  2   70 Heredity    [    24 24  ]  -217.519   846.163   3.746   -217.519 [ 1  1  1]   0  0.275  0.013  0.002
  2   71 Heredity    [    24 24  ]  -214.610  1107.655   2.862   -214.610 [ 1  1  1]   0  0.286  0.015  0.002
  2   72 Heredity    [    24 24  ]  -219.959  1088.388   2.913   -219.959 [ 1  1  1]   0  0.214  0.018  0.004
  2   73 Heredity    [    24 24  ]  -216.000  1088.284   2.913   -216.000 [ 1  1  1]   0  0.267  0.016  0.003
  2   74 Heredity    [    24 24  ]  -214.781  1034.444   3.065   -214.781 [ 1  1  1]   0  0.286  0.014  0.002
  2   75 Heredity    [    24 24  ]  -219.520  1175.352   2.697   -219.520 [ 1  1  1]   0  0.206  0.015  0.004
  2   76 Heredity    [    24 24  ]  -216.808   837.721   3.784   -216.808 [ 1  1  1]   0  0.299  0.015  0.002
  2   77 Heredity    [    24 24  ]  -214.554   779.655   4.066   -214.554 [ 1  1  1]   0  0.280  0.015  0.003
  2   78 Heredity    [    24 24  ]  -217.920   961.207   3.298   -217.920 [ 1  1  1]   0  0.258  0.012  0.002
  2   79 Heredity    [    24 24  ]  -216.718   879.777   3.603   -216.718 [ 1  1  1]   0  0.285  0.015  0.003
  2   80   Random    [    24 24  ]  -210.930  1053.332   3.010   -210.930 [ 1  1  1]   0  0.297  0.014  0.002
  2   81   Random    [    24 24  ]  -205.003   699.997   4.529   -205.003 [ 1  1  1]   0  0.282  0.018  0.003
  2   82   Random    [    24 24  ]  -215.701   966.726   3.279   -215.701 [ 1  1  1]   0  0.262  0.012  0.002
  2   83   Random    [    24 24  ]  -212.436  1049.118   3.022   -212.436 [ 1  1  1]   0  0.212  0.009  0.002
  2   84   Random    [    24 24  ]  -215.168  1397.684   2.268   -215.168 [ 1  1  1]   0  0.000  0.008  0.003
  2   85   Random    [    24 24  ]  -214.403  1021.563   3.103   -214.403 [ 1  1  1]   0  0.234  0.014  0.003
  2   86   Random    [    24 24  ]  -217.219   899.362   3.525   -217.219 [ 1  1  1]   0  0.211  0.014  0.003
  2   87   Random    [    24 24  ]  -211.954   860.640   3.683   -211.954 [ 1  1  1]   0  0.240  0.016  0.003
  2   88 softmutate  [    24 24  ]  -214.381  1342.115   2.362   -214.381 [ 1  1  1]   0  0.297  0.010  0.002
  2   89 softmutate  [    24 24  ]  -216.268   967.245   3.277   -216.268 [ 1  1  1]   0  0.125  0.018  0.005
  2   90 softmutate  [    24 24  ]  -219.311   697.456   4.545   -219.311 [ 1  1  1]   0  0.006  0.017  0.006
  2   91 softmutate  [    24 24  ]  -214.758  1736.700   1.825   -214.758 [ 1  1  1]   0  0.311  0.009  0.001
  2   92 softmutate  [    24 24  ]  -215.051   702.426   4.513   -215.051 [ 1  1  1]   0  0.210  0.015  0.004
  2   93 softmutate  [    24 24  ]  -219.464  1003.347   3.160   -219.464 [ 1  1  1]   0  0.174  0.013  0.003
  2   94 softmutate  [    24 24  ]  -216.073  1072.511   2.956   -216.073 [ 1  1  1]   0  0.181  0.018  0.005
  2   95 softmutate  [    24 24  ]  -220.422   863.433   3.672   -220.422 [ 1  1  1]   0  0.129  0.018  0.005
  2   96 softmutate  [    24 24  ]  -217.404   972.395   3.260   -217.404 [ 1  1  1]   0  0.191  0.012  0.003
  2   97 softmutate  [    24 24  ]  -216.517   738.515   4.293   -216.517 [ 1  1  1]   0  0.284  0.017  0.003
  2   98 softmutate  [    24 24  ]  -218.940  1346.970   2.354   -218.940 [ 1  1  1]   0  0.211  0.013  0.003
  2   99 softmutate  [    24 24  ]  -215.054   744.313   4.259   -215.054 [ 1  1  1]   0  0.209  0.015  0.003
  2  100 softmutate  [    24 24  ]  -214.480  2004.239   1.582   -214.480 [ 1  1  1]   0  0.300  0.010  0.001
  2  101 softmutate  [    24 24  ]  -213.508  2484.145   1.276   -213.508 [ 1  1  1]   0  0.298  0.007  0.001
  2  102 softmutate  [    24 24  ]  -217.708  2032.171   1.560   -217.708 [ 1  1  1]   0  0.299  0.010  0.001
  2  103 softmutate  [    24 24  ]  -216.136   729.063   4.348   -216.136 [ 1  1  1]   0  0.204  0.014  0.004
  2  104 softmutate  [    24 24  ]  -219.311  1044.165   3.036   -219.311 [ 1  1  1]   0  0.008  0.017  0.005
  2  105 keptBest    [    24 24  ]  -221.484   889.655   3.563   -221.484 [ 1  1  1]   0  0.000  0.019  0.006
  2  106 keptBest    [    24 24  ]  -219.889   925.902   3.424   -219.889 [ 1  1  1]   0  0.000  0.012  0.004
  2  107 keptBest    [    24 24  ]  -219.328   932.900   3.398   -219.328 [ 1  1  1]   0  0.000  0.018  0.006
  2  108 keptBest    [    24 24  ]  -219.057   823.639   3.849   -219.057 [ 1  1  1]   0  0.000  0.013  0.005
  2  109 keptBest    [    24 24  ]  -218.506   963.950   3.289   -218.506 [ 1  1  1]   0  0.195  0.015  0.003
  2  110 keptBest    [    24 24  ]  -216.375   709.494   4.468   -216.375 [ 1  1  1]   0  0.252  0.016  0.003
  2  111 keptBest    [    24 24  ]  -216.090   748.223   4.237   -216.090 [ 1  1  1]   0  0.177  0.015  0.004
  2  112 keptBest    [    24 24  ]  -215.671   822.709   3.853   -215.671 [ 1  1  1]   0  0.225  0.016  0.004
  3  113 Heredity    [    24 24  ]  -217.874  1069.793   2.963   -217.874 [ 1  1  1]   0  0.206  0.011  0.002
  3  114 Heredity    [    24 24  ]  -217.549   999.522   3.172   -217.549 [ 1  1  1]   0  0.283  0.015  0.003
  3  115 Heredity    [    24 24  ]  -218.831  1102.426   2.876   -218.831 [ 1  1  1]   0  0.231  0.015  0.003
  3  116 Heredity    [    24 24  ]  -218.998  1019.805   3.109   -218.998 [ 1  1  1]   0  0.270  0.017  0.003
  3  117 Heredity    [    24 24  ]  -217.318  1103.647   2.872   -217.318 [ 1  1  1]   0  0.273  0.012  0.002
  3  118 Heredity    [    24 24  ]  -217.429   919.844   3.446   -217.429 [ 1  1  1]   0  0.280  0.015  0.003
  3  119 Heredity    [    24 24  ]  -218.901  1207.924   2.624   -218.901 [ 1  1  1]   0  0.232  0.014  0.003
  3  120 Heredity    [    24 24  ]  -219.071  1212.085   2.615   -219.071 [ 1  1  1]   0  0.264  0.015  0.003
  3  121 Heredity    [    24 24  ]  -216.393  1624.836   1.951   -216.393 [ 1  1  1]   0  0.297  0.011  0.002
  3  122 Heredity    [    24 24  ]  -218.993   887.787   3.571   -218.993 [ 1  1  1]   0  0.249  0.017  0.004
  3  123 Heredity    [    24 24  ]  -217.448  1000.038   3.170   -217.448 [ 1  1  1]   0  0.223  0.012  0.003
  3  124 Heredity    [    24 24  ]  -218.550  1086.397   2.918   -218.550 [ 1  1  1]   0  0.298  0.013  0.002
  3  125 Heredity    [    24 24  ]  -217.144  1265.499   2.505   -217.144 [ 1  1  1]   0  0.289  0.013  0.002
  3  126 Heredity    [    24 24  ]  -219.341  1247.339   2.542   -219.341 [ 1  1  1]   0  0.257  0.012  0.002
  3  127 Heredity    [    24 24  ]  -217.445  1339.872   2.366   -217.445 [ 1  1  1]   0  0.296  0.012  0.002
  3  128 Heredity    [    24 24  ]  -218.255  1068.333   2.967   -218.255 [ 1  1  1]   0  0.257  0.012  0.002
  3  129 Heredity    [    24 24  ]  -218.475  1044.398   3.035   -218.475 [ 1  1  1]   0  0.274  0.014  0.003
  3  130 Heredity    [    24 24  ]  -219.885  1201.924   2.638   -219.885 [ 1  1  1]   0  0.175  0.016  0.004
  3  131 Heredity    [    24 24  ]  -218.446  1575.003   2.013   -218.446 [ 1  1  1]   0  0.257  0.013  0.003
  3  132 Heredity    [    24 24  ]  -218.329  1571.201   2.018   -218.329 [ 1  1  1]   0  0.303  0.013  0.002
  3  133 Heredity    [    24 24  ]  -218.375   995.607   3.184   -218.375 [ 1  1  1]   0  0.265  0.017  0.003
  3  134 Heredity    [    24 24  ]  -220.949   988.809   3.206   -220.949 [ 1  1  1]   0  0.232  0.016  0.004
  3  135 Heredity    [    24 24  ]  -215.925  1116.714   2.839   -215.925 [ 1  1  1]   0  0.286  0.013  0.002
  3  136 Heredity    [    24 24  ]  -218.005  1601.294   1.980   -218.005 [ 1  1  1]   0  0.295  0.014  0.002
  3  137 Heredity    [    24 24  ]  -217.227  1058.958   2.994   -217.227 [ 1  1  1]   0  0.294  0.013  0.002
  3  138 Heredity    [    24 24  ]  -218.882  1079.028   2.938   -218.882 [ 1  1  1]   0  0.246  0.014  0.003
  3  139 Heredity    [    24 24  ]  -217.838  1135.806   2.791   -217.838 [ 1  1  1]   0  0.295  0.014  0.002
  3  140 Heredity    [    24 24  ]  -218.724  1637.922   1.935   -218.724 [ 1  1  1]   0  0.282  0.012  0.002
  3  141   Random    [    24 24  ]  -207.566  1315.305   2.410   -207.566 [ 1  1  1]   0  0.000  0.017  0.005
  3  142   Random    [    24 24  ]  -203.596   664.406   4.771   -203.596 [ 1  1  1]   0  0.225  0.018  0.004
  3  143   Random    [    24 24  ]  -213.613   942.175   3.365   -213.613 [ 1  1  1]   0  0.235  0.015  0.003
  3  144   Random    [    24 24  ]  -209.810  1052.761   3.011   -209.810 [ 1  1  1]   0  0.240  0.015  0.003
  3  145   Random    [    24 24  ]  -209.250   898.255   3.529   -209.250 [ 1  1  1]   0  0.272  0.016  0.003
  3  146 softmutate  [    24 24  ]  -218.692  2038.463   1.555   -218.692 [ 1  1  1]   0  0.271  0.012  0.002
  3  147 softmutate  [    24 24  ]  -218.255  1350.617   2.347   -218.255 [ 1  1  1]   0  0.242  0.015  0.003
  3  148 softmutate  [    24 24  ]  -219.938  1070.353   2.962   -219.938 [ 1  1  1]   0  0.227  0.017  0.004
  3  149 softmutate  [    24 24  ]  -220.431   940.996   3.369   -220.431 [ 1  1  1]   0  0.135  0.017  0.005
  3  150 softmutate  [    24 24  ]  -217.490   825.909   3.838   -217.490 [ 1  1  1]   0  0.276  0.013  0.002
  3  151 softmutate  [    24 24  ]  -219.450  1017.891   3.114   -219.450 [ 1  1  1]   0  0.209  0.013  0.003
  3  152 softmutate  [    24 24  ]  -216.190  1491.951   2.125   -216.190 [ 1  1  1]   0  0.265  0.011  0.002
  3  153 softmutate  [    24 24  ]  -219.462  1021.727   3.103   -219.462 [ 1  1  1]   0  0.198  0.014  0.003
  3  154 softmutate  [    24 24  ]  -217.688  1034.114   3.066   -217.688 [ 1  1  1]   0  0.302  0.012  0.002
  3  155 softmutate  [    24 24  ]  -218.649  1187.192   2.670   -218.649 [ 1  1  1]   0  0.251  0.012  0.002
  3  156 softmutate  [    24 24  ]  -217.202   857.644   3.696   -217.202 [ 1  1  1]   0  0.213  0.014  0.003
  3  157 softmutate  [    24 24  ]  -216.537   985.224   3.218   -216.537 [ 1  1  1]   0  0.297  0.014  0.002
  3  158 softmutate  [    24 24  ]  -216.065  1710.108   1.854   -216.065 [ 1  1  1]   0  0.288  0.011  0.002
  3  159 softmutate  [    24 24  ]  -218.939  1181.299   2.684   -218.939 [ 1  1  1]   0  0.299  0.016  0.002
  3  160 softmutate  [    24 24  ]  -217.050  1174.604   2.699   -217.050 [ 1  1  1]   0  0.291  0.012  0.002
  3  161 softmutate  [    24 24  ]  -219.430  1265.128   2.506   -219.430 [ 1  1  1]   0  0.247  0.016  0.003
  3  162 softmutate  [    24 24  ]  -218.936  1155.573   2.743   -218.936 [ 1  1  1]   0  0.299  0.014  0.002
  3  163 keptBest    [    24 24  ]  -221.484   889.655   3.563   -221.484 [ 1  1  1]   0  0.000  0.019  0.006
  3  164 keptBest    [    24 24  ]  -220.422   863.433   3.672   -220.422 [ 1  1  1]   0  0.129  0.018  0.005
  3  165 keptBest    [    24 24  ]  -219.959  1088.388   2.913   -219.959 [ 1  1  1]   0  0.214  0.018  0.004
  3  166 keptBest    [    24 24  ]  -219.889   925.902   3.424   -219.889 [ 1  1  1]   0  0.000  0.012  0.004
  3  167 keptBest    [    24 24  ]  -219.464  1003.347   3.160   -219.464 [ 1  1  1]   0  0.174  0.013  0.003
  3  168 keptBest    [    24 24  ]  -219.328   932.900   3.398   -219.328 [ 1  1  1]   0  0.000  0.018  0.006
  3  169 keptBest    [    24 24  ]  -219.057   823.639   3.849   -219.057 [ 1  1  1]   0  0.000  0.013  0.005
  3  170 keptBest    [    24 24  ]  -218.940  1346.970   2.354   -218.940 [ 1  1  1]   0  0.211  0.013  0.003
