 ID    Origin    Enthalpy   Parent-E   Parent-ID
   1   Random      -4.503    -4.503  [         0]
   2   Random      -4.312    -4.312  [         0]
   3   Random      -4.506    -4.506  [         0]
   4   Random      -3.626    -3.626  [         0]
   5   Random      -4.383    -4.383  [         0]
   6   Random      -4.242    -4.242  [         0]
   7   Random      -4.502    -4.502  [         0]
   8   Random      -4.395    -4.395  [         0]
   9   Random      -4.473    -4.473  [         0]
  10   Random      -4.462    -4.462  [         0]
  11   Random      -4.387    -4.387  [         0]
  12   Random      -4.466    -4.466  [         0]
  13   Random      -4.398    -4.398  [         0]
  14   Random      -4.469    -4.469  [         0]
  15   Random      -4.416    -4.416  [         0]
  16   Random      -4.508    -4.508  [         0]
  17   Random      -4.380    -4.380  [         0]
  18   Random      -4.569    -4.569  [         0]
  19   Random      -4.170    -4.170  [         0]
  20   Random      -3.972    -3.972  [         0]
  21   Random      -4.379    -4.379  [         0]
  22   Random      -4.418    -4.418  [         0]
  23   Random      -4.480    -4.480  [         0]
  24   Random      -4.457    -4.457  [         0]
  25   Random      -4.472    -4.472  [         0]
  26   Random      -4.189    -4.189  [         0]
  27   Random      -4.389    -4.389  [         0]
  28   Random      -4.187    -4.187  [         0]
  29   Random      -4.564    -4.564  [         0]
  30   Random      -4.420    -4.420  [         0]
  31   Random      -4.134    -4.134  [         0]
  32   Random      -4.137    -4.137  [         0]
  33   Random      -4.493    -4.493  [         0]
  34   Random      -4.581    -4.581  [         0]
  35   Random      -3.206    -3.206  [         0]
  36   Random      -4.393    -4.393  [         0]
  37   Random      -4.316    -4.316  [         0]
  38   Random      -4.183    -4.183  [         0]
  39   Random      -4.479    -4.479  [         0]
  40   Random      -4.370    -4.370  [         0]
  41   Random      -4.404    -4.404  [         0]
  42   Random      -4.248    -4.248  [         0]
  43   Random      -4.439    -4.439  [         0]
  44   Random      -4.462    -4.462  [         0]
  45   Random      -4.552    -4.552  [         0]
  46   Random      -4.465    -4.465  [         0]
  47   Random      -4.614    -4.614  [         0]
  48   Random      -4.471    -4.471  [         0]
  49   Random      -4.243    -4.243  [         0]
  50   Random      -4.413    -4.413  [         0]
  51   Seeds       -4.387    [          ]
  52   Seeds       -4.473    [          ]
  53   Seeds       -4.435    [          ]
  54   Seeds       -4.226    [          ]
  55 Heredity      -4.463    -4.494  [    23  16]
  56 Heredity      -4.555    -4.572  [    34  29]
  57 Heredity      -4.494    -4.491  [    39   1]
  58 Heredity      -4.470    -4.464  [    30  16]
  59 Heredity      -4.539    -4.544  [    34   3]
  60 Heredity      -4.526    -4.518  [    29  52]
  61 Heredity      -4.568    -4.589  [    29  47]
  62 Heredity      -4.523    -4.523  [    45  33]
  63 Heredity      -4.578    -4.598  [    47  34]
  64 Heredity      -4.488    -4.472  [    39  46]
  65 Heredity      -4.511    -4.538  [     3  18]
  66 Heredity      -4.493    -4.486  [    46  16]
  67 Heredity      -4.473    -4.505  [      1  3]
  68 Heredity      -4.479    -4.484  [     1  46]
  69 Heredity      -4.529    -4.530  [    39  34]
  70 Heredity      -4.532    -4.519  [    24  34]
  71 Heredity      -4.471    -4.478  [    33  44]
  72 Heredity      -4.582    -4.592  [    18  47]
  73 Heredity      -4.500    -4.517  [    46  18]
  74 Heredity      -4.475    -4.457  [     7  50]
  75 Heredity      -4.573    -4.589  [    29  47]
  76 Heredity      -4.517    -4.504  [    24  45]
  77 Heredity      -4.470    -4.486  [    39  33]
  78 Heredity      -4.540    -4.531  [    23  34]
  79 Heredity      -4.515    -4.512  [    25  45]
  80   Random      -4.394    -4.394  [         0]
  81   Random      -4.271    -4.271  [         0]
  82   Random      -4.494    -4.494  [         0]
  83   Random      -4.426    -4.426  [         0]
  84   Random      -4.483    -4.483  [         0]
  85   Random      -4.467    -4.467  [         0]
  86   Random      -4.525    -4.525  [         0]
  87   Random      -4.416    -4.416  [         0]
  88 softmutate    -4.466    -4.466  [        12]
  89 softmutate    -4.506    -4.503  [         1]
  90 softmutate    -4.569    -4.569  [        18]
  91 softmutate    -4.474    -4.503  [         1]
  92 softmutate    -4.480    -4.480  [        23]
  93 softmutate    -4.572    -4.614  [        47]
  94 softmutate    -4.502    -4.506  [         3]
  95 softmutate    -4.592    -4.614  [        47]
  96 softmutate    -4.529    -4.564  [        29]
  97 softmutate    -4.511    -4.508  [        16]
  98 softmutate    -4.561    -4.569  [        18]
  99 softmutate    -4.480    -4.480  [        23]
 100 softmutate    -4.468    -4.581  [        34]
 101 softmutate    -4.448    -4.506  [         3]
 102 softmutate    -4.536    -4.581  [        34]
 103 softmutate    -4.503    -4.502  [         7]
 104 softmutate    -4.569    -4.569  [        18]
 105 keptBest      -4.614    -4.614  [        47]
 106 keptBest      -4.581    -4.581  [        34]
 107 keptBest      -4.569    -4.569  [        18]
 108 keptBest      -4.564    -4.564  [        29]
 109 keptBest      -4.552    -4.552  [        45]
 110 keptBest      -4.508    -4.508  [        16]
 111 keptBest      -4.502    -4.502  [         7]
 112 keptBest      -4.493    -4.493  [        33]
 113 Heredity      -4.539    -4.561  [   78  106]
 114 Heredity      -4.532    -4.563  [  109   75]
 115 Heredity      -4.559    -4.589  [  105  108]
 116 Heredity      -4.562    -4.575  [    72  61]
 117 Heredity      -4.527    -4.555  [  106   69]
 118 Heredity      -4.530    -4.534  [   79  109]
 119 Heredity      -4.560    -4.575  [    93  63]
 120 Heredity      -4.564    -4.573  [   63  107]
 121 Heredity      -4.508    -4.550  [  102  108]
 122 Heredity      -4.562    -4.545  [  110   72]
 123 Heredity      -4.530    -4.561  [   78  106]
 124 Heredity      -4.553    -4.539  [    62  56]
 125 Heredity      -4.524    -4.564  [    75  56]
 126 Heredity      -4.570    -4.577  [  106   93]
 127 Heredity      -4.530    -4.544  [  102  109]
 128 Heredity      -4.547    -4.554  [  106   60]
 129 Heredity      -4.552    -4.564  [    75  56]
 130 Heredity      -4.581    -4.593  [   93  105]
 131 Heredity      -4.551    -4.552  [  107  102]
 132 Heredity      -4.549    -4.567  [    98  93]
 133 Heredity      -4.549    -4.577  [  105   59]
 134 Heredity      -4.603    -4.603  [   95  105]
 135 Heredity      -4.498    -4.535  [    96  78]
 136 Heredity      -4.542    -4.550  [    59  98]
 137 Heredity      -4.526    -4.548  [   70  108]
 138 Heredity      -4.560    -4.566  [    63  56]
 139 Heredity      -4.538    -4.556  [    69  72]
 140 Heredity      -4.557    -4.551  [    78  98]
 141   Random      -4.324    -4.324  [         0]
 142   Random      -4.242    -4.242  [         0]
 143   Random      -4.450    -4.450  [         0]
 144   Random      -4.371    -4.371  [         0]
 145   Random      -4.359    -4.359  [         0]
 146 softmutate    -4.556    -4.569  [       107]
 147 softmutate    -4.547    -4.592  [        95]
 148 softmutate    -4.582    -4.582  [        72]
 149 softmutate    -4.592    -4.614  [       105]
 150 softmutate    -4.531    -4.532  [        70]
 151 softmutate    -4.572    -4.572  [        93]
 152 softmutate    -4.504    -4.529  [        96]
 153 softmutate    -4.572    -4.572  [        93]
 154 softmutate    -4.535    -4.540  [        78]
 155 softmutate    -4.555    -4.555  [        56]
 156 softmutate    -4.525    -4.525  [        86]
 157 softmutate    -4.511    -4.515  [        79]
 158 softmutate    -4.501    -4.569  [       107]
 159 softmutate    -4.561    -4.582  [        72]
 160 softmutate    -4.522    -4.529  [        69]
 161 softmutate    -4.571    -4.582  [        72]
 162 softmutate    -4.561    -4.578  [        63]
 163 keptBest      -4.614    -4.614  [       105]
 164 keptBest      -4.592    -4.592  [        95]
 165 keptBest      -4.582    -4.582  [        72]
 166 keptBest      -4.581    -4.581  [       106]
 167 keptBest      -4.572    -4.572  [        93]
 168 keptBest      -4.569    -4.569  [       107]
 169 keptBest      -4.564    -4.564  [       108]
 170 keptBest      -4.561    -4.561  [        98]
