-173.042
-177.688
-180.259
-181.004
-175.568
-172.390
-175.126
-183.814
-168.587
-176.063
-174.108
-164.540
-171.720
-182.046
-155.771
-175.793
-164.462
-179.524
-170.239
-156.791
-160.538
-167.763
-186.502
-178.611
-171.768
-176.743
-144.295
-180.662
-180.189
-160.518
-176.020
-164.339
-177.338
-170.973
-146.700
-168.458
-163.057
-176.371
-171.841
-175.510
-169.299
-155.938
-167.762
-179.723
-175.375
-181.279
-146.125
-173.782
-175.228
-180.380
-176.733
-164.848
-180.590
-111.452
-177.324
-182.288
-180.781
-179.742
-180.868
-181.212
-179.186
-179.446
-179.331
-177.701
-178.506
-182.332
-176.174
-177.855
-180.960
-177.643
-179.395
-182.581
-179.753
-176.972
-177.933
-174.144
-183.901
-178.041
-179.331
-176.846
-173.714
-183.746
-165.280
-172.742
-170.357
-180.634
-173.271
-162.164
-179.415
-180.232
-176.752
-174.272
-181.467
-176.370
-178.628
-186.543
-176.751
-186.377
-179.482
-179.462
-180.693
-176.319
-180.645
-177.506
-186.412
-186.502
-183.814
-182.046
-181.004
-180.662
-180.590
-180.380
-180.259
-181.178
-182.129
-183.994
-179.108
-180.748
-181.251
-177.828
-182.680
-179.838
-179.567
-181.195
-182.348
-183.395
-181.349
-181.351
-182.071
-181.799
-180.958
-178.910
-180.740
-183.829
-181.136
-180.598
-178.398
-178.437
-183.264
-179.840
-179.163
-185.226
-178.179
-181.368
-180.345
-177.809
-179.147
-175.364
-178.944
-172.748
-184.107
-181.450
-183.980
-181.040
-180.700
-182.808
-182.642
-183.731
-181.475
-180.272
-179.051
-173.086
-180.203
-186.543
-183.814
-183.746
-182.046
-181.004
-180.693
-180.590
-180.380
