  ID   Compositions    Enthalpies    Volumes    fitness  SYMM
                       (eV/atom)    (A^3/atom)    ()         
  96  [    18 24  ]     -4.4415     21.5024   -186.5427     0
 142  [    18 24  ]     -4.4101     18.0282   -185.2255     0
 151  [    18 24  ]     -4.3835     19.4496   -184.1073     0
 116  [    18 24  ]     -4.3808     22.3722   -183.9939     0
 134  [    18 24  ]     -4.3769     20.9525   -183.8289     0
   8  [    18 24  ]     -4.3765     19.3033   -183.8138     0
  82  [    18 24  ]     -4.3749     21.3675   -183.7461     0
 158  [    18 24  ]     -4.3746     18.9501   -183.7314     0
 126  [    18 24  ]     -4.3665     20.3705   -183.3949     0
 139  [    18 24  ]     -4.3634     21.6041   -183.2639     0
 156  [    18 24  ]     -4.3526     26.1597   -182.8081     0
 121  [    18 24  ]     -4.3495     19.3912   -182.6796     0
 157  [    18 24  ]     -4.3486     22.9901   -182.6415     0
  72  [    18 24  ]     -4.3472     21.8705   -182.5811     0
 125  [    18 24  ]     -4.3416     21.7203   -182.3477     0
  66  [    18 24  ]     -4.3412     29.3514   -182.3324     0
  56  [    18 24  ]     -4.3402     23.8064   -182.2883     0
 115  [    18 24  ]     -4.3364     22.5963   -182.1293     0
 129  [    18 24  ]     -4.3350     20.5662   -182.0710     0
  14  [    18 24  ]     -4.3344     12.6856   -182.0464     0
 130  [    18 24  ]     -4.3286     22.8805   -181.7993     0
 159  [    18 24  ]     -4.3208     25.5036   -181.4747     0
 144  [    18 24  ]     -4.3183     15.8719   -181.3676     0
 128  [    18 24  ]     -4.3179     27.7145   -181.3506     0
 127  [    18 24  ]     -4.3178     18.9942   -181.3489     0
  46  [    18 24  ]     -4.3162     18.3710   -181.2788     0
 119  [    18 24  ]     -4.3155     25.5719   -181.2510     0
  60  [    18 24  ]     -4.3146     19.3833   -181.2122     0
 124  [    18 24  ]     -4.3142     19.2198   -181.1945     0
 114  [    18 24  ]     -4.3138     19.4323   -181.1781     0
 135  [    18 24  ]     -4.3128     19.9891   -181.1364     0
 154  [    18 24  ]     -4.3105     17.4980   -181.0397     0
   4  [    18 24  ]     -4.3096     16.5515   -181.0040     0
  69  [    18 24  ]     -4.3086     26.3693   -180.9600     0
 131  [    18 24  ]     -4.3085     20.5909   -180.9582     0
  59  [    18 24  ]     -4.3064     29.5457   -180.8680     0
  57  [    18 24  ]     -4.3043     21.2135   -180.7810     0
 118  [    18 24  ]     -4.3035     19.6087   -180.7483     0
 133  [    18 24  ]     -4.3033     21.4837   -180.7397     0
 155  [    18 24  ]     -4.3024     21.4730   -180.7002     0
 101  [    18 24  ]     -4.3022     19.9468   -180.6927     0
  86  [    18 24  ]     -4.3008      8.3123   -180.6337     0
 136  [    18 24  ]     -4.3000     22.8336   -180.5984     0
  53  [    18 24  ]     -4.2998     27.6113   -180.5901     0
  50  [    18 24  ]     -4.2948     24.4179   -180.3795     0
 145  [    18 24  ]     -4.2939     17.8099   -180.3446     0
 160  [    18 24  ]     -4.2922     19.6573   -180.2722     0
   3  [    18 24  ]     -4.2919     19.3747   -180.2587     0
  90  [    18 24  ]     -4.2912     15.9360   -180.2320     0
 163  [    18 24  ]     -4.2905     27.4991   -180.2026     0
