Gen   ID    Origin   Composition    Enthalpy   Volume  Density   Fitness   KPOINTS  SYMM  Q_entr A_order S_order
                                      (eV)     (A^3)  (g/cm^3)
  1    1   Random    [    18 24  ]  -173.042   578.772   5.202   -173.042 [ 1  1  1]   0  0.127  0.018  0.005
  1    2   Random    [    18 24  ]  -177.688  1004.093   2.998   -177.688 [ 1  1  1]   0  0.166  0.019  0.005
  1    3   Random    [    18 24  ]  -180.259   813.735   3.700   -180.259 [ 1  1  1]   0  0.206  0.015  0.003
  1    4   Random    [    18 24  ]  -181.004   695.164   4.331   -181.004 [ 1  1  1]   0  0.197  0.021  0.005
  1    5   Random    [    18 24  ]  -175.568   608.058   4.951   -175.568 [ 1  1  1]   0  0.256  0.025  0.005
  1    6   Random    [    18 24  ]  -172.390   907.648   3.317   -172.390 [ 1  1  1]   0  0.269  0.016  0.003
  1    7   Random    [    18 24  ]  -175.126   665.451   4.524   -175.126 [ 1  1  1]   0  0.062  0.023  0.007
  1    8   Random    [    18 24  ]  -183.814   810.738   3.714   -183.814 [ 1  1  1]   0  0.228  0.015  0.003
  1    9   Random    [    18 24  ]  -168.587   746.409   4.034   -168.587 [ 1  1  1]   0  0.242  0.022  0.005
  1   10   Random    [    18 24  ]  -176.063   736.266   4.089   -176.063 [ 1  1  1]   0  0.155  0.015  0.004
  1   11   Random    [    18 24  ]  -174.108   795.584   3.784   -174.108 [ 1  1  1]   0  0.265  0.020  0.004
  1   12   Random    [    18 24  ]  -164.540   782.907   3.846   -164.540 [ 1  1  1]   0  0.178  0.017  0.004
  1   13   Random    [    18 24  ]  -171.720   612.540   4.915   -171.720 [ 1  1  1]   0  0.188  0.021  0.005
  1   14   Random    [    18 24  ]  -182.046   532.796   5.651   -182.046 [ 1  1  1]   0  0.207  0.023  0.005
  1   15   Random    [    18 24  ]  -155.771   554.595   5.429   -155.771 [ 1  1  1]   0  0.183  0.020  0.005
  1   16   Random    [    18 24  ]  -175.793   700.275   4.299   -175.793 [ 1  1  1]   0  0.281  0.016  0.003
  1   17   Random    [    18 24  ]  -164.462   550.950   5.465   -164.462 [ 1  1  1]   0  0.227  0.022  0.005
  1   18   Random    [    18 24  ]  -179.524   591.214   5.092   -179.524 [ 1  1  1]   0  0.212  0.021  0.005
  1   19   Random    [    18 24  ]  -170.239   692.574   4.347   -170.239 [ 1  1  1]   0  0.259  0.021  0.004
  1   20   Random    [    18 24  ]  -156.791   546.759   5.506   -156.791 [ 1  1  1]   0  0.175  0.022  0.006
  1   21   Random    [    18 24  ]  -160.538   564.625   5.332   -160.538 [ 1  1  1]   0  0.063  0.024  0.008
  1   22   Random    [    18 24  ]  -167.763   651.602   4.620   -167.763 [ 1  1  1]   0  0.269  0.019  0.004
  1   23   Random    [    18 24  ]  -186.502   897.058   3.356   -186.502 [ 1  1  1]   0  0.155  0.024  0.006
  1   24   Random    [    18 24  ]  -178.611   867.049   3.472   -178.611 [ 1  1  1]   0  0.293  0.014  0.002
  1   25   Random    [    18 24  ]  -171.768   546.359   5.511   -171.768 [ 1  1  1]   0  0.101  0.022  0.007
  1   26   Random    [    18 24  ]  -176.743   715.421   4.208   -176.743 [ 1  1  1]   0  0.203  0.018  0.005
  1   27   Random    [    18 24  ]  -144.295   494.955   6.083   -144.295 [ 1  1  1]   0  0.248  0.022  0.005
  1   28   Random    [    18 24  ]  -180.662   834.233   3.609   -180.662 [ 1  1  1]   0  0.172  0.017  0.004
  1   29   Random    [    18 24  ]  -180.189   594.810   5.062   -180.189 [ 1  1  1]   0  0.027  0.021  0.007
  1   30   Random    [    18 24  ]  -160.518   759.989   3.962   -160.518 [ 1  1  1]   0  0.179  0.022  0.006
  1   31   Random    [    18 24  ]  -176.020   781.790   3.851   -176.020 [ 1  1  1]   0  0.165  0.017  0.004
  1   32   Random    [    18 24  ]  -164.339   713.649   4.219   -164.339 [ 1  1  1]   0  0.249  0.020  0.004
  1   33   Random    [    18 24  ]  -177.338  1262.448   2.385   -177.338 [ 1  1  1]   0  0.207  0.011  0.002
  1   34   Random    [    18 24  ]  -170.973   909.085   3.312   -170.973 [ 1  1  1]   0  0.187  0.017  0.004
  1   35   Random    [    18 24  ]  -146.700   941.382   3.198   -146.700 [ 1  1  1]   0  0.163  0.024  0.006
  1   36   Random    [    18 24  ]  -168.458   679.672   4.430   -168.458 [ 1  1  1]   0  0.093  0.019  0.006
  1   37   Random    [    18 24  ]  -163.057   575.983   5.227   -163.057 [ 1  1  1]   0  0.143  0.021  0.006
  1   38   Random    [    18 24  ]  -176.371   497.612   6.050   -176.371 [ 1  1  1]   0  0.118  0.016  0.005
  1   39   Random    [    18 24  ]  -171.841   521.653   5.771   -171.841 [ 1  1  1]   0  0.199  0.017  0.004
  1   40   Random    [    18 24  ]  -175.510   563.253   5.345   -175.510 [ 1  1  1]   0  0.210  0.015  0.004
  1   41   Random    [    18 24  ]  -169.299   536.218   5.615   -169.299 [ 1  1  1]   0  0.256  0.018  0.004
  1   42   Random    [    18 24  ]  -155.938   857.382   3.512   -155.938 [ 1  1  1]   0  0.158  0.026  0.007
  1   43   Random    [    18 24  ]  -167.762   685.010   4.395   -167.762 [ 1  1  1]   0  0.138  0.018  0.005
  1   44   Random    [    18 24  ]  -179.723  1021.418   2.948   -179.723 [ 1  1  1]   0  0.195  0.015  0.003
  1   45   Random    [    18 24  ]  -175.375  1042.337   2.888   -175.375 [ 1  1  1]   0  0.207  0.013  0.003
  1   46   Random    [    18 24  ]  -181.279   771.582   3.902   -181.279 [ 1  1  1]   0  0.196  0.018  0.004
  1   47   Random    [    18 24  ]  -146.125   780.683   3.857   -146.125 [ 1  1  1]   0  0.211  0.022  0.006
  1   48   Random    [    18 24  ]  -173.782  1081.330   2.784   -173.782 [ 1  1  1]   0  0.121  0.022  0.007
  1   49   Random    [    18 24  ]  -175.228   647.213   4.652   -175.228 [ 1  1  1]   0  0.176  0.016  0.004
  1   50   Random    [    18 24  ]  -180.380  1025.553   2.936   -180.380 [ 1  1  1]   0  0.170  0.010  0.002
  1   51   Seeds     [    18 24  ]  -176.733   969.427   3.106   -176.733 [ 1  1  1]   0  0.097  0.009  0.002
  1   52   Seeds     [    18 24  ]  -164.848  6574.110   0.458   -164.848 [ 1  1  1]   0  0.209  0.008  0.001
  1   53   Seeds     [    18 24  ]  -180.590  1159.674   2.596   -180.590 [ 1  1  1]   0  0.229  0.012  0.003
  1   54   Seeds     [    18 24  ]  -111.452  1792.438   1.680   -111.452 [ 1  1  1]   0  0.183  0.034  0.009
  1   55   Seeds     [    18 24  ]  -177.324  1891.791   1.591   -177.324 [ 1  1  1]   0  0.223  0.010  0.002
  2   56 Heredity    [    18 24  ]  -182.288   999.869   3.011   -182.288 [ 1  1  1]   0  0.272  0.017  0.003
  2   57 Heredity    [    18 24  ]  -180.781   890.965   3.379   -180.781 [ 1  1  1]   0  0.298  0.014  0.002
  2   58 Heredity    [    18 24  ]  -179.742  1385.804   2.173   -179.742 [ 1  1  1]   0  0.301  0.014  0.002
  2   59 Heredity    [    18 24  ]  -180.868  1240.921   2.426   -180.868 [ 1  1  1]   0  0.296  0.012  0.002
  2   60 Heredity    [    18 24  ]  -181.212   814.099   3.698   -181.212 [ 1  1  1]   0  0.285  0.017  0.003
  2   61 Heredity    [    18 24  ]  -179.186  1088.530   2.766   -179.186 [ 1  1  1]   0  0.297  0.016  0.002
  2   62 Heredity    [    18 24  ]  -179.446   696.023   4.326   -179.446 [ 1  1  1]   0  0.281  0.019  0.004
  2   63 Heredity    [    18 24  ]  -179.331   757.895   3.972   -179.331 [ 1  1  1]   0  0.278  0.017  0.003
  2   64 Heredity    [    18 24  ]  -177.701   648.116   4.645   -177.701 [ 1  1  1]   0  0.278  0.021  0.004
  2   65 Heredity    [    18 24  ]  -178.506   608.707   4.946   -178.506 [ 1  1  1]   0  0.273  0.019  0.004
  2   66 Heredity    [    18 24  ]  -182.332  1232.761   2.442   -182.332 [ 1  1  1]   0  0.303  0.012  0.002
  2   67 Heredity    [    18 24  ]  -176.174  1019.906   2.952   -176.174 [ 1  1  1]   0  0.285  0.015  0.003
  2   68 Heredity    [    18 24  ]  -177.855   735.902   4.091   -177.855 [ 1  1  1]   0  0.289  0.018  0.003
  2   69 Heredity    [    18 24  ]  -180.960  1107.512   2.718   -180.960 [ 1  1  1]   0  0.308  0.014  0.002
  2   70 Heredity    [    18 24  ]  -177.643   630.738   4.773   -177.643 [ 1  1  1]   0  0.266  0.015  0.003
  2   71 Heredity    [    18 24  ]  -179.395  1131.230   2.661   -179.395 [ 1  1  1]   0  0.266  0.011  0.002
  2   72 Heredity    [    18 24  ]  -182.581   918.561   3.278   -182.581 [ 1  1  1]   0  0.284  0.017  0.003
  2   73 Heredity    [    18 24  ]  -179.753   704.280   4.275   -179.753 [ 1  1  1]   0  0.252  0.017  0.003
  2   74 Heredity    [    18 24  ]  -176.972  1423.492   2.115   -176.972 [ 1  1  1]   0  0.274  0.013  0.002
  2   75 Heredity    [    18 24  ]  -177.933  1402.880   2.146   -177.933 [ 1  1  1]   0  0.305  0.009  0.001
  2   76 Heredity    [    18 24  ]  -174.144   747.593   4.027   -174.144 [ 1  1  1]   0  0.300  0.018  0.003
  2   77 Heredity    [    18 24  ]  -183.901   813.737   3.700   -183.901 [ 1  1  1]   0  0.289  0.018  0.003
  2   78 Heredity    [    18 24  ]  -178.041   788.324   3.819   -178.041 [ 1  1  1]   0  0.274  0.018  0.003
  2   79 Heredity    [    18 24  ]  -179.331   968.847   3.108   -179.331 [ 1  1  1]   0  0.287  0.012  0.002
  2   80 Heredity    [    18 24  ]  -176.846   856.840   3.514   -176.846 [ 1  1  1]   0  0.288  0.013  0.002
  2   81   Random    [    18 24  ]  -173.714   719.002   4.187   -173.714 [ 1  1  1]   0  0.207  0.015  0.004
  2   82   Random    [    18 24  ]  -183.746   897.435   3.355   -183.746 [ 1  1  1]   0  0.060  0.015  0.004
  2   83   Random    [    18 24  ]  -165.280   505.950   5.951   -165.280 [ 1  1  1]   0  0.240  0.019  0.005
  2   84   Random    [    18 24  ]  -172.742   643.487   4.679   -172.742 [ 1  1  1]   0  0.234  0.019  0.004
  2   85   Random    [    18 24  ]  -170.357   627.241   4.800   -170.357 [ 1  1  1]   0  0.221  0.023  0.005
  2   86   Random    [    18 24  ]  -180.634   349.116   8.624   -180.634 [ 1  1  1]   0  0.188  0.032  0.010
  2   87   Random    [    18 24  ]  -173.271   691.583   4.353   -173.271 [ 1  1  1]   0  0.223  0.023  0.005
  2   88   Random    [    18 24  ]  -162.164   890.677   3.380   -162.164 [ 1  1  1]   0  0.173  0.023  0.006
  2   89 softmutate  [    18 24  ]  -179.415  1158.860   2.598   -179.415 [ 1  1  1]   0  0.254  0.013  0.002
  2   90 softmutate  [    18 24  ]  -180.232   669.310   4.498   -180.232 [ 1  1  1]   0  0.086  0.019  0.006
  2   91 softmutate  [    18 24  ]  -176.752   719.243   4.186   -176.752 [ 1  1  1]   0  0.208  0.017  0.005
  2   92 softmutate  [    18 24  ]  -174.272   823.812   3.655   -174.272 [ 1  1  1]   0  0.288  0.022  0.004
  2   93 softmutate  [    18 24  ]  -181.467  1062.059   2.835   -181.467 [ 1  1  1]   0  0.276  0.012  0.002
  2   94 softmutate  [    18 24  ]  -176.370  1519.408   1.982   -176.370 [ 1  1  1]   0  0.267  0.007  0.001
  2   95 softmutate  [    18 24  ]  -178.628  1657.239   1.817   -178.628 [ 1  1  1]   0  0.281  0.015  0.003
  2   96 softmutate  [    18 24  ]  -186.543   903.101   3.334   -186.543 [ 1  1  1]   0  0.178  0.023  0.006
  2   97 softmutate  [    18 24  ]  -176.751   748.979   4.020   -176.751 [ 1  1  1]   0  0.208  0.017  0.005
  2   98 softmutate  [    18 24  ]  -186.377   911.912   3.302   -186.377 [ 1  1  1]   0  0.186  0.023  0.006
  2   99 softmutate  [    18 24  ]  -179.482   597.323   5.040   -179.482 [ 1  1  1]   0  0.228  0.021  0.005
  2  100 softmutate  [    18 24  ]  -179.462  1004.043   2.999   -179.462 [ 1  1  1]   0  0.280  0.013  0.002
  2  101 softmutate  [    18 24  ]  -180.693   837.766   3.594   -180.693 [ 1  1  1]   0  0.195  0.016  0.004
  2  102 softmutate  [    18 24  ]  -176.319  1562.878   1.926   -176.319 [ 1  1  1]   0  0.212  0.007  0.001
  2  103 softmutate  [    18 24  ]  -180.645   871.265   3.456   -180.645 [ 1  1  1]   0  0.204  0.016  0.004
  2  104 softmutate  [    18 24  ]  -177.506  1725.635   1.745   -177.506 [ 1  1  1]   0  0.237  0.011  0.002
  2  105 softmutate  [    18 24  ]  -186.412   863.682   3.486   -186.412 [ 1  1  1]   0  0.172  0.023  0.006
  2  106 keptBest    [    18 24  ]  -186.502   897.058   3.356   -186.502 [ 1  1  1]   0  0.155  0.024  0.006
  2  107 keptBest    [    18 24  ]  -183.814   810.738   3.714   -183.814 [ 1  1  1]   0  0.228  0.015  0.003
  2  108 keptBest    [    18 24  ]  -182.046   532.796   5.651   -182.046 [ 1  1  1]   0  0.207  0.023  0.005
  2  109 keptBest    [    18 24  ]  -181.004   695.164   4.331   -181.004 [ 1  1  1]   0  0.197  0.021  0.005
  2  110 keptBest    [    18 24  ]  -180.662   834.233   3.609   -180.662 [ 1  1  1]   0  0.172  0.017  0.004
  2  111 keptBest    [    18 24  ]  -180.590  1159.674   2.596   -180.590 [ 1  1  1]   0  0.229  0.012  0.003
  2  112 keptBest    [    18 24  ]  -180.380  1025.553   2.936   -180.380 [ 1  1  1]   0  0.170  0.010  0.002
  2  113 keptBest    [    18 24  ]  -180.259   813.735   3.700   -180.259 [ 1  1  1]   0  0.206  0.015  0.003
  3  114 Heredity    [    18 24  ]  -181.178   816.158   3.689   -181.178 [ 1  1  1]   0  0.286  0.017  0.003
  3  115 Heredity    [    18 24  ]  -182.129   949.045   3.172   -182.129 [ 1  1  1]   0  0.301  0.015  0.002
  3  116 Heredity    [    18 24  ]  -183.994   939.633   3.204   -183.994 [ 1  1  1]   0  0.278  0.019  0.004
  3  117 Heredity    [    18 24  ]  -179.108  1448.486   2.079   -179.108 [ 1  1  1]   0  0.318  0.012  0.002
  3  118 Heredity    [    18 24  ]  -180.748   823.564   3.656   -180.748 [ 1  1  1]   0  0.284  0.016  0.003
  3  119 Heredity    [    18 24  ]  -181.251  1074.021   2.803   -181.251 [ 1  1  1]   0  0.281  0.015  0.003
  3  120 Heredity    [    18 24  ]  -177.828   792.917   3.797   -177.828 [ 1  1  1]   0  0.262  0.015  0.003
  3  121 Heredity    [    18 24  ]  -182.680   814.429   3.697   -182.680 [ 1  1  1]   0  0.294  0.019  0.003
  3  122 Heredity    [    18 24  ]  -179.838   891.247   3.378   -179.838 [ 1  1  1]   0  0.259  0.013  0.003
  3  123 Heredity    [    18 24  ]  -179.567  1118.770   2.691   -179.567 [ 1  1  1]   0  0.296  0.016  0.003
  3  124 Heredity    [    18 24  ]  -181.195   807.233   3.730   -181.195 [ 1  1  1]   0  0.296  0.018  0.003
  3  125 Heredity    [    18 24  ]  -182.348   912.251   3.300   -182.348 [ 1  1  1]   0  0.288  0.016  0.003
  3  126 Heredity    [    18 24  ]  -183.395   855.562   3.519   -183.395 [ 1  1  1]   0  0.274  0.019  0.004
  3  127 Heredity    [    18 24  ]  -181.349   797.757   3.774   -181.349 [ 1  1  1]   0  0.278  0.018  0.003
  3  128 Heredity    [    18 24  ]  -181.351  1164.010   2.587   -181.351 [ 1  1  1]   0  0.293  0.012  0.002
  3  129 Heredity    [    18 24  ]  -182.071   863.779   3.486   -182.071 [ 1  1  1]   0  0.294  0.018  0.003
  3  130 Heredity    [    18 24  ]  -181.799   960.981   3.133   -181.799 [ 1  1  1]   0  0.285  0.015  0.003
  3  131 Heredity    [    18 24  ]  -180.958   864.819   3.481   -180.958 [ 1  1  1]   0  0.288  0.014  0.002
  3  132 Heredity    [    18 24  ]  -178.910  1145.627   2.628   -178.910 [ 1  1  1]   0  0.281  0.015  0.003
  3  133 Heredity    [    18 24  ]  -180.740   902.315   3.337   -180.740 [ 1  1  1]   0  0.299  0.015  0.002
  3  134 Heredity    [    18 24  ]  -183.829   880.004   3.421   -183.829 [ 1  1  1]   0  0.287  0.018  0.003
  3  135 Heredity    [    18 24  ]  -181.136   839.541   3.586   -181.136 [ 1  1  1]   0  0.290  0.013  0.002
  3  136 Heredity    [    18 24  ]  -180.598   959.009   3.139   -180.598 [ 1  1  1]   0  0.297  0.014  0.002
  3  137 Heredity    [    18 24  ]  -178.398   559.456   5.382   -178.398 [ 1  1  1]   0  0.282  0.023  0.005
  3  138 Heredity    [    18 24  ]  -178.437  1147.846   2.623   -178.437 [ 1  1  1]   0  0.305  0.011  0.002
  3  139 Heredity    [    18 24  ]  -183.264   907.373   3.318   -183.264 [ 1  1  1]   0  0.256  0.019  0.004
  3  140 Heredity    [    18 24  ]  -179.840  1506.075   1.999   -179.840 [ 1  1  1]   0  0.304  0.011  0.002
  3  141 Heredity    [    18 24  ]  -179.163   781.742   3.851   -179.163 [ 1  1  1]   0  0.285  0.016  0.003
  3  142 Heredity    [    18 24  ]  -185.226   757.184   3.976   -185.226 [ 1  1  1]   0  0.283  0.021  0.004
  3  143 Heredity    [    18 24  ]  -178.179   815.981   3.690   -178.179 [ 1  1  1]   0  0.279  0.021  0.004
  3  144 Heredity    [    18 24  ]  -181.368   666.619   4.516   -181.368 [ 1  1  1]   0  0.297  0.019  0.003
  3  145 Heredity    [    18 24  ]  -180.345   748.015   4.025   -180.345 [ 1  1  1]   0  0.305  0.017  0.003
  3  146   Random    [    18 24  ]  -177.809   980.791   3.070   -177.809 [ 1  1  1]   0  0.280  0.017  0.003
  3  147   Random    [    18 24  ]  -179.147   633.739   4.751   -179.147 [ 1  1  1]   0  0.187  0.019  0.005
  3  148   Random    [    18 24  ]  -175.364  1359.126   2.215   -175.364 [ 1  1  1]   0  0.120  0.021  0.006
  3  149   Random    [    18 24  ]  -178.944   766.457   3.928   -178.944 [ 1  1  1]   0  0.265  0.015  0.003
  3  150   Random    [    18 24  ]  -172.748   598.001   5.035   -172.748 [ 1  1  1]   0  0.213  0.022  0.005
  3  151 softmutate  [    18 24  ]  -184.107   816.881   3.686   -184.107 [ 1  1  1]   0  0.292  0.018  0.003
  3  152 softmutate  [    18 24  ]  -181.450  1061.848   2.835   -181.450 [ 1  1  1]   0  0.277  0.013  0.002
  3  153 softmutate  [    18 24  ]  -183.980   807.660   3.728   -183.980 [ 1  1  1]   0  0.294  0.018  0.003
  3  154 softmutate  [    18 24  ]  -181.040   734.916   4.097   -181.040 [ 1  1  1]   0  0.214  0.021  0.005
  3  155 softmutate  [    18 24  ]  -180.700   901.867   3.338   -180.700 [ 1  1  1]   0  0.299  0.014  0.002
  3  156 softmutate  [    18 24  ]  -182.808  1098.707   2.740   -182.808 [ 1  1  1]   0  0.276  0.017  0.003
  3  157 softmutate  [    18 24  ]  -182.642   965.584   3.118   -182.642 [ 1  1  1]   0  0.264  0.010  0.002
  3  158 softmutate  [    18 24  ]  -183.731   795.906   3.783   -183.731 [ 1  1  1]   0  0.227  0.015  0.003
  3  159 softmutate  [    18 24  ]  -181.475  1071.153   2.811   -181.475 [ 1  1  1]   0  0.276  0.012  0.002
  3  160 softmutate  [    18 24  ]  -180.272   825.606   3.647   -180.272 [ 1  1  1]   0  0.233  0.014  0.003
  3  161 softmutate  [    18 24  ]  -179.051  1303.804   2.309   -179.051 [ 1  1  1]   0  0.298  0.015  0.002
  3  162 softmutate  [    18 24  ]  -173.086  3704.208   0.813   -173.086 [ 1  1  1]   0  0.271  0.006  0.001
  3  163 softmutate  [    18 24  ]  -180.203  1154.962   2.607   -180.203 [ 1  1  1]   0  0.299  0.012  0.002
  3  164 keptBest    [    18 24  ]  -186.543   903.101   3.334   -186.543 [ 1  1  1]   0  0.178  0.023  0.006
  3  165 keptBest    [    18 24  ]  -183.814   810.738   3.714   -183.814 [ 1  1  1]   0  0.228  0.015  0.003
  3  166 keptBest    [    18 24  ]  -183.746   897.435   3.355   -183.746 [ 1  1  1]   0  0.060  0.015  0.004
  3  167 keptBest    [    18 24  ]  -182.046   532.796   5.651   -182.046 [ 1  1  1]   0  0.207  0.023  0.005
  3  168 keptBest    [    18 24  ]  -181.004   695.164   4.331   -181.004 [ 1  1  1]   0  0.197  0.021  0.005
  3  169 keptBest    [    18 24  ]  -180.693   837.766   3.594   -180.693 [ 1  1  1]   0  0.195  0.016  0.004
  3  170 keptBest    [    18 24  ]  -180.590  1159.674   2.596   -180.590 [ 1  1  1]   0  0.229  0.012  0.003
  3  171 keptBest    [    18 24  ]  -180.380  1025.553   2.936   -180.380 [ 1  1  1]   0  0.170  0.010  0.002
