 ID    Origin    Enthalpy   Parent-E   Parent-ID
   1   Random      -4.120    -4.120  [         0]
   2   Random      -4.231    -4.231  [         0]
   3   Random      -4.292    -4.292  [         0]
   4   Random      -4.310    -4.310  [         0]
   5   Random      -4.180    -4.180  [         0]
   6   Random      -4.105    -4.105  [         0]
   7   Random      -4.170    -4.170  [         0]
   8   Random      -4.377    -4.377  [         0]
   9   Random      -4.014    -4.014  [         0]
  10   Random      -4.192    -4.192  [         0]
  11   Random      -4.145    -4.145  [         0]
  12   Random      -3.918    -3.918  [         0]
  13   Random      -4.089    -4.089  [         0]
  14   Random      -4.334    -4.334  [         0]
  15   Random      -3.709    -3.709  [         0]
  16   Random      -4.186    -4.186  [         0]
  17   Random      -3.916    -3.916  [         0]
  18   Random      -4.274    -4.274  [         0]
  19   Random      -4.053    -4.053  [         0]
  20   Random      -3.733    -3.733  [         0]
  21   Random      -3.822    -3.822  [         0]
  22   Random      -3.994    -3.994  [         0]
  23   Random      -4.441    -4.441  [         0]
  24   Random      -4.253    -4.253  [         0]
  25   Random      -4.090    -4.090  [         0]
  26   Random      -4.208    -4.208  [         0]
  27   Random      -3.436    -3.436  [         0]
  28   Random      -4.301    -4.301  [         0]
  29   Random      -4.290    -4.290  [         0]
  30   Random      -3.822    -3.822  [         0]
  31   Random      -4.191    -4.191  [         0]
  32   Random      -3.913    -3.913  [         0]
  33   Random      -4.222    -4.222  [         0]
  34   Random      -4.071    -4.071  [         0]
  35   Random      -3.493    -3.493  [         0]
  36   Random      -4.011    -4.011  [         0]
  37   Random      -3.882    -3.882  [         0]
  38   Random      -4.199    -4.199  [         0]
  39   Random      -4.091    -4.091  [         0]
  40   Random      -4.179    -4.179  [         0]
  41   Random      -4.031    -4.031  [         0]
  42   Random      -3.713    -3.713  [         0]
  43   Random      -3.994    -3.994  [         0]
  44   Random      -4.279    -4.279  [         0]
  45   Random      -4.176    -4.176  [         0]
  46   Random      -4.316    -4.316  [         0]
  47   Random      -3.479    -3.479  [         0]
  48   Random      -4.138    -4.138  [         0]
  49   Random      -4.172    -4.172  [         0]
  50   Random      -4.295    -4.295  [         0]
  51   Seeds       -4.208    [          ]
  52   Seeds       -3.925    [          ]
  53   Seeds       -4.300    [          ]
  54   Seeds       -2.654    [          ]
  55   Seeds       -4.222    [          ]
  56 Heredity      -4.340    -4.360  [    23  44]
  57 Heredity      -4.304    -4.328  [    44   8]
  58 Heredity      -4.280    -4.254  [    53  26]
  59 Heredity      -4.306    -4.299  [    33   8]
  60 Heredity      -4.315    -4.307  [    14  44]
  61 Heredity      -4.266    -4.273  [     2  46]
  62 Heredity      -4.273    -4.292  [    18   4]
  63 Heredity      -4.270    -4.241  [    26  18]
  64 Heredity      -4.231    -4.304  [    18  14]
  65 Heredity      -4.250    -4.312  [    14  29]
  66 Heredity      -4.341    -4.338  [     8  53]
  67 Heredity      -4.195    -4.240  [    53   5]
  68 Heredity      -4.235    -4.292  [     4  18]
  69 Heredity      -4.309    -4.315  [     8  24]
  70 Heredity      -4.230    -4.189  [    38  40]
  71 Heredity      -4.271    -4.256  [    55  29]
  72 Heredity      -4.347    -4.371  [    28  23]
  73 Heredity      -4.280    -4.296  [    29  28]
  74 Heredity      -4.214    -4.266  [     4  55]
  75 Heredity      -4.236    -4.258  [    50  55]
  76 Heredity      -4.146    -4.230  [    18  16]
  77 Heredity      -4.379    -4.409  [     8  23]
  78 Heredity      -4.239    -4.263  [    14  31]
  79 Heredity      -4.270    -4.237  [    50  40]
  80 Heredity      -4.211    -4.194  [     5  51]
  81   Random      -4.136    -4.136  [         0]
  82   Random      -4.375    -4.375  [         0]
  83   Random      -3.935    -3.935  [         0]
  84   Random      -4.113    -4.113  [         0]
  85   Random      -4.056    -4.056  [         0]
  86   Random      -4.301    -4.301  [         0]
  87   Random      -4.126    -4.126  [         0]
  88   Random      -3.861    -3.861  [         0]
  89 softmutate    -4.272    -4.300  [        53]
  90 softmutate    -4.291    -4.290  [        29]
  91 softmutate    -4.208    -4.208  [        26]
  92 softmutate    -4.149    -4.180  [         5]
  93 softmutate    -4.321    -4.377  [         8]
  94 softmutate    -4.199    -4.208  [        51]
  95 softmutate    -4.253    -4.301  [        28]
  96 softmutate    -4.441    -4.441  [        23]
  97 softmutate    -4.208    -4.208  [        26]
  98 softmutate    -4.438    -4.441  [        23]
  99 softmutate    -4.273    -4.274  [        18]
 100 softmutate    -4.273    -4.292  [         3]
 101 softmutate    -4.302    -4.301  [        28]
 102 softmutate    -4.198    -4.208  [        51]
 103 softmutate    -4.301    -4.301  [        28]
 104 softmutate    -4.226    -4.222  [        33]
 105 softmutate    -4.438    -4.441  [        23]
 106 keptBest      -4.441    -4.441  [        23]
 107 keptBest      -4.377    -4.377  [         8]
 108 keptBest      -4.334    -4.334  [        14]
 109 keptBest      -4.310    -4.310  [         4]
 110 keptBest      -4.301    -4.301  [        28]
 111 keptBest      -4.300    -4.300  [        53]
 112 keptBest      -4.295    -4.295  [        50]
 113 keptBest      -4.292    -4.292  [         3]
 114 Heredity      -4.314    -4.320  [   72  113]
 115 Heredity      -4.336    -4.322  [   69  108]
 116 Heredity      -4.381    -4.378  [    60  96]
 117 Heredity      -4.264    -4.290  [    89  69]
 118 Heredity      -4.304    -4.325  [   72  101]
 119 Heredity      -4.316    -4.367  [  113   96]
 120 Heredity      -4.234    -4.342  [  109   82]
 121 Heredity      -4.350    -4.312  [  109   60]
 122 Heredity      -4.282    -4.293  [  112   90]
 123 Heredity      -4.275    -4.295  [   58  109]
 124 Heredity      -4.314    -4.294  [    62  60]
 125 Heredity      -4.342    -4.320  [  108   59]
 126 Heredity      -4.367    -4.378  [    60  96]
 127 Heredity      -4.318    -4.343  [  109  107]
 128 Heredity      -4.318    -4.308  [  112   93]
 129 Heredity      -4.335    -4.363  [    72  77]
 130 Heredity      -4.329    -4.361  [    82  72]
 131 Heredity      -4.309    -4.303  [  101   57]
 132 Heredity      -4.260    -4.307  [  111   60]
 133 Heredity      -4.303    -4.358  [    56  82]
 134 Heredity      -4.377    -4.388  [  108   96]
 135 Heredity      -4.313    -4.348  [    82  93]
 136 Heredity      -4.300    -4.303  [  113   60]
 137 Heredity      -4.248    -4.308  [    86  60]
 138 Heredity      -4.248    -4.324  [    66  59]
 139 Heredity      -4.363    -4.394  [    72  96]
 140 Heredity      -4.282    -4.337  [   82  111]
 141 Heredity      -4.266    -4.298  [  112   86]
 142 Heredity      -4.410    -4.388  [  108   96]
 143 Heredity      -4.242    -4.344  [   77  109]
 144 Heredity      -4.318    -4.337  [  108   56]
 145 Heredity      -4.294    -4.347  [    60  77]
 146   Random      -4.234    -4.234  [         0]
 147   Random      -4.265    -4.265  [         0]
 148   Random      -4.175    -4.175  [         0]
 149   Random      -4.261    -4.261  [         0]
 150   Random      -4.113    -4.113  [         0]
 151 softmutate    -4.384    -4.379  [        77]
 152 softmutate    -4.320    -4.321  [        93]
 153 softmutate    -4.380    -4.379  [        77]
 154 softmutate    -4.310    -4.310  [       109]
 155 softmutate    -4.302    -4.304  [        57]
 156 softmutate    -4.353    -4.441  [        96]
 157 softmutate    -4.349    -4.375  [        82]
 158 softmutate    -4.375    -4.377  [       107]
 159 softmutate    -4.321    -4.321  [        93]
 160 softmutate    -4.292    -4.292  [       113]
 161 softmutate    -4.263    -4.441  [        96]
 162 softmutate    -4.121    -4.292  [       113]
 163 softmutate    -4.291    -4.306  [        59]
 164 keptBest      -4.441    -4.441  [        96]
 165 keptBest      -4.377    -4.377  [       107]
 166 keptBest      -4.375    -4.375  [        82]
 167 keptBest      -4.334    -4.334  [       108]
 168 keptBest      -4.310    -4.310  [       109]
 169 keptBest      -4.302    -4.302  [       101]
 170 keptBest      -4.300    -4.300  [       111]
 171 keptBest      -4.295    -4.295  [       112]
