-235.491
-245.921
-251.863
-259.062
-246.957
-240.424
-254.260
-209.393
-211.672
-247.765
-245.972
-243.156
-238.630
-241.833
-215.115
-248.502
-237.570
-223.159
-244.441
-238.147
-255.655
-249.064
-257.897
-254.431
-216.097
-235.511
-248.927
-259.983
-227.682
-252.302
-250.173
-262.864
-238.728
-252.269
-149.921
-229.569
-256.887
-243.443
-218.522
-215.235
-253.195
-246.154
-261.460
-250.066
-257.820
-220.126
-235.300
-249.095
-249.232
-231.215
-250.575
-210.163
-254.710
-255.218
-237.707
-227.559
-239.446
-249.264
-244.849
-244.946
-231.974
-223.750
-243.085
-209.084
-258.511
-246.050
-260.517
-255.596
-254.081
-262.864
-254.431
-262.879
-250.447
-257.351
-251.182
-251.554
-252.773
-208.896
-257.846
-223.500
-249.431
-259.027
-253.254
-256.181
-262.864
-259.983
-259.062
-257.897
-251.151
-216.970
-258.283
-249.965
-232.459
-249.524
-217.016
-237.707
-256.853
-245.965
-246.878
-236.118
-217.863
-233.998
-240.462
-259.386
-243.196
-257.199
-200.839
-258.637
-243.509
-216.760
-261.042
-254.914
-252.478
-239.649
-250.212
-261.452
-262.879
-247.203
-254.710
-257.037
-261.505
-223.643
-250.665
-223.049
-251.596
-233.087
-260.501
-229.050
-254.100
-259.541
-262.072
-258.601
-262.879
-261.460
-260.517
-259.983
