  ID   Compositions    Enthalpies    Volumes    fitness  SYMM
                       (eV/atom)    (A^3/atom)    ()         
  72  [    21 40  ]     -4.3095     25.4432   -262.8795     0
  32  [    21 40  ]     -4.3093     25.4432   -262.8643     0
 131  [    21 40  ]     -4.2963     25.4432   -262.0722     0
 121  [    21 40  ]     -4.2870     25.4432   -261.5045     0
  43  [    21 40  ]     -4.2862     25.4432   -261.4597     0
 116  [    21 40  ]     -4.2861     25.4432   -261.4516     0
 111  [    21 40  ]     -4.2794     25.4432   -261.0417     0
  67  [    21 40  ]     -4.2708     25.4432   -260.5171     0
 127  [    21 40  ]     -4.2705     25.4432   -260.5010     0
  28  [    21 40  ]     -4.2620     25.4432   -259.9834     0
 130  [    21 40  ]     -4.2548     25.4432   -259.5414     0
 104  [    21 40  ]     -4.2522     25.4432   -259.3859     0
   4  [    21 40  ]     -4.2469     25.4432   -259.0616     0
  82  [    21 40  ]     -4.2463     25.4432   -259.0272     0
 108  [    21 40  ]     -4.2399     25.4432   -258.6366     0
 132  [    21 40  ]     -4.2394     25.4432   -258.6011     0
  65  [    21 40  ]     -4.2379     25.4432   -258.5107     0
  91  [    21 40  ]     -4.2341     25.4432   -258.2825     0
  23  [    21 40  ]     -4.2278     25.4432   -257.8968     0
  79  [    21 40  ]     -4.2270     25.4432   -257.8460     0
