Gen   ID    Origin   Composition    Enthalpy   Volume  Density   Fitness   KPOINTS  SYMM  Q_entr A_order S_order
                                      (eV)     (A^3)  (g/cm^3)
  1    1   Random    [    21 40  ]  -235.491  1552.036   3.079   -235.491 [ 1  1  1]   0  0.214  0.219  1.610
  1    2   Random    [    21 40  ]  -245.921  1552.036   3.079   -245.921 [ 1  1  1]   0  0.209  0.219  2.091
  1    3   Random    [    21 40  ]  -251.863  1552.036   3.079   -251.863 [ 1  1  1]   0  0.124  0.219  2.332
  1    4   Random    [    21 40  ]  -259.062  1552.036   3.079   -259.062 [ 1  1  1]   0  0.170  0.219  1.941
  1    5   Random    [    21 40  ]  -246.957  1552.036   3.079   -246.957 [ 1  1  1]   0  0.192  0.221  3.072
  1    6   Random    [    21 40  ]  -240.424  1552.036   3.079   -240.424 [ 1  1  1]   0  0.172  0.219  2.843
  1    7   Random    [    21 40  ]  -254.260  1552.036   3.079   -254.260 [ 1  1  1]   0  0.095  0.219  2.713
  1    8   Random    [    21 40  ]  -209.393  1552.036   3.079   -209.393 [ 1  1  1]   0  0.239  0.220  2.954
  1    9   Random    [    21 40  ]  -211.672  1552.036   3.079   -211.672 [ 1  1  1]   0  0.204  0.220  2.397
  1   10   Random    [    21 40  ]  -247.765  1552.036   3.079   -247.765 [ 1  1  1]   0  0.152  0.220  2.570
  1   11   Random    [    21 40  ]  -245.972  1552.036   3.079   -245.972 [ 1  1  1]   0  0.196  0.219  1.862
  1   12   Random    [    21 40  ]  -243.156  1552.036   3.079   -243.156 [ 1  1  1]   0  0.214  0.219  2.116
  1   13   Random    [    21 40  ]  -238.630  1552.036   3.079   -238.630 [ 1  1  1]   0  0.171  0.221  2.823
  1   14   Random    [    21 40  ]  -241.833  1552.036   3.079   -241.833 [ 1  1  1]   0  0.165  0.220  2.130
  1   15   Random    [    21 40  ]  -215.115  1552.036   3.079   -215.115 [ 1  1  1]   0  0.163  0.220  3.057
  1   16   Random    [    21 40  ]  -248.502  1552.036   3.079   -248.502 [ 1  1  1]   0  0.160  0.221  3.020
  1   17   Random    [    21 40  ]  -237.570  1552.036   3.079   -237.570 [ 1  1  1]   0  0.084  0.220  3.279
  1   18   Random    [    21 40  ]  -223.159  1552.036   3.079   -223.159 [ 1  1  1]   0  0.141  0.219  3.143
  1   19   Random    [    21 40  ]  -244.441  1552.036   3.079   -244.441 [ 1  1  1]   0  0.185  0.219  1.928
  1   20   Random    [    21 40  ]  -238.147  1552.036   3.079   -238.147 [ 1  1  1]   0  0.238  0.219  2.099
  1   21   Random    [    21 40  ]  -255.655  1552.036   3.079   -255.655 [ 1  1  1]   0  0.118  0.219  2.467
  1   22   Random    [    21 40  ]  -249.064  1552.036   3.079   -249.064 [ 1  1  1]   0  0.238  0.220  1.990
  1   23   Random    [    21 40  ]  -257.897  1552.036   3.079   -257.897 [ 1  1  1]   0  0.205  0.220  2.381
  1   24   Random    [    21 40  ]  -254.431  1552.036   3.079   -254.431 [ 1  1  1]   0  0.162  0.220  2.098
  1   25   Random    [    21 40  ]  -216.097  1552.036   3.079   -216.097 [ 1  1  1]   0  0.273  0.219  1.865
  1   26   Random    [    21 40  ]  -235.511  1552.036   3.079   -235.511 [ 1  1  1]   0  0.195  0.220  1.675
  1   27   Random    [    21 40  ]  -248.927  1552.036   3.079   -248.927 [ 1  1  1]   0  0.148  0.220  2.727
  1   28   Random    [    21 40  ]  -259.983  1552.036   3.079   -259.983 [ 1  1  1]   0  0.228  0.219  1.660
  1   29   Random    [    21 40  ]  -227.682  1552.036   3.079   -227.682 [ 1  1  1]   0  0.208  0.219  2.347
  1   30   Random    [    21 40  ]  -252.302  1552.036   3.079   -252.302 [ 1  1  1]   0  0.173  0.220  1.995
  1   31   Random    [    21 40  ]  -250.173  1552.036   3.079   -250.173 [ 1  1  1]   0  0.198  0.219  1.859
  1   32   Random    [    21 40  ]  -262.864  1552.036   3.079   -262.864 [ 1  1  1]   0  0.128  0.219  2.861
  1   33   Random    [    21 40  ]  -238.728  1552.036   3.079   -238.728 [ 1  1  1]   0  0.128  0.221  3.072
  1   34   Random    [    21 40  ]  -252.269  1552.036   3.079   -252.269 [ 1  1  1]   0  0.041  0.219  3.247
  1   35   Random    [    21 40  ]  -149.921  1552.036   3.079   -149.921 [ 1  1  1]   0  0.156  0.220  4.350
  1   36   Random    [    21 40  ]  -229.569  1552.036   3.079   -229.569 [ 1  1  1]   0  0.165  0.220  2.848
  1   37   Random    [    21 40  ]  -256.887  1552.036   3.079   -256.887 [ 1  1  1]   0  0.195  0.220  2.097
  1   38   Random    [    21 40  ]  -243.443  1552.036   3.079   -243.443 [ 1  1  1]   0  0.046  0.218  2.865
  1   39   Random    [    21 40  ]  -218.522  1552.036   3.079   -218.522 [ 1  1  1]   0  0.217  0.221  3.139
  1   40   Random    [    21 40  ]  -215.235  1552.036   3.079   -215.235 [ 1  1  1]   0  0.201  0.220  2.146
  2   41 Heredity    [    21 40  ]  -253.195  1552.036   3.079   -253.195 [ 1  1  1]   0  0.178  0.219  2.506
  2   42 Heredity    [    21 40  ]  -246.154  1552.036   3.079   -246.154 [ 1  1  1]   0  0.205  0.219  1.689
  2   43 Heredity    [    21 40  ]  -261.460  1552.036   3.079   -261.460 [ 1  1  1]   0  0.195  0.219  1.768
  2   44 Heredity    [    21 40  ]  -250.066  1552.036   3.079   -250.066 [ 1  1  1]   0  0.199  0.219  1.843
  2   45 Heredity    [    21 40  ]  -257.820  1552.036   3.079   -257.820 [ 1  1  1]   0  0.166  0.219  1.808
  2   46 Heredity    [    21 40  ]  -220.126  1552.036   3.079   -220.126 [ 1  1  1]   0  0.244  0.220  1.818
  2   47 Heredity    [    21 40  ]  -235.300  1552.036   3.079   -235.300 [ 1  1  1]   0  0.246  0.219  1.810
  2   48 Heredity    [    21 40  ]  -249.095  1552.036   3.079   -249.095 [ 1  1  1]   0  0.190  0.219  1.915
  2   49 Heredity    [    21 40  ]  -249.232  1552.036   3.079   -249.232 [ 1  1  1]   0  0.207  0.220  1.789
  2   50 Heredity    [    21 40  ]  -231.215  1552.036   3.079   -231.215 [ 1  1  1]   0  0.226  0.220  1.859
  2   51 Heredity    [    21 40  ]  -250.575  1552.036   3.079   -250.575 [ 1  1  1]   0  0.195  0.220  2.260
  2   52 Heredity    [    21 40  ]  -210.163  1552.036   3.079   -210.163 [ 1  1  1]   0  0.155  0.220  2.216
  2   53 Heredity    [    21 40  ]  -254.710  1552.036   3.079   -254.710 [ 1  1  1]   0  0.241  0.219  1.989
  2   54 Heredity    [    21 40  ]  -255.218  1552.036   3.079   -255.218 [ 1  1  1]   0  0.195  0.220  1.674
  2   55 Heredity    [    21 40  ]  -237.707  1552.036   3.079   -237.707 [ 1  1  1]   0  0.229  0.220  2.703
  2   56 Heredity    [    21 40  ]  -227.559  1552.036   3.079   -227.559 [ 1  1  1]   0  0.187  0.219  1.778
  2   57 Heredity    [    21 40  ]  -239.446  1552.036   3.079   -239.446 [ 1  1  1]   0  0.212  0.219  1.923
  2   58 Heredity    [    21 40  ]  -249.264  1552.036   3.079   -249.264 [ 1  1  1]   0  0.223  0.219  1.663
  2   59 Heredity    [    21 40  ]  -244.849  1552.036   3.079   -244.849 [ 1  1  1]   0  0.207  0.219  1.678
  2   60 Heredity    [    21 40  ]  -244.946  1552.036   3.079   -244.946 [ 1  1  1]   0  0.207  0.219  1.679
  2   61   Random    [    21 40  ]  -231.974  1552.036   3.079   -231.974 [ 1  1  1]   0  0.058  0.220  2.555
  2   62   Random    [    21 40  ]  -223.750  1552.036   3.079   -223.750 [ 1  1  1]   0  0.233  0.220  2.640
  2   63   Random    [    21 40  ]  -243.085  1552.036   3.079   -243.085 [ 1  1  1]   0  0.102  0.219  2.596
  2   64   Random    [    21 40  ]  -209.084  1552.036   3.079   -209.084 [ 1  1  1]   0  0.046  0.219  3.773
  2   65   Random    [    21 40  ]  -258.511  1552.036   3.079   -258.511 [ 1  1  1]   0  0.182  0.219  1.726
  2   66   Random    [    21 40  ]  -246.050  1552.036   3.079   -246.050 [ 1  1  1]   0  0.180  0.220  1.704
  2   67   Random    [    21 40  ]  -260.517  1552.036   3.079   -260.517 [ 1  1  1]   0  0.134  0.219  2.554
  2   68   Random    [    21 40  ]  -255.596  1552.036   3.079   -255.596 [ 1  1  1]   0  0.138  0.219  2.151
  2   69 Permutate   [    21 40  ]  -254.081  1552.036   3.079   -254.081 [ 1  1  1]   0  0.209  0.219  1.853
  2   70 Permutate   [    21 40  ]  -262.864  1552.036   3.079   -262.757 [ 1  1  1]   0  0.128  0.219  2.861
  2   71 Permutate   [    21 40  ]  -254.431  1552.036   3.079   -254.324 [ 1  1  1]   0  0.162  0.220  2.098
  2   72 Permutate   [    21 40  ]  -262.879  1552.036   3.079   -262.879 [ 1  1  1]   0  0.179  0.219  2.318
  2   73 softmutate  [    21 40  ]  -250.447  1552.036   3.079   -250.447 [ 1  1  1]   0  0.230  0.219  1.572
  2   74 softmutate  [    21 40  ]  -257.351  1552.036   3.079   -257.351 [ 1  1  1]   0  0.157  0.219  1.645
  2   75 softmutate  [    21 40  ]  -251.182  1552.036   3.079   -251.182 [ 1  1  1]   0  0.214  0.219  1.903
  2   76 softmutate  [    21 40  ]  -251.554  1552.036   3.079   -251.554 [ 1  1  1]   0  0.169  0.219  2.296
  2   77 softmutate  [    21 40  ]  -252.773  1552.036   3.079   -252.773 [ 1  1  1]   0  0.164  0.219  1.967
  2   78 softmutate  [    21 40  ]  -208.896  1552.036   3.079   -208.896 [ 1  1  1]   0  0.216  0.219  3.047
  2   79 softmutate  [    21 40  ]  -257.846  1552.036   3.079   -257.846 [ 1  1  1]   0  0.156  0.219  1.807
  2   80 softmutate  [    21 40  ]  -223.500  1552.036   3.079   -223.500 [ 1  1  1]   0  0.206  0.219  2.143
  2   81 Transmutate [    21 40  ]  -249.431  1552.036   3.079   -249.431 [ 1  1  1]   0  0.141  0.220  1.797
  2   82 Transmutate [    21 40  ]  -259.027  1552.036   3.079   -259.027 [ 1  1  1]   0  0.174  0.220  2.522
  2   83 Transmutate [    21 40  ]  -253.254  1552.036   3.079   -253.254 [ 1  1  1]   0  0.124  0.219  1.822
  2   84 Transmutate [    21 40  ]  -256.181  1552.036   3.079   -256.181 [ 1  1  1]   0  0.176  0.219  1.762
  2   85 keptBest    [    21 40  ]  -262.864  1552.036   3.079   -262.757 [ 1  1  1]   0  0.128  0.219  2.861
  2   86 keptBest    [    21 40  ]  -259.983  1552.036   3.079   -259.876 [ 1  1  1]   0  0.228  0.219  1.660
  2   87 keptBest    [    21 40  ]  -259.062  1552.036   3.079   -258.954 [ 1  1  1]   0  0.170  0.219  1.941
  2   88 keptBest    [    21 40  ]  -257.897  1552.036   3.079   -257.789 [ 1  1  1]   0  0.205  0.220  2.381
  3   89 Heredity    [    21 40  ]  -251.151  1552.036   3.079   -251.151 [ 1  1  1]   0  0.183  0.220  1.599
  3   90 Heredity    [    21 40  ]  -216.970  1552.036   3.079   -216.970 [ 1  1  1]   0  0.209  0.220  2.175
  3   91 Heredity    [    21 40  ]  -258.283  1552.036   3.079   -258.283 [ 1  1  1]   0  0.208  0.218  1.619
  3   92 Heredity    [    21 40  ]  -249.965  1552.036   3.079   -249.965 [ 1  1  1]   0  0.213  0.219  1.667
  3   93 Heredity    [    21 40  ]  -232.459  1552.036   3.079   -232.459 [ 1  1  1]   0  0.206  0.219  1.785
  3   94 Heredity    [    21 40  ]  -249.524  1552.036   3.079   -249.524 [ 1  1  1]   0  0.221  0.219  1.910
  3   95 Heredity    [    21 40  ]  -217.016  1552.036   3.079   -217.016 [ 1  1  1]   0  0.212  0.219  1.833
  3   96 Heredity    [    21 40  ]  -237.707  1552.036   3.079   -237.707 [ 1  1  1]   0  0.222  0.219  2.101
  3   97 Heredity    [    21 40  ]  -256.853  1552.036   3.079   -256.853 [ 1  1  1]   0  0.192  0.219  1.715
  3   98 Heredity    [    21 40  ]  -245.965  1552.036   3.079   -245.965 [ 1  1  1]   0  0.238  0.220  2.052
  3   99 Heredity    [    21 40  ]  -246.878  1552.036   3.079   -246.878 [ 1  1  1]   0  0.230  0.219  1.726
  3  100 Heredity    [    21 40  ]  -236.118  1552.036   3.079   -236.118 [ 1  1  1]   0  0.183  0.219  1.778
  3  101 Heredity    [    21 40  ]  -217.863  1552.036   3.079   -217.863 [ 1  1  1]   0  0.232  0.219  1.665
  3  102 Heredity    [    21 40  ]  -233.998  1552.036   3.079   -233.998 [ 1  1  1]   0  0.190  0.220  1.722
  3  103 Heredity    [    21 40  ]  -240.462  1552.036   3.079   -240.462 [ 1  1  1]   0  0.167  0.219  1.634
  3  104 Heredity    [    21 40  ]  -259.386  1552.036   3.079   -259.386 [ 1  1  1]   0  0.215  0.219  1.793
  3  105 Heredity    [    21 40  ]  -243.196  1552.036   3.079   -243.196 [ 1  1  1]   0  0.186  0.219  2.014
  3  106 Heredity    [    21 40  ]  -257.199  1552.036   3.079   -257.199 [ 1  1  1]   0  0.189  0.220  1.708
  3  107 Heredity    [    21 40  ]  -200.839  1552.036   3.079   -200.839 [ 1  1  1]   0  0.239  0.219  3.056
  3  108 Heredity    [    21 40  ]  -258.637  1552.036   3.079   -258.637 [ 1  1  1]   0  0.190  0.219  1.809
  3  109   Random    [    21 40  ]  -243.509  1552.036   3.079   -243.509 [ 1  1  1]   0  0.220  0.219  2.500
  3  110   Random    [    21 40  ]  -216.760  1552.036   3.079   -216.760 [ 1  1  1]   0  0.200  0.219  3.069
  3  111   Random    [    21 40  ]  -261.042  1552.036   3.079   -261.042 [ 1  1  1]   0  0.195  0.219  2.084
  3  112   Random    [    21 40  ]  -254.914  1552.036   3.079   -254.914 [ 1  1  1]   0  0.199  0.219  2.081
  3  113   Random    [    21 40  ]  -252.478  1552.036   3.079   -252.478 [ 1  1  1]   0  0.081  0.221  3.458
  3  114   Random    [    21 40  ]  -239.649  1552.036   3.079   -239.649 [ 1  1  1]   0  0.244  0.219  1.740
  3  115   Random    [    21 40  ]  -250.212  1552.036   3.079   -250.212 [ 1  1  1]   0  0.188  0.218  2.006
  3  116   Random    [    21 40  ]  -261.452  1552.036   3.079   -261.452 [ 1  1  1]   0  0.118  0.219  2.704
  3  117 Permutate   [    21 40  ]  -262.879  1552.036   3.079   -262.791 [ 1  1  1]   0  0.179  0.219  2.318
  3  118 Permutate   [    21 40  ]  -247.203  1552.036   3.079   -247.203 [ 1  1  1]   0  0.226  0.220  2.059
  3  119 Permutate   [    21 40  ]  -254.710  1552.036   3.079   -254.622 [ 1  1  1]   0  0.241  0.219  1.989
  3  120 Permutate   [    21 40  ]  -257.037  1552.036   3.079   -257.037 [ 1  1  1]   0  0.191  0.220  1.764
  3  121 softmutate  [    21 40  ]  -261.505  1552.036   3.079   -261.505 [ 1  1  1]   0  0.175  0.220  1.643
  3  122 softmutate  [    21 40  ]  -223.643  1552.036   3.079   -223.643 [ 1  1  1]   0  0.209  0.219  2.141
  3  123 softmutate  [    21 40  ]  -250.665  1552.036   3.079   -250.665 [ 1  1  1]   0  0.147  0.218  2.356
  3  124 softmutate  [    21 40  ]  -223.049  1552.036   3.079   -223.049 [ 1  1  1]   0  0.222  0.219  2.443
  3  125 softmutate  [    21 40  ]  -251.596  1552.036   3.079   -251.596 [ 1  1  1]   0  0.171  0.220  1.714
  3  126 softmutate  [    21 40  ]  -233.087  1552.036   3.079   -233.087 [ 1  1  1]   0  0.235  0.219  3.543
  3  127 softmutate  [    21 40  ]  -260.501  1552.036   3.079   -260.501 [ 1  1  1]   0  0.104  0.219  2.539
  3  128 softmutate  [    21 40  ]  -229.050  1552.036   3.079   -229.050 [ 1  1  1]   0  0.132  0.220  1.787
  3  129 Transmutate [    21 40  ]  -254.100  1552.036   3.079   -254.100 [ 1  1  1]   0  0.153  0.219  1.944
  3  130 Transmutate [    21 40  ]  -259.541  1552.036   3.079   -259.541 [ 1  1  1]   0  0.213  0.220  1.782
  3  131 Transmutate [    21 40  ]  -262.072  1552.036   3.079   -262.072 [ 1  1  1]   0  0.142  0.219  2.207
  3  132 Transmutate [    21 40  ]  -258.601  1552.036   3.079   -258.601 [ 1  1  1]   0  0.219  0.220  1.799
  3  133 keptBest    [    21 40  ]  -262.879  1552.036   3.079   -262.791 [ 1  1  1]   0  0.179  0.219  2.318
  3  134 keptBest    [    21 40  ]  -261.460  1552.036   3.079   -261.372 [ 1  1  1]   0  0.195  0.219  1.768
  3  135 keptBest    [    21 40  ]  -260.517  1552.036   3.079   -260.429 [ 1  1  1]   0  0.134  0.219  2.554
  3  136 keptBest    [    21 40  ]  -259.983  1552.036   3.079   -259.788 [ 1  1  1]   0  0.228  0.219  1.660
