-232.00375214189862
-239.64134071775342
-239.10746286998517
-213.20547564325588
-237.2981120629301
-206.6511257863881
-232.85882465837437
-198.9078794153906
-166.47728355912875
-237.39665221772432
-231.3105366087502
-229.4411351902168
-226.27540866965472
-236.06057063770697
-233.72705949133075
-209.5914879018958
-222.7485212385517
-220.37501862642168
-228.95230010940546
-229.50477070757233
-227.9593034699989
-236.80772381031258
-236.42727888424633
-235.21945046881717
-239.0522974283379
-227.35051361614882
-238.9877568013291
-237.81932811391147
-229.02283070517987
-228.38956841672461
-215.79595740481054
-204.8453705814986
-238.02650189025968
-217.931946657506
-235.42165099573344
-230.25689542149752
-224.97347021533818
-232.931567345742
-238.46698050364114
-112.65296090358945
-238.59712687565744
-240.11532763635856
-230.4094914635841
-237.94011447133425
-235.9802321335149
-233.89546068295363
-233.00873850661634
-231.6633978121822
-236.88510010731943
-239.92388634209237
-230.18355311235987
-236.65852414551034
-225.4133176587511
-236.444209153088
-229.20583001426482
-237.99886849772267
-235.48735026456933
-230.21210711427392
-229.28814778294486
-238.61094132464012
-237.37361191178178
-233.09710296139372
-227.54104821736422
-239.68171128244873
-231.54340403115415
-231.03990019603106
-208.95603764237845
-224.94738442126123
-216.21784003991783
-231.546865306714
-238.01367906924523
-238.23048042819659
-235.42165099573344
-239.70676164747783
-239.50365257164097
-238.77417376497232
-228.47755838035215
-233.5763648942132
-235.58396312597029
-231.59968808297882
-239.03749386226696
-213.76998756616624
-185.8156962832106
-206.17224862260105
-237.09277375568485
-235.7395522767181
-240.02341268658682
-237.16402254801108
-225.2154239111478
-230.82589348784248
-237.1059685788522
-238.39872266411845
-234.14592537229717
-226.085298118183
-239.28835478175813
-227.1381325078297
-235.7410705800628
-234.1879772909018
-228.1146937226299
-221.27448665857406
-226.4213016917043
-227.30163286562896
-224.7616313984038
-228.3681547316349
-230.34172354262154
-236.31097543753435
-230.37066825650166
-232.19268796224566
-234.41756989339768
-215.19602788898263
-239.95973444293094
-197.95732615149274
-229.71566673582316
-227.87142612687694
-216.4470623597645
-235.9955374148817
-239.72251908907572
-235.7395522767181
-239.881568558863
-239.6973230389242
-229.76909179740082
-233.72874188122984
-208.76191141514437
-209.1478224244755
-222.4243137377604
-212.35438911659566
-235.58030562477518
-227.92154972943328
-238.99212615012607
-237.2317346922161
-237.76816558616508
-240.67014396686113
