-118.56365931694964
-138.87437245131017
-146.03321553626523
-145.0455101032866
-142.36215901746664
-151.0367980617861
-146.422767320819
-134.73250205869294
-147.23932833816087
-146.69126324186448
-146.64733198300266
-141.51612907789234
-142.54259570324663
-134.7285584665528
-124.37141828990545
-151.7474829113668
-53.18136920852854
-145.59806697300766
-141.15120094633602
-143.29330101146795
-136.96075468581196
-146.78610731891405
-157.33124560197948
-133.24328774562855
-142.9800999721353
-145.05144448891735
-147.86051463283007
-146.97368373537094
-143.77346034707344
-142.20514708051883
-152.0597553218238
-137.65358779476867
-138.3435462140572
-142.3938401728532
-134.54676281618163
-146.26594750861443
-146.9845030226962
-142.88325818072218
-146.38243737199525
-144.38677971644793
-144.49823749462584
-141.75344587276385
-127.358304066698
-148.97800312508323
-132.4249198510241
-134.10044222214415
-140.3474764203618
-137.4352173245464
-151.43928354995538
-145.73615518071236
-133.93101038424922
-142.7430152228451
nan
-146.87302040386663
-139.0639119840603
-147.78471796186574
-146.69869957315223
-148.088672124355
-147.80079687885606
-150.98295456683573
-148.42645421070964
-145.09142548842883
-152.30144275101995
-149.14494105159852
-148.08875291109027
-145.42465778233793
-147.99430417477194
-146.8033621670821
-146.21791288593653
-152.59404469907452
-151.8745659375238
-148.22517866436596
-147.17797110090004
-145.71203984961548
-150.1437489751853
-151.46507734230255
-148.52478561487527
-146.14107835488508
-152.51077513194704
-145.32826619308793
-136.61269246778522
-147.085288900951
-127.95922837268475
-144.71274237434457
-147.46814822783867
-139.5505353322873
-142.16655010419925
-144.95823689236423
-142.97807504788662
-143.5583472500935
-146.2142650445459
-143.07819595771844
-151.43516184310425
-151.4367996356975
-146.8590820592475
-145.54934239580723
-147.85294959452753
-143.14668287497574
-151.75133429930798
-145.91816040415483
-148.81777648769875
-157.3973751865465
-151.02593229275962
-146.03449283698427
-147.08919927172735
-148.85179826960507
-151.9697597935868
-152.49803543289207
-150.82980432748977
-151.84297293675968
-149.35794649901467
-148.64298493426168
-151.19822703008194
-154.4520446008106
-149.71250341251275
-148.53147567106532
-151.4964960442796
-151.64045412532167
-152.39306912358202
-152.41907203709584
-148.4043157465906
-153.19835597489802
-148.3172001881223
-148.93484703698948
-148.5079594052637
-151.87999239230265
-151.21842904453135
-150.36471239065392
-152.29828101307442
-150.04349309422744
-147.99199513333346
-152.57902119496393
-149.68129649712006
-148.2319706128306
-150.26284056203787
-148.90217259028927
-151.7722420744369
-147.47726704322454
-145.71467426527585
-145.8497764322824
-141.5261687196428
-144.55087404456205
-150.03120951213614
-152.5769191647457
-151.69657433526237
-152.54050467807528
-148.31742423505275
-151.3832116296947
-152.3229520001311
-152.5044010168766
-149.01074121279774
-148.24406826883273
-147.80997604662238
-152.5374224374596
-152.26971843606174
