-250.37239228955679
-239.72790464095092
-230.84473623030772
-230.11942816701537
-255.28453569296943
-237.54954217876983
-232.80335677707103
-238.5391726104678
-255.76463029639905
-235.67015780259965
-252.31285209383302
-246.86304325936752
-248.23932959693028
-236.2680312340044
-239.02320353210672
-240.50443356503663
-245.15857248823286
-242.5340525528836
-232.18043343259944
-247.0119211134059
-250.2987806207276
-242.7383872578271
-235.57302014326163
-237.42368647452327
-229.2990616619578
-239.68593737760256
-230.7064527098367
-247.51812551980774
-246.5578746427104
-249.0431060790097
-239.34392402651224
-249.52408641327142
-227.6732808796324
-236.04993347080975
-250.52637605752028
-229.8459237335769
-241.43949844594678
-236.52975640582133
-235.83585704728893
-246.83066310109987
-255.18911563548502
-257.5526761276361
-260.48880401257435
-259.9701124412122
-250.5296884500612
-250.8305977296066
-244.07198769291804
-246.57930881479723
-250.9470122874083
-238.88855142512523
-236.70482564777168
-243.5130213266044
-239.74102021190117
-242.11776260461298
-236.86102297227467
-231.46266460044944
-247.68733241753947
-240.26006694094772
-240.0071742025626
-236.73402776095958
-246.110322355255
-247.2572225958533
-239.2922842168394
-242.76287861690543
-222.46952946382376
-238.12437365403943
-245.01310989959865
-246.48624200410717
-236.4974696622436
-246.4591614697008
-244.98316673774747
-244.22633383622292
-249.0431060790097
-249.0431060790097
-243.38172192767104
-242.72052948064504
-241.74659762887322
-233.79902702865996
-249.93974815333078
-244.748880654622
-240.65796741683113
-235.08527481908715
-241.9723750455474
-234.56328572480345
-254.021891923567
-252.08916255878935
-233.82689783732928
-250.81401316993936
-247.82466084423044
-241.59163587326302
-244.81123804243413
-239.83846880053218
-248.72871615281997
-232.5540069646279
-248.0091914724889
-246.99136128242193
-254.07479515932548
-236.3962704077091
-246.51547599976584
-236.95128163204046
-253.51788363525048
-242.5684980168841
-240.63738779106367
-249.64477510559388
-247.06957211213998
-239.3930422382067
-244.99213157522593
-243.71168199603852
-234.80465709839868
-243.74343781180758
-252.3630709396941
-241.3604095065421
-245.4681802607552
-238.6083599147013
-235.89030134767182
-241.79900142950538
-246.59544331271377
-249.05881464300472
-245.74040342550055
-230.76809582434112
-236.38805896495435
-240.71136529757166
-249.22622122697868
-235.91597207319603
-239.8411122577931
-239.31808473750078
-237.84139855548813
-247.07876658395472
-248.59892927774882
-251.85372404719863
-247.11330324397102
-255.33263264503577
