-258.514
-258.244
-257.645
-258.417
-258.399
-258.245
-258.673
-258.444
-258.002
-258.416
-258.240
-258.188
-258.342
-258.215
-258.322
-257.947
-258.311
-258.370
-258.070
-258.501
-258.365
-258.026
-257.963
-258.353
-258.350
-258.059
-258.448
-258.235
-258.452
-258.301
-258.444
-258.259
-257.835
-258.223
-258.507
-258.263
-258.258
-258.407
-258.395
-258.350
-258.631
-258.554
-258.573
-258.105
-258.326
-258.433
-258.210
-258.326
-258.208
-258.317
-258.343
-258.428
-258.522
-258.323
-258.476
-258.398
-258.121
-257.591
-258.254
-258.317
-258.227
-258.306
-258.287
-257.775
-258.045
-258.217
-258.354
-258.200
-258.171
-257.920
-257.807
-258.350
-258.267
-258.244
-258.350
-257.949
-258.188
-258.362
-258.105
-258.365
-258.452
-258.304
-258.354
-258.335
-258.404
-258.446
-258.579
-258.673
-258.631
-258.573
-258.554
-258.279
-258.353
-258.448
-258.230
-258.484
-258.332
-258.140
-258.421
-258.468
-258.412
-258.303
-258.320
-258.425
-258.299
-258.447
-258.338
-258.267
-258.279
-258.451
-258.280
-258.032
-257.523
-258.488
-258.241
-257.912
-258.147
-258.355
-258.264
-258.579
-258.673
-258.295
-258.383
-258.306
-258.372
-258.181
-258.181
-258.263
-258.302
-258.421
-258.278
-258.533
-258.402
-258.401
-258.553
-258.673
-258.631
-258.579
-258.573
