  ID   Compositions    Enthalpies    Volumes    fitness  SYMM
                       (eV/atom)    (A^3/atom)    ()         
   7  [    20 40  ]     -4.3112     25.8673   -258.6730     0
  41  [    20 40  ]     -4.3105     23.1558   -258.6313     0
  87  [    20 40  ]     -4.3097     25.8673   -258.5793     0
  43  [    20 40  ]     -4.3095     21.7636   -258.5727     0
  42  [    20 40  ]     -4.3092     22.6501   -258.5537     0
 135  [    20 40  ]     -4.3092     25.8673   -258.5526     0
 132  [    20 40  ]     -4.3089     25.8673   -258.5327     0
  53  [    20 40  ]     -4.3087     25.8673   -258.5222     0
   1  [    20 40  ]     -4.3086     25.8673   -258.5143     0
  35  [    20 40  ]     -4.3085     25.8673   -258.5074     0
  20  [    20 40  ]     -4.3084     25.8673   -258.5011     0
 114  [    20 40  ]     -4.3081     25.8673   -258.4882     0
  96  [    20 40  ]     -4.3081     25.8673   -258.4836     0
  55  [    20 40  ]     -4.3079     25.8673   -258.4761     0
 100  [    20 40  ]     -4.3078     25.8673   -258.4683     0
  81  [    20 40  ]     -4.3075     25.8673   -258.4517     0
  29  [    20 40  ]     -4.3075     25.8673   -258.4516     0
 110  [    20 40  ]     -4.3075     25.8673   -258.4513     0
  27  [    20 40  ]     -4.3075     25.8673   -258.4482     0
  94  [    20 40  ]     -4.3075     25.8673   -258.4475     0
