Gen   ID    Origin   Composition    Enthalpy   Volume  Density   Fitness   KPOINTS  SYMM  Q_entr A_order S_order
                                      (eV)     (A^3)  (g/cm^3)
  1    1   Random    [    20 40  ]  -258.514  1552.036   3.062   -258.514 [ 1  1  1]   0  0.145  0.207  3.399
  1    2   Random    [    20 40  ]  -258.244  1552.036   3.062   -258.244 [ 1  1  1]   0  0.165  0.206  2.318
  1    3   Random    [    20 40  ]  -257.645  1552.036   3.062   -257.645 [ 1  1  1]   0  0.147  0.206  4.193
  1    4   Random    [    20 40  ]  -258.417  1552.036   3.062   -258.417 [ 1  1  1]   0  0.000  0.206  4.538
  1    5   Random    [    20 40  ]  -258.399  1552.036   3.062   -258.399 [ 1  1  1]   0  0.135  0.206  2.932
  1    6   Random    [    20 40  ]  -258.245  1552.036   3.062   -258.245 [ 1  1  1]   0  0.220  0.205  2.634
  1    7   Random    [    20 40  ]  -258.673  1552.036   3.062   -258.673 [ 1  1  1]   0  0.144  0.207  2.993
  1    8   Random    [    20 40  ]  -258.444  1552.036   3.062   -258.444 [ 1  1  1]   0  0.124  0.206  2.835
  1    9   Random    [    20 40  ]  -258.002  1552.036   3.062   -258.002 [ 1  1  1]   0  0.161  0.206  2.678
  1   10   Random    [    20 40  ]  -258.416  1552.036   3.062   -258.416 [ 1  1  1]   0  0.211  0.206  2.163
  1   11   Random    [    20 40  ]  -258.240  1552.036   3.062   -258.240 [ 1  1  1]   0  0.208  0.206  3.413
  1   12   Random    [    20 40  ]  -258.188  1552.036   3.062   -258.188 [ 1  1  1]   0  0.147  0.205  2.297
  1   13   Random    [    20 40  ]  -258.342  1552.036   3.062   -258.342 [ 1  1  1]   0  0.061  0.205  2.534
  1   14   Random    [    20 40  ]  -258.215  1552.036   3.062   -258.215 [ 1  1  1]   0  0.065  0.205  3.512
  1   15   Random    [    20 40  ]  -258.322  1552.036   3.062   -258.322 [ 1  1  1]   0  0.220  0.206  2.189
  1   16   Random    [    20 40  ]  -257.947  1552.036   3.062   -257.947 [ 1  1  1]   0  0.125  0.206  3.728
  1   17   Random    [    20 40  ]  -258.311  1552.036   3.062   -258.311 [ 1  1  1]   0  0.201  0.205  2.003
  1   18   Random    [    20 40  ]  -258.370  1552.036   3.062   -258.370 [ 1  1  1]   0  0.187  0.207  3.084
  1   19   Random    [    20 40  ]  -258.070  1552.036   3.062   -258.070 [ 1  1  1]   0  0.182  0.206  3.700
  1   20   Random    [    20 40  ]  -258.501  1552.036   3.062   -258.501 [ 1  1  1]   0  0.086  0.206  2.730
  1   21   Random    [    20 40  ]  -258.365  1552.036   3.062   -258.365 [ 1  1  1]   0  0.090  0.206  2.798
  1   22   Random    [    20 40  ]  -258.026  1552.036   3.062   -258.026 [ 1  1  1]   0  0.137  0.206  3.263
  1   23   Random    [    20 40  ]  -257.963  1552.036   3.062   -257.963 [ 1  1  1]   0  0.000  0.206  4.397
  1   24   Random    [    20 40  ]  -258.353  1552.036   3.062   -258.353 [ 1  1  1]   0  0.000  0.206  5.058
  1   25   Random    [    20 40  ]  -258.350  1552.036   3.062   -258.350 [ 1  1  1]   0  0.059  0.206  2.583
  1   26   Random    [    20 40  ]  -258.059  1552.036   3.062   -258.059 [ 1  1  1]   0  0.179  0.206  3.058
  1   27   Random    [    20 40  ]  -258.448  1552.036   3.062   -258.448 [ 1  1  1]   0  0.127  0.206  1.923
  1   28   Random    [    20 40  ]  -258.235  1552.036   3.062   -258.235 [ 1  1  1]   0  0.091  0.205  2.958
  1   29   Random    [    20 40  ]  -258.452  1552.036   3.062   -258.452 [ 1  1  1]   0  0.073  0.206  2.615
  1   30   Random    [    20 40  ]  -258.301  1552.036   3.062   -258.301 [ 1  1  1]   0  0.196  0.206  2.115
  1   31   Random    [    20 40  ]  -258.444  1552.036   3.062   -258.444 [ 1  1  1]   0  0.097  0.206  2.774
  1   32   Random    [    20 40  ]  -258.259  1552.036   3.062   -258.259 [ 1  1  1]   0  0.211  0.205  2.086
  1   33   Random    [    20 40  ]  -257.835  1552.036   3.062   -257.835 [ 1  1  1]   0  0.171  0.207  2.577
  1   34   Random    [    20 40  ]  -258.223  1552.036   3.062   -258.223 [ 1  1  1]   0  0.213  0.205  2.439
  1   35   Random    [    20 40  ]  -258.507  1552.036   3.062   -258.507 [ 1  1  1]   0  0.127  0.206  3.201
  1   36   Random    [    20 40  ]  -258.263  1552.036   3.062   -258.263 [ 1  1  1]   0  0.159  0.206  2.085
  1   37   Random    [    20 40  ]  -258.258  1552.036   3.062   -258.258 [ 1  1  1]   0  0.105  0.206  2.823
  1   38   Random    [    20 40  ]  -258.407  1552.036   3.062   -258.407 [ 1  1  1]   0  0.150  0.205  4.178
  1   39   Random    [    20 40  ]  -258.395  1552.036   3.062   -258.395 [ 1  1  1]   0  0.042  0.206  2.501
  1   40   Random    [    20 40  ]  -258.350  1552.036   3.062   -258.350 [ 1  1  1]   0  0.152  0.205  1.680
  1   41   Seeds     [    20 40  ]  -258.631  1389.345   3.420   -258.631 [ 1  1  1]   0  0.101  0.206 12.296
  1   42   Seeds     [    20 40  ]  -258.554  1359.004   3.497   -258.554 [ 1  1  1]   0  0.083  0.206  8.188
  1   43   Seeds     [    20 40  ]  -258.573  1305.816   3.639   -258.573 [ 1  1  1]   0  0.049  0.207 20.750
  2   44 Heredity    [    20 40  ]  -258.105  1552.036   3.062   -258.105 [ 1  1  1]   0  0.203  0.206  1.986
  2   45 Heredity    [    20 40  ]  -258.326  1552.036   3.062   -258.326 [ 1  1  1]   0  0.239  0.206  1.877
  2   46 Heredity    [    20 40  ]  -258.433  1552.036   3.062   -258.433 [ 1  1  1]   0  0.157  0.206  2.085
  2   47 Heredity    [    20 40  ]  -258.210  1552.036   3.062   -258.210 [ 1  1  1]   0  0.223  0.206  1.725
  2   48 Heredity    [    20 40  ]  -258.326  1552.036   3.062   -258.326 [ 1  1  1]   0  0.197  0.206  1.954
  2   49 Heredity    [    20 40  ]  -258.208  1552.036   3.062   -258.208 [ 1  1  1]   0  0.243  0.206  1.879
  2   50 Heredity    [    20 40  ]  -258.317  1552.036   3.062   -258.317 [ 1  1  1]   0  0.188  0.206  2.230
  2   51 Heredity    [    20 40  ]  -258.343  1552.036   3.062   -258.343 [ 1  1  1]   0  0.190  0.206  1.750
  2   52 Heredity    [    20 40  ]  -258.428  1552.036   3.062   -258.428 [ 1  1  1]   0  0.147  0.206  1.776
  2   53 Heredity    [    20 40  ]  -258.522  1552.036   3.062   -258.522 [ 1  1  1]   0  0.180  0.206  2.113
  2   54 Heredity    [    20 40  ]  -258.323  1552.036   3.062   -258.323 [ 1  1  1]   0  0.194  0.206  2.072
  2   55 Heredity    [    20 40  ]  -258.476  1552.036   3.062   -258.476 [ 1  1  1]   0  0.158  0.206  1.892
  2   56 Heredity    [    20 40  ]  -258.398  1552.036   3.062   -258.398 [ 1  1  1]   0  0.209  0.206  1.730
  2   57 Heredity    [    20 40  ]  -258.121  1552.036   3.062   -258.121 [ 1  1  1]   0  0.259  0.206  2.024
  2   58 Heredity    [    20 40  ]  -257.591  1552.036   3.062   -257.591 [ 1  1  1]   0  0.256  0.206  2.535
  2   59 Heredity    [    20 40  ]  -258.254  1552.036   3.062   -258.254 [ 1  1  1]   0  0.198  0.206  1.929
  2   60 Heredity    [    20 40  ]  -258.317  1552.036   3.062   -258.317 [ 1  1  1]   0  0.174  0.206  2.755
  2   61 Heredity    [    20 40  ]  -258.227  1552.036   3.062   -258.227 [ 1  1  1]   0  0.223  0.206  1.988
  2   62 Heredity    [    20 40  ]  -258.306  1552.036   3.062   -258.306 [ 1  1  1]   0  0.254  0.206  1.876
  2   63 Heredity    [    20 40  ]  -258.287  1552.036   3.062   -258.287 [ 1  1  1]   0  0.230  0.206  1.982
  2   64   Random    [    20 40  ]  -257.775  1552.036   3.062   -257.775 [ 1  1  1]   0  0.125  0.206  3.448
  2   65   Random    [    20 40  ]  -258.045  1552.036   3.062   -258.045 [ 1  1  1]   0  0.182  0.206  2.428
  2   66   Random    [    20 40  ]  -258.217  1552.036   3.062   -258.217 [ 1  1  1]   0  0.120  0.206  3.409
  2   67   Random    [    20 40  ]  -258.354  1552.036   3.062   -258.354 [ 1  1  1]   0  0.067  0.206  2.554
  2   68   Random    [    20 40  ]  -258.200  1552.036   3.062   -258.200 [ 1  1  1]   0  0.208  0.206  2.878
  2   69   Random    [    20 40  ]  -258.171  1552.036   3.062   -258.171 [ 1  1  1]   0  0.000  0.207  3.806
  2   70   Random    [    20 40  ]  -257.920  1552.036   3.062   -257.920 [ 1  1  1]   0  0.000  0.204  3.246
  2   71   Random    [    20 40  ]  -257.807  1552.036   3.062   -257.807 [ 1  1  1]   0  0.258  0.206  2.654
  2   72 Permutate   [    20 40  ]  -258.350  1552.036   3.062   -258.348 [ 1  1  1]   0  0.152  0.205  1.680
  2   73 Permutate   [    20 40  ]  -258.267  1552.036   3.062   -258.267 [ 1  1  1]   0  0.200  0.206  2.423
  2   74 Permutate   [    20 40  ]  -258.244  1552.036   3.062   -258.244 [ 1  1  1]   0  0.193  0.206  2.821
  2   75 Permutate   [    20 40  ]  -258.350  1552.036   3.062   -258.348 [ 1  1  1]   0  0.152  0.205  1.680
  2   76 CoorMutate  [    20 40  ]  -257.949  1786.404   2.660   -257.949 [ 1  1  1]   0  0.243  0.206  1.871
  2   77 softmutate  [    20 40  ]  -258.188  1552.036   3.062   -258.188 [ 1  1  1]   0  0.113  0.206  1.705
  2   78 softmutate  [    20 40  ]  -258.362  1552.036   3.062   -258.362 [ 1  1  1]   0  0.169  0.206  1.777
  2   79 softmutate  [    20 40  ]  -258.105  1552.036   3.062   -258.105 [ 1  1  1]   0  0.199  0.205  2.485
  2   80 softmutate  [    20 40  ]  -258.365  1552.036   3.062   -258.365 [ 1  1  1]   0  0.205  0.206  2.750
  2   81 CoorMutate  [    20 40  ]  -258.452  1552.036   3.062   -258.452 [ 1  1  1]   0  0.138  0.206  1.705
  2   82 softmutate  [    20 40  ]  -258.304  1552.036   3.062   -258.304 [ 1  1  1]   0  0.230  0.206  2.118
  2   83 softmutate  [    20 40  ]  -258.354  1552.036   3.062   -258.354 [ 1  1  1]   0  0.185  0.206  1.976
  2   84 Transmutate [    20 40  ]  -258.335  1552.036   3.062   -258.335 [ 1  1  1]   0  0.158  0.206  1.915
  2   85 Transmutate [    20 40  ]  -258.404  1552.036   3.062   -258.404 [ 1  1  1]   0  0.165  0.206  2.278
  2   86 Transmutate [    20 40  ]  -258.446  1552.036   3.062   -258.446 [ 1  1  1]   0  0.181  0.206  1.987
  2   87 Transmutate [    20 40  ]  -258.579  1552.036   3.062   -258.579 [ 1  1  1]   0  0.144  0.206  1.997
  2   88 keptBest    [    20 40  ]  -258.673  1552.036   3.062   -258.671 [ 1  1  1]   0  0.144  0.207  2.993
  2   89 keptBest    [    20 40  ]  -258.631  1389.345   3.420   -258.629 [ 1  1  1]   0  0.101  0.206 12.296
  2   90 keptBest    [    20 40  ]  -258.573  1305.816   3.639   -258.571 [ 1  1  1]   0  0.049  0.207 20.750
  2   91 keptBest    [    20 40  ]  -258.554  1359.004   3.497   -258.552 [ 1  1  1]   0  0.083  0.206  8.188
  3   92 Heredity    [    20 40  ]  -258.279  1552.036   3.062   -258.279 [ 1  1  1]   0  0.165  0.206  2.014
  3   93 Heredity    [    20 40  ]  -258.353  1552.036   3.062   -258.353 [ 1  1  1]   0  0.169  0.206  1.904
  3   94 Heredity    [    20 40  ]  -258.448  1552.036   3.062   -258.448 [ 1  1  1]   0  0.214  0.206  1.804
  3   95 Heredity    [    20 40  ]  -258.230  1552.036   3.062   -258.230 [ 1  1  1]   0  0.225  0.206  1.923
  3   96 Heredity    [    20 40  ]  -258.484  1552.036   3.062   -258.484 [ 1  1  1]   0  0.218  0.206  1.769
  3   97 Heredity    [    20 40  ]  -258.332  1552.036   3.062   -258.332 [ 1  1  1]   0  0.228  0.206  1.858
  3   98 Heredity    [    20 40  ]  -258.140  1552.036   3.062   -258.140 [ 1  1  1]   0  0.210  0.206  1.953
  3   99 Heredity    [    20 40  ]  -258.421  1552.036   3.062   -258.421 [ 1  1  1]   0  0.218  0.206  2.282
  3  100 Heredity    [    20 40  ]  -258.468  1552.036   3.062   -258.468 [ 1  1  1]   0  0.190  0.206  1.963
  3  101 Heredity    [    20 40  ]  -258.412  1552.036   3.062   -258.412 [ 1  1  1]   0  0.187  0.206  2.511
  3  102 Heredity    [    20 40  ]  -258.303  1552.036   3.062   -258.303 [ 1  1  1]   0  0.211  0.206  2.423
  3  103 Heredity    [    20 40  ]  -258.320  1552.036   3.062   -258.320 [ 1  1  1]   0  0.174  0.206  1.751
  3  104 Heredity    [    20 40  ]  -258.425  1552.036   3.062   -258.425 [ 1  1  1]   0  0.219  0.206  2.004
  3  105 Heredity    [    20 40  ]  -258.299  1552.036   3.062   -258.299 [ 1  1  1]   0  0.203  0.206  1.732
  3  106 Heredity    [    20 40  ]  -258.447  1552.036   3.062   -258.447 [ 1  1  1]   0  0.161  0.205  1.702
  3  107 Heredity    [    20 40  ]  -258.338  1552.036   3.062   -258.338 [ 1  1  1]   0  0.221  0.206  2.911
  3  108 Heredity    [    20 40  ]  -258.267  1552.036   3.062   -258.267 [ 1  1  1]   0  0.216  0.206  1.750
  3  109 Heredity    [    20 40  ]  -258.279  1552.036   3.062   -258.279 [ 1  1  1]   0  0.176  0.206  1.686
  3  110 Heredity    [    20 40  ]  -258.451  1552.036   3.062   -258.451 [ 1  1  1]   0  0.168  0.205  1.813
  3  111 Heredity    [    20 40  ]  -258.280  1552.036   3.062   -258.280 [ 1  1  1]   0  0.215  0.206  1.824
  3  112   Random    [    20 40  ]  -258.032  1552.036   3.062   -258.032 [ 1  1  1]   0  0.019  0.206  2.945
  3  113   Random    [    20 40  ]  -257.523  1552.036   3.062   -257.523 [ 1  1  1]   0  0.000  0.207  5.280
  3  114   Random    [    20 40  ]  -258.488  1552.036   3.062   -258.488 [ 1  1  1]   0  0.000  0.207  3.547
  3  115   Random    [    20 40  ]  -258.241  1552.036   3.062   -258.241 [ 1  1  1]   0  0.192  0.205  2.443
  3  116   Random    [    20 40  ]  -257.912  1552.036   3.062   -257.912 [ 1  1  1]   0  0.181  0.206  3.010
  3  117   Random    [    20 40  ]  -258.147  1552.036   3.062   -258.147 [ 1  1  1]   0  0.106  0.204  3.041
  3  118   Random    [    20 40  ]  -258.355  1552.036   3.062   -258.355 [ 1  1  1]   0  0.056  0.206  3.199
  3  119   Random    [    20 40  ]  -258.264  1552.036   3.062   -258.264 [ 1  1  1]   0  0.176  0.206  2.274
  3  120 Permutate   [    20 40  ]  -258.579  1552.036   3.062   -258.577 [ 1  1  1]   0  0.144  0.206  1.997
  3  121 Permutate   [    20 40  ]  -258.673  1552.036   3.062   -258.669 [ 1  1  1]   0  0.144  0.207  2.993
  3  122 Permutate   [    20 40  ]  -258.295  1552.036   3.062   -258.295 [ 1  1  1]   0  0.150  0.206  2.034
  3  123 Permutate   [    20 40  ]  -258.383  1552.036   3.062   -258.383 [ 1  1  1]   0  0.186  0.206  1.707
  3  124 softmutate  [    20 40  ]  -258.306  1552.036   3.062   -258.306 [ 1  1  1]   0  0.240  0.206  1.919
  3  125 softmutate  [    20 40  ]  -258.372  1552.036   3.062   -258.372 [ 1  1  1]   0  0.175  0.206  1.889
  3  126 softmutate  [    20 40  ]  -258.181  1552.036   3.062   -258.181 [ 1  1  1]   0  0.148  0.206  1.786
  3  127 softmutate  [    20 40  ]  -258.181  1552.036   3.062   -258.181 [ 1  1  1]   0  0.234  0.206  1.967
  3  128 CoorMutate  [    20 40  ]  -258.263  1552.036   3.062   -258.263 [ 1  1  1]   0  0.198  0.206  1.845
  3  129 softmutate  [    20 40  ]  -258.302  1552.036   3.062   -258.302 [ 1  1  1]   0  0.244  0.206  1.893
  3  130 softmutate  [    20 40  ]  -258.421  1552.036   3.062   -258.421 [ 1  1  1]   0  0.227  0.206  1.906
  3  131 softmutate  [    20 40  ]  -258.278  1552.036   3.062   -258.278 [ 1  1  1]   0  0.170  0.206  1.926
  3  132 Transmutate [    20 40  ]  -258.533  1552.036   3.062   -258.533 [ 1  1  1]   0  0.199  0.205  1.917
  3  133 Transmutate [    20 40  ]  -258.402  1552.036   3.062   -258.402 [ 1  1  1]   0  0.143  0.206  2.491
  3  134 Transmutate [    20 40  ]  -258.401  1552.036   3.062   -258.401 [ 1  1  1]   0  0.169  0.206  1.832
  3  135 Transmutate [    20 40  ]  -258.553  1552.036   3.062   -258.553 [ 1  1  1]   0  0.141  0.206  2.108
  3  136 keptBest    [    20 40  ]  -258.673  1552.036   3.062   -258.669 [ 1  1  1]   0  0.144  0.207  2.993
  3  137 keptBest    [    20 40  ]  -258.631  1389.345   3.420   -258.627 [ 1  1  1]   0  0.101  0.206 12.296
  3  138 keptBest    [    20 40  ]  -258.579  1552.036   3.062   -258.577 [ 1  1  1]   0  0.144  0.206  1.997
  3  139 keptBest    [    20 40  ]  -258.573  1305.816   3.639   -258.568 [ 1  1  1]   0  0.049  0.207 20.750
