-228.457
-227.649
-249.009
-230.660
-248.878
-226.935
-243.706
-234.311
-206.638
-245.663
-237.356
-240.698
-209.855
-239.823
-244.587
-230.084
-242.464
-245.274
-226.258
-242.380
-226.998
-240.954
-234.981
-227.602
-224.257
-243.613
-221.217
-236.318
-237.309
-233.894
-235.198
-249.021
-236.030
-229.233
-236.198
-245.095
-220.912
-240.497
-246.558
-246.610
-247.467
-249.198
-249.294
-250.312
-239.504
-244.412
-231.883
-237.660
-240.798
-241.491
-241.528
-233.921
-242.387
-228.722
-234.728
-235.293
-233.258
-239.200
-248.107
-233.316
-236.786
-228.900
-239.173
-243.659
-228.923
-228.337
-209.699
-245.648
-239.714
-233.651
-244.038
-248.422
-246.558
-221.542
-244.231
-247.593
-232.327
-236.324
-247.458
-242.530
-230.218
-233.674
-240.284
-245.845
-247.760
-239.256
-249.799
-224.966
-250.312
-249.294
-249.198
-249.021
-232.498
-245.662
-243.121
-236.382
-237.849
-241.149
-246.510
-241.856
-242.862
-244.248
-239.410
-229.908
-244.040
-236.756
-243.183
-227.423
-248.310
-226.963
-241.162
-239.086
-221.489
-230.175
-245.044
-225.564
-222.844
-244.943
-233.710
-222.154
-241.043
-243.659
-249.386
-227.855
-233.740
-225.612
-245.850
-243.166
-243.723
-241.232
-228.348
-244.161
-248.393
-229.242
-238.415
-242.931
-250.312
-249.799
-249.294
-249.198
