  ID   Compositions    Enthalpies    Volumes    fitness  SYMM
                       (eV/atom)    (A^3/atom)    ()         
  44  [    19 40  ]     -4.2426     21.8946   -250.3122     0
  87  [    19 40  ]     -4.2339     26.3057   -249.7990     0
 123  [    19 40  ]     -4.2269     26.3057   -249.3865     0
  43  [    19 40  ]     -4.2253     22.6721   -249.2936     0
  42  [    19 40  ]     -4.2237     26.5517   -249.1978     0
  32  [    19 40  ]     -4.2207     26.3057   -249.0214     0
   3  [    19 40  ]     -4.2205     26.3057   -249.0089     0
   5  [    19 40  ]     -4.2183     26.3057   -248.8785     0
  72  [    19 40  ]     -4.2105     26.3057   -248.4219     0
 133  [    19 40  ]     -4.2100     26.3057   -248.3927     0
 109  [    19 40  ]     -4.2086     26.3057   -248.3098     0
  59  [    19 40  ]     -4.2052     26.3057   -248.1070     0
  85  [    19 40  ]     -4.1993     26.3057   -247.7604     0
  76  [    19 40  ]     -4.1965     26.3057   -247.5935     0
  41  [    19 40  ]     -4.1944     19.1770   -247.4671     0
  79  [    19 40  ]     -4.1942     26.3057   -247.4576     0
  40  [    19 40  ]     -4.1798     26.3057   -246.6098     0
  39  [    19 40  ]     -4.1790     26.3057   -246.5582     0
  99  [    19 40  ]     -4.1781     26.3057   -246.5101     0
 127  [    19 40  ]     -4.1670     26.3057   -245.8503     0
