Gen   ID    Origin   Composition    Enthalpy   Volume  Density   Fitness   KPOINTS  SYMM  Q_entr A_order S_order
                                      (eV)     (A^3)  (g/cm^3)
  1    1   Random    [    19 40  ]  -228.457  1552.036   3.045   -228.457 [ 1  1  1]   0  0.176  0.192  3.340
  1    2   Random    [    19 40  ]  -227.649  1552.036   3.045   -227.649 [ 1  1  1]   0  0.160  0.192  3.020
  1    3   Random    [    19 40  ]  -249.009  1552.036   3.045   -249.009 [ 1  1  1]   0  0.071  0.192  2.857
  1    4   Random    [    19 40  ]  -230.660  1552.036   3.045   -230.660 [ 1  1  1]   0  0.095  0.192  2.983
  1    5   Random    [    19 40  ]  -248.878  1552.036   3.045   -248.878 [ 1  1  1]   0  0.173  0.191  2.959
  1    6   Random    [    19 40  ]  -226.935  1552.036   3.045   -226.935 [ 1  1  1]   0  0.201  0.192  2.429
  1    7   Random    [    19 40  ]  -243.706  1552.036   3.045   -243.706 [ 1  1  1]   0  0.111  0.192  2.718
  1    8   Random    [    19 40  ]  -234.311  1552.036   3.045   -234.311 [ 1  1  1]   0  0.221  0.193  3.868
  1    9   Random    [    19 40  ]  -206.638  1552.036   3.045   -206.638 [ 1  1  1]   0  0.229  0.191  4.360
  1   10   Random    [    19 40  ]  -245.663  1552.036   3.045   -245.663 [ 1  1  1]   0  0.147  0.192  3.016
  1   11   Random    [    19 40  ]  -237.356  1552.036   3.045   -237.356 [ 1  1  1]   0  0.202  0.192  1.942
  1   12   Random    [    19 40  ]  -240.698  1552.036   3.045   -240.698 [ 1  1  1]   0  0.260  0.192  2.048
  1   13   Random    [    19 40  ]  -209.855  1552.036   3.045   -209.855 [ 1  1  1]   0  0.156  0.192  2.268
  1   14   Random    [    19 40  ]  -239.823  1552.036   3.045   -239.823 [ 1  1  1]   0  0.206  0.192  2.265
  1   15   Random    [    19 40  ]  -244.587  1552.036   3.045   -244.587 [ 1  1  1]   0  0.118  0.192  2.800
  1   16   Random    [    19 40  ]  -230.084  1552.036   3.045   -230.084 [ 1  1  1]   0  0.222  0.192  3.069
  1   17   Random    [    19 40  ]  -242.464  1552.036   3.045   -242.464 [ 1  1  1]   0  0.176  0.192  2.336
  1   18   Random    [    19 40  ]  -245.274  1552.036   3.045   -245.274 [ 1  1  1]   0  0.113  0.193  3.535
  1   19   Random    [    19 40  ]  -226.258  1552.036   3.045   -226.258 [ 1  1  1]   0  0.229  0.192  2.737
  1   20   Random    [    19 40  ]  -242.380  1552.036   3.045   -242.380 [ 1  1  1]   0  0.237  0.192  1.919
  1   21   Random    [    19 40  ]  -226.998  1552.036   3.045   -226.998 [ 1  1  1]   0  0.164  0.191  5.095
  1   22   Random    [    19 40  ]  -240.954  1552.036   3.045   -240.954 [ 1  1  1]   0  0.179  0.192  2.180
  1   23   Random    [    19 40  ]  -234.981  1552.036   3.045   -234.981 [ 1  1  1]   0  0.060  0.191  3.728
  1   24   Random    [    19 40  ]  -227.602  1552.036   3.045   -227.602 [ 1  1  1]   0  0.187  0.192  4.249
  1   25   Random    [    19 40  ]  -224.257  1552.036   3.045   -224.257 [ 1  1  1]   0  0.189  0.192  2.685
  1   26   Random    [    19 40  ]  -243.613  1552.036   3.045   -243.613 [ 1  1  1]   0  0.147  0.192  2.597
  1   27   Random    [    19 40  ]  -221.217  1552.036   3.045   -221.217 [ 1  1  1]   0  0.047  0.191  3.720
  1   28   Random    [    19 40  ]  -236.318  1552.036   3.045   -236.318 [ 1  1  1]   0  0.206  0.192  2.952
  1   29   Random    [    19 40  ]  -237.309  1552.036   3.045   -237.309 [ 1  1  1]   0  0.179  0.192  2.278
  1   30   Random    [    19 40  ]  -233.894  1552.036   3.045   -233.894 [ 1  1  1]   0  0.215  0.192  3.470
  1   31   Random    [    19 40  ]  -235.198  1552.036   3.045   -235.198 [ 1  1  1]   0  0.170  0.192  2.694
  1   32   Random    [    19 40  ]  -249.021  1552.036   3.045   -249.021 [ 1  1  1]   0  0.156  0.193  2.908
  1   33   Random    [    19 40  ]  -236.030  1552.036   3.045   -236.030 [ 1  1  1]   0  0.182  0.193  3.153
  1   34   Random    [    19 40  ]  -229.233  1552.036   3.045   -229.233 [ 1  1  1]   0  0.205  0.190  3.261
  1   35   Random    [    19 40  ]  -236.198  1552.036   3.045   -236.198 [ 1  1  1]   0  0.182  0.192  2.304
  1   36   Random    [    19 40  ]  -245.095  1552.036   3.045   -245.095 [ 1  1  1]   0  0.192  0.192  2.096
  1   37   Random    [    19 40  ]  -220.912  1552.036   3.045   -220.912 [ 1  1  1]   0  0.152  0.191  2.168
  1   38   Random    [    19 40  ]  -240.497  1552.036   3.045   -240.497 [ 1  1  1]   0  0.156  0.193  2.767
  1   39   Random    [    19 40  ]  -246.558  1552.036   3.045   -246.558 [ 1  1  1]   0  0.170  0.192  4.589
  1   40   Random    [    19 40  ]  -246.610  1552.036   3.045   -246.610 [ 1  1  1]   0  0.210  0.191  2.365
  1   41   Seeds     [    19 40  ]  -247.467  1131.441   4.177   -247.467 [ 1  1  1]   0  0.085  0.192 47.599
  1   42   Seeds     [    19 40  ]  -249.198  1566.548   3.017   -249.198 [ 1  1  1]   0  0.148  0.192  2.287
  1   43   Seeds     [    19 40  ]  -249.294  1337.657   3.533   -249.294 [ 1  1  1]   0  0.115  0.192 20.265
  1   44   Seeds     [    19 40  ]  -250.312  1291.782   3.658   -250.312 [ 1  1  1]   0  0.099  0.192 210.847
  2   45 Heredity    [    19 40  ]  -239.504  1552.036   3.045   -239.504 [ 1  1  1]   0  0.186  0.192  1.950
  2   46 Heredity    [    19 40  ]  -244.412  1552.036   3.045   -244.412 [ 1  1  1]   0  0.209  0.192  2.142
  2   47 Heredity    [    19 40  ]  -231.883  1552.036   3.045   -231.883 [ 1  1  1]   0  0.212  0.192  1.953
  2   48 Heredity    [    19 40  ]  -237.660  1552.036   3.045   -237.660 [ 1  1  1]   0  0.193  0.192  2.116
  2   49 Heredity    [    19 40  ]  -240.798  1552.036   3.045   -240.798 [ 1  1  1]   0  0.243  0.192  2.281
  2   50 Heredity    [    19 40  ]  -241.491  1552.036   3.045   -241.491 [ 1  1  1]   0  0.209  0.192  2.349
  2   51 Heredity    [    19 40  ]  -241.528  1552.036   3.045   -241.528 [ 1  1  1]   0  0.164  0.193  2.571
  2   52 Heredity    [    19 40  ]  -233.921  1552.036   3.045   -233.921 [ 1  1  1]   0  0.191  0.192  1.837
  2   53 Heredity    [    19 40  ]  -242.387  1552.036   3.045   -242.387 [ 1  1  1]   0  0.214  0.192  1.757
  2   54 Heredity    [    19 40  ]  -228.722  1552.036   3.045   -228.722 [ 1  1  1]   0  0.215  0.192  2.646
  2   55 Heredity    [    19 40  ]  -234.728  1552.036   3.045   -234.728 [ 1  1  1]   0  0.223  0.192  1.976
  2   56 Heredity    [    19 40  ]  -235.293  1552.036   3.045   -235.293 [ 1  1  1]   0  0.218  0.191  2.351
  2   57 Heredity    [    19 40  ]  -233.258  1552.036   3.045   -233.258 [ 1  1  1]   0  0.195  0.192  2.474
  2   58 Heredity    [    19 40  ]  -239.200  1552.036   3.045   -239.200 [ 1  1  1]   0  0.197  0.192  1.911
  2   59 Heredity    [    19 40  ]  -248.107  1552.036   3.045   -248.107 [ 1  1  1]   0  0.171  0.192  1.807
  2   60 Heredity    [    19 40  ]  -233.316  1552.036   3.045   -233.316 [ 1  1  1]   0  0.207  0.191  2.251
  2   61 Heredity    [    19 40  ]  -236.786  1552.036   3.045   -236.786 [ 1  1  1]   0  0.193  0.192  2.087
  2   62 Heredity    [    19 40  ]  -228.900  1552.036   3.045   -228.900 [ 1  1  1]   0  0.265  0.192  2.130
  2   63 Heredity    [    19 40  ]  -239.173  1552.036   3.045   -239.173 [ 1  1  1]   0  0.169  0.192  2.884
  2   64 Heredity    [    19 40  ]  -243.659  1552.036   3.045   -243.659 [ 1  1  1]   0  0.180  0.192  1.747
  2   65   Random    [    19 40  ]  -228.923  1552.036   3.045   -228.923 [ 1  1  1]   0  0.158  0.192  3.459
  2   66   Random    [    19 40  ]  -228.337  1552.036   3.045   -228.337 [ 1  1  1]   0  0.115  0.192  2.903
  2   67   Random    [    19 40  ]  -209.699  1552.036   3.045   -209.699 [ 1  1  1]   0  0.211  0.192  4.890
  2   68   Random    [    19 40  ]  -245.648  1552.036   3.045   -245.648 [ 1  1  1]   0  0.183  0.192  1.993
  2   69   Random    [    19 40  ]  -239.714  1552.036   3.045   -239.714 [ 1  1  1]   0  0.205  0.192  3.099
  2   70   Random    [    19 40  ]  -233.651  1552.036   3.045   -233.651 [ 1  1  1]   0  0.218  0.191  2.461
  2   71   Random    [    19 40  ]  -244.038  1552.036   3.045   -244.038 [ 1  1  1]   0  0.183  0.191  3.366
  2   72   Random    [    19 40  ]  -248.422  1552.036   3.045   -248.422 [ 1  1  1]   0  0.186  0.192  3.398
  2   73 Permutate   [    19 40  ]  -246.558  1552.036   3.045   -246.478 [ 1  1  1]   0  0.170  0.192  4.589
  2   74 Permutate   [    19 40  ]  -221.542  1212.375   3.898   -221.542 [ 1  1  1]   0  0.075  0.192 29.562
  2   75 Permutate   [    19 40  ]  -244.231  1552.036   3.045   -244.231 [ 1  1  1]   0  0.213  0.192  1.964
  2   76 Permutate   [    19 40  ]  -247.593  1552.036   3.045   -247.593 [ 1  1  1]   0  0.120  0.192  2.323
  2   77 softmutate  [    19 40  ]  -232.327  1552.036   3.045   -232.327 [ 1  1  1]   0  0.247  0.191  2.301
  2   78 softmutate  [    19 40  ]  -236.324  1552.036   3.045   -236.324 [ 1  1  1]   0  0.237  0.193  2.499
  2   79 CoorMutate  [    19 40  ]  -247.458  1552.036   3.045   -247.458 [ 1  1  1]   0  0.234  0.191  1.851
  2   80 softmutate  [    19 40  ]  -242.530  1538.168   3.072   -242.530 [ 1  1  1]   0  0.134  0.192  1.704
  2   81 softmutate  [    19 40  ]  -230.218  1552.036   3.045   -230.218 [ 1  1  1]   0  0.202  0.192  3.049
  2   82 softmutate  [    19 40  ]  -233.674  1552.036   3.045   -233.674 [ 1  1  1]   0  0.248  0.191  2.761
  2   83 softmutate  [    19 40  ]  -240.284  1552.036   3.045   -240.284 [ 1  1  1]   0  0.216  0.192  4.355
  2   84 softmutate  [    19 40  ]  -245.845  1552.036   3.045   -245.845 [ 1  1  1]   0  0.188  0.192  4.372
  2   85 Transmutate [    19 40  ]  -247.760  1552.036   3.045   -247.760 [ 1  1  1]   0  0.128  0.192  2.610
  2   86 Transmutate [    19 40  ]  -239.256  1552.036   3.045   -239.256 [ 1  1  1]   0  0.116  0.191  2.116
  2   87 Transmutate [    19 40  ]  -249.799  1552.036   3.045   -249.799 [ 1  1  1]   0  0.168  0.192  2.017
  2   88 Transmutate [    19 40  ]  -224.966  1212.375   3.898   -224.966 [ 1  1  1]   0  0.117  0.192 47.415
  2   89 keptBest    [    19 40  ]  -250.312  1291.782   3.658   -250.232 [ 1  1  1]   0  0.099  0.192 210.847
  2   90 keptBest    [    19 40  ]  -249.294  1337.657   3.533   -249.213 [ 1  1  1]   0  0.115  0.192 20.265
  2   91 keptBest    [    19 40  ]  -249.198  1566.548   3.017   -249.118 [ 1  1  1]   0  0.148  0.192  2.287
  2   92 keptBest    [    19 40  ]  -249.021  1552.036   3.045   -248.941 [ 1  1  1]   0  0.156  0.193  2.908
  3   93 Heredity    [    19 40  ]  -232.498  1552.036   3.045   -232.498 [ 1  1  1]   0  0.240  0.192  2.221
  3   94 Heredity    [    19 40  ]  -245.662  1552.036   3.045   -245.662 [ 1  1  1]   0  0.202  0.192  1.763
  3   95 Heredity    [    19 40  ]  -243.121  1552.036   3.045   -243.121 [ 1  1  1]   0  0.217  0.192  2.038
  3   96 Heredity    [    19 40  ]  -236.382  1552.036   3.045   -236.382 [ 1  1  1]   0  0.232  0.192  2.224
  3   97 Heredity    [    19 40  ]  -237.849  1552.036   3.045   -237.849 [ 1  1  1]   0  0.228  0.191  2.321
  3   98 Heredity    [    19 40  ]  -241.149  1552.036   3.045   -241.149 [ 1  1  1]   0  0.234  0.192  2.070
  3   99 Heredity    [    19 40  ]  -246.510  1552.036   3.045   -246.510 [ 1  1  1]   0  0.211  0.192  2.234
  3  100 Heredity    [    19 40  ]  -241.856  1552.036   3.045   -241.856 [ 1  1  1]   0  0.166  0.192  2.060
  3  101 Heredity    [    19 40  ]  -242.862  1552.036   3.045   -242.862 [ 1  1  1]   0  0.230  0.192  1.990
  3  102 Heredity    [    19 40  ]  -244.248  1552.036   3.045   -244.248 [ 1  1  1]   0  0.202  0.192  1.971
  3  103 Heredity    [    19 40  ]  -239.410  1552.036   3.045   -239.410 [ 1  1  1]   0  0.248  0.192  1.930
  3  104 Heredity    [    19 40  ]  -229.908  1552.036   3.045   -229.908 [ 1  1  1]   0  0.204  0.192  1.956
  3  105 Heredity    [    19 40  ]  -244.040  1552.036   3.045   -244.040 [ 1  1  1]   0  0.222  0.192  1.977
  3  106 Heredity    [    19 40  ]  -236.756  1552.036   3.045   -236.756 [ 1  1  1]   0  0.165  0.192  2.085
  3  107 Heredity    [    19 40  ]  -243.183  1552.036   3.045   -243.183 [ 1  1  1]   0  0.154  0.192  2.456
  3  108 Heredity    [    19 40  ]  -227.423  1552.036   3.045   -227.423 [ 1  1  1]   0  0.280  0.192  2.121
  3  109 Heredity    [    19 40  ]  -248.310  1552.036   3.045   -248.310 [ 1  1  1]   0  0.205  0.192  2.031
  3  110 Heredity    [    19 40  ]  -226.963  1552.036   3.045   -226.963 [ 1  1  1]   0  0.258  0.192  2.318
  3  111 Heredity    [    19 40  ]  -241.162  1552.036   3.045   -241.162 [ 1  1  1]   0  0.179  0.192  2.467
  3  112 Heredity    [    19 40  ]  -239.086  1552.036   3.045   -239.086 [ 1  1  1]   0  0.207  0.191  2.708
  3  113   Random    [    19 40  ]  -221.489  1552.036   3.045   -221.489 [ 1  1  1]   0  0.224  0.192  2.311
  3  114   Random    [    19 40  ]  -230.175  1552.036   3.045   -230.175 [ 1  1  1]   0  0.010  0.192  4.765
  3  115   Random    [    19 40  ]  -245.044  1552.036   3.045   -245.044 [ 1  1  1]   0  0.125  0.192  1.951
  3  116   Random    [    19 40  ]  -225.564  1552.036   3.045   -225.564 [ 1  1  1]   0  0.157  0.191  2.386
  3  117   Random    [    19 40  ]  -222.844  1552.036   3.045   -222.844 [ 1  1  1]   0  0.235  0.192  2.210
  3  118   Random    [    19 40  ]  -244.943  1552.036   3.045   -244.943 [ 1  1  1]   0  0.117  0.191  2.750
  3  119   Random    [    19 40  ]  -233.710  1552.036   3.045   -233.710 [ 1  1  1]   0  0.247  0.191  2.111
  3  120   Random    [    19 40  ]  -222.154  1552.036   3.045   -222.154 [ 1  1  1]   0  0.183  0.191  4.019
  3  121 Permutate   [    19 40  ]  -241.043  1552.036   3.045   -241.043 [ 1  1  1]   0  0.221  0.192  1.974
  3  122 Permutate   [    19 40  ]  -243.659  1552.036   3.045   -243.593 [ 1  1  1]   0  0.180  0.192  1.747
  3  123 Permutate   [    19 40  ]  -249.386  1552.036   3.045   -249.386 [ 1  1  1]   0  0.184  0.192  1.941
  3  124 Permutate   [    19 40  ]  -227.855  1519.576   3.110   -227.855 [ 1  1  1]   0  0.118  0.192 20.468
  3  125 softmutate  [    19 40  ]  -233.740  1552.036   3.045   -233.740 [ 1  1  1]   0  0.268  0.192  4.778
  3  126 softmutate  [    19 40  ]  -225.612  1519.576   3.110   -225.612 [ 1  1  1]   0  0.126  0.192  9.150
  3  127 softmutate  [    19 40  ]  -245.850  1552.036   3.045   -245.850 [ 1  1  1]   0  0.137  0.192  2.643
  3  128 softmutate  [    19 40  ]  -243.166  1552.036   3.045   -243.166 [ 1  1  1]   0  0.204  0.191  4.208
  3  129 softmutate  [    19 40  ]  -243.723  1552.036   3.045   -243.723 [ 1  1  1]   0  0.148  0.192  2.250
  3  130 softmutate  [    19 40  ]  -241.232  1538.168   3.072   -241.232 [ 1  1  1]   0  0.188  0.192 26.377
  3  131 softmutate  [    19 40  ]  -228.348  1519.576   3.110   -228.348 [ 1  1  1]   0  0.096  0.192 10.410
  3  132 softmutate  [    19 40  ]  -244.161  1552.036   3.045   -244.161 [ 1  1  1]   0  0.174  0.191  2.534
  3  133 Transmutate [    19 40  ]  -248.393  1552.036   3.045   -248.393 [ 1  1  1]   0  0.191  0.191  2.373
  3  134 Transmutate [    19 40  ]  -229.242  1519.576   3.110   -229.242 [ 1  1  1]   0  0.141  0.192 25.036
  3  135 Transmutate [    19 40  ]  -238.415  1552.036   3.045   -238.415 [ 1  1  1]   0  0.162  0.192  1.974
  3  136 Transmutate [    19 40  ]  -242.931  1552.036   3.045   -242.931 [ 1  1  1]   0  0.222  0.192  2.125
  3  137 keptBest    [    19 40  ]  -250.312  1291.782   3.658   -250.166 [ 1  1  1]   0  0.099  0.192 210.847
  3  138 keptBest    [    19 40  ]  -249.799  1552.036   3.045   -249.733 [ 1  1  1]   0  0.168  0.192  2.017
  3  139 keptBest    [    19 40  ]  -249.294  1337.657   3.533   -249.147 [ 1  1  1]   0  0.115  0.192 20.265
  3  140 keptBest    [    19 40  ]  -249.198  1566.548   3.017   -249.052 [ 1  1  1]   0  0.148  0.192  2.287
