-230.72480915967662
-234.49624523652514
-196.82063227941936
-195.82330578637539
-216.90157086277506
-228.00759396922646
-205.43748585874482
-215.54573543489784
-218.72002147832671
-229.3132340280008
-235.61356876838454
-233.281849696501
-207.0910053355717
-208.6128514779523
-210.37599476530954
-212.07317182958283
-231.02829205451275
-157.8161095271463
-230.4704001829265
-233.1119621020102
-226.57113983409255
-185.25934495834167
-226.9646080151058
-231.44177439498085
-223.10294988955962
-232.38216776688319
-197.71311356974024
-217.1814719201352
-229.35567479236792
-233.07998527658452
-230.81465547364274
-234.57627932007563
-230.78313399322795
-218.06411581521235
-235.8402404146366
-214.9393727849519
-224.48451402668567
-188.20597861992113
-234.2836712152868
-229.7647549339555
-235.19336323006613
-239.57953609774043
-235.70347180311262
-235.67875895567997
-235.8962822344178
-236.70297454394807
-235.7797030782044
-234.60977317599293
-235.7224923443972
-236.24023003067703
-236.5078526503206
-234.0064887457507
-234.6441568479961
-235.22194305559395
-236.60207688214595
-234.48525695285412
-236.48994639695167
-235.94011157617572
-235.04177174666629
-236.5019095905253
-223.1100996374323
-227.00168638082857
-234.6130563230089
-233.04828938220157
-234.9814631927826
-232.3251119984945
-233.74229857296663
-230.17141696871892
-232.70448857365596
-231.38965956094626
-231.63779150950057
-230.30139423749932
-235.27682612789312
-229.93243284424818
-230.30216121018728
-206.56112443343042
-227.63684684239968
-234.82575610163133
-229.6298981086885
-234.86693810847672
-229.78707516024429
-222.96808957908775
-229.92763796720948
-226.76256661089667
-234.85854785865425
-228.4829273602144
-234.71898823189662
-228.8732764512216
-235.94011157617572
-236.5078526503206
-234.57627932007563
-231.6967964237233
-231.71452751006345
-225.2387381635296
-234.2114200385744
-233.20051602862415
-233.81813335083038
-230.4617707951587
-225.4076640103699
-214.26579469862432
-235.60767409600902
-235.73859261627695
-233.49101894190733
-235.06069405367037
-233.7029241196844
-225.81819039445057
-229.91367268989183
-233.0905150524378
-232.34796099492394
-222.01398191338103
-224.71471095242117
-233.73237504877937
-227.38939033088764
-234.39408894922644
-228.1084645890319
-232.85624374086078
-233.91148219823253
-232.04693060398648
-234.68208368611877
-230.28054981687018
-232.06757872147523
-228.7024791370682
-233.34476586764924
-231.7531591154173
-231.0113589532187
-226.53831687489966
-235.63764829594774
-205.4032252527207
-233.49114546157142
-227.73199819532027
-229.88814508910474
-234.90036366735123
-236.5078526503206
-232.4154371837319
-234.27407939316356
-236.70297454394807
-229.38597767156
-210.4128914153052
-231.31335038616098
-223.99069932795555
-231.8918692379822
-234.79477827512574
-231.8302273130641
-231.10735786845103
-231.21829532603192
-234.91687912014177
-234.73331573278804
-235.5581134797094
