-225.07789150502322
-235.1851365354131
-224.45864372058506
-236.12959553764532
-241.4695582704607
-240.8628010273634
-235.69302167600696
-241.18959581155718
-239.55460641081035
-228.33158764561853
-235.9085454143908
-228.82220309108942
-230.79769657814785
-234.0430496143309
-232.41115457968462
-231.69999321155402
-237.32455156741767
-227.26506207565208
-234.46080286761017
-232.29449771387038
-221.85373860930946
-224.5774858418558
-231.37954533524805
-243.60576077803034
-225.00168318973044
-220.2779387535285
-220.8426930398484
-233.3290920427754
-232.21844736890117
-234.42549804773122
-240.7274188867204
-234.39815056897817
-236.41748976270182
-239.87129832875712
-242.19657210841962
-242.0502156138939
-222.4990711743098
-233.31644183890546
-226.83385173130154
-229.39239913764484
-246.58615396925936
-247.50006521333012
-242.9928440514425
-243.89621112546155
-235.85209879563033
-235.04840683532083
-236.38630556467263
-235.06283579000498
-240.70974988254144
-237.01406338832612
-233.28524041152468
-238.5920102311768
-234.62835177334904
-217.8025720154706
-235.84610837425487
-228.7521466972417
-241.61679167811602
-233.12909515833417
-229.41484514794615
-231.15319790807047
-235.1094546110671
-235.5885179498594
-243.09280537212297
-224.5100580394585
-222.50211394171956
-226.16286510783553
-208.31574725961684
-229.66702619163078
-242.4851422683239
-238.66325408037548
-234.08523805019126
-226.58098422505714
-214.47717192608184
-235.69302167600696
-242.19657210841962
-243.60576077803034
-239.27256192249757
-227.3023381161508
-233.44550336422157
-223.24657540875438
-225.04864138435715
-239.12986127059395
-230.99629316488955
-242.43116881014777
-215.07135405032255
-241.1526925679975
-226.648847172167
-243.6695261519206
-237.50856373706404
-229.69998099755895
-231.2271436718101
-228.74370337128312
-238.80095363341636
-237.60166780495376
-228.0608953755653
-231.28489722365111
-223.1115422982324
-235.939032940017
-227.44442517068376
-229.94648992192543
-237.59158175698374
-231.43977477554347
-229.6464801812261
-229.8354669112798
-242.12622983590285
-239.37430180677654
-230.2790980930239
-242.130766543627
-214.94603122672217
-239.8767074626978
-216.23101375604574
-237.53503824842366
-234.12870947737537
-233.06801578620116
-243.9216289467612
-234.64300415177073
-235.57344005974034
-234.08523805019126
-241.61679167811602
-243.66952615192062
-235.44860041111815
-228.4434274304956
-232.31488850217391
-207.03129698053056
-228.19682099055365
-238.17431077012063
-228.72517357826942
-239.20487001139728
-240.58456805793784
-241.23610425483366
-210.4766910912751
-241.04217996142913
