-227.908
-220.772
-223.794
-227.621
-224.218
-216.122
-223.603
-227.478
-227.613
-229.585
-227.314
-220.966
-224.021
-227.188
-225.745
-226.420
-203.616
-233.293
-223.380
-226.122
-233.883
-203.340
-226.087
-223.060
-219.414
-212.793
-230.095
-230.147
-236.143
-222.500
-220.451
-231.617
-235.278
-230.003
-227.087
-222.362
-225.389
-229.986
-222.424
-219.375
-240.014
-237.361
-234.408
-236.919
-223.577
-221.050
-225.673
-228.046
-227.929
-228.376
-233.016
-233.138
-230.374
-229.870
-217.002
-221.727
-232.387
-223.419
-233.763
-228.114
-230.468
-221.278
-228.576
-227.066
-219.894
-229.950
-216.111
-207.788
-229.464
-215.824
-232.271
-210.255
-231.617
-226.277
-225.091
-227.613
-220.192
-227.154
-224.944
-222.198
-218.758
-224.787
-214.285
-203.856
-227.142
-234.727
-236.407
-232.214
-240.014
-237.361
-236.919
-236.143
-226.787
-230.190
-232.311
-229.317
-226.174
-218.929
-228.673
-225.023
-230.856
-222.448
-228.588
-223.938
-231.683
-229.609
-225.212
-227.305
-224.263
-230.836
-221.062
-225.682
-227.525
-227.056
-209.502
-228.054
-227.695
-232.500
-219.417
-234.616
-226.277
-236.407
-226.277
-230.374
-228.184
-232.315
-219.509
-226.173
-223.386
-228.919
-231.047
-234.872
-228.038
-228.468
-232.119
-231.270
-240.014
-237.361
-236.919
-236.407
