  ID   Compositions    Enthalpies    Volumes    fitness  SYMM
                       (eV/atom)    (A^3/atom)    ()         
  41  [    17 40  ]     -4.2108     21.0184   -240.0145     0
  42  [    17 40  ]     -4.1642     24.4463   -237.3614     0
  44  [    17 40  ]     -4.1565     19.6548   -236.9186     0
  87  [    17 40  ]     -4.1475     27.2287   -236.4067     0
  29  [    17 40  ]     -4.1429     27.2287   -236.1430     0
  33  [    17 40  ]     -4.1277     27.2287   -235.2785     0
 132  [    17 40  ]     -4.1206     27.2287   -234.8717     0
  86  [    17 40  ]     -4.1180     27.2287   -234.7270     0
 120  [    17 40  ]     -4.1161     27.2287   -234.6163     0
  43  [    17 40  ]     -4.1124     18.5355   -234.4082     0
  21  [    17 40  ]     -4.1032     27.2287   -233.8827     0
  59  [    17 40  ]     -4.1011     27.2287   -233.7630     0
  18  [    17 40  ]     -4.0929     27.2287   -233.2927     0
  52  [    17 40  ]     -4.0901     27.2287   -233.1382     0
  51  [    17 40  ]     -4.0880     27.2287   -233.0159     0
 118  [    17 40  ]     -4.0789     27.2287   -232.5000     0
  57  [    17 40  ]     -4.0770     27.2287   -232.3870     0
 126  [    17 40  ]     -4.0757     27.2287   -232.3153     0
  95  [    17 40  ]     -4.0756     27.2287   -232.3109     0
  71  [    17 40  ]     -4.0749     27.2287   -232.2706     0
