Gen   ID    Origin   Composition    Enthalpy   Volume  Density   Fitness   KPOINTS  SYMM  Q_entr A_order S_order
                                      (eV)     (A^3)  (g/cm^3)
  1    1   Random    [    17 40  ]  -227.908  1552.036   3.011   -227.908 [ 1  1  1]   0  0.239  0.162  1.973
  1    2   Random    [    17 40  ]  -220.772  1552.036   3.011   -220.772 [ 1  1  1]   0  0.160  0.161  4.556
  1    3   Random    [    17 40  ]  -223.794  1552.036   3.011   -223.794 [ 1  1  1]   0  0.058  0.161  3.671
  1    4   Random    [    17 40  ]  -227.621  1552.036   3.011   -227.621 [ 1  1  1]   0  0.202  0.162  2.234
  1    5   Random    [    17 40  ]  -224.218  1552.036   3.011   -224.218 [ 1  1  1]   0  0.185  0.162  2.767
  1    6   Random    [    17 40  ]  -216.122  1552.036   3.011   -216.122 [ 1  1  1]   0  0.070  0.162  3.137
  1    7   Random    [    17 40  ]  -223.603  1552.036   3.011   -223.603 [ 1  1  1]   0  0.176  0.162  6.399
  1    8   Random    [    17 40  ]  -227.478  1552.036   3.011   -227.478 [ 1  1  1]   0  0.233  0.162  2.689
  1    9   Random    [    17 40  ]  -227.613  1552.036   3.011   -227.613 [ 1  1  1]   0  0.144  0.163  3.025
  1   10   Random    [    17 40  ]  -229.585  1552.036   3.011   -229.585 [ 1  1  1]   0  0.231  0.163  2.142
  1   11   Random    [    17 40  ]  -227.314  1552.036   3.011   -227.314 [ 1  1  1]   0  0.129  0.163  2.458
  1   12   Random    [    17 40  ]  -220.966  1552.036   3.011   -220.966 [ 1  1  1]   0  0.204  0.163  2.415
  1   13   Random    [    17 40  ]  -224.021  1552.036   3.011   -224.021 [ 1  1  1]   0  0.000  0.163  4.171
  1   14   Random    [    17 40  ]  -227.188  1552.036   3.011   -227.188 [ 1  1  1]   0  0.172  0.162  4.116
  1   15   Random    [    17 40  ]  -225.745  1552.036   3.011   -225.745 [ 1  1  1]   0  0.199  0.162  2.324
  1   16   Random    [    17 40  ]  -226.420  1552.036   3.011   -226.420 [ 1  1  1]   0  0.194  0.162  1.880
  1   17   Random    [    17 40  ]  -203.616  1552.036   3.011   -203.616 [ 1  1  1]   0  0.170  0.162  2.026
  1   18   Random    [    17 40  ]  -233.293  1552.036   3.011   -233.293 [ 1  1  1]   0  0.240  0.162  2.732
  1   19   Random    [    17 40  ]  -223.380  1552.036   3.011   -223.380 [ 1  1  1]   0  0.118  0.162  3.268
  1   20   Random    [    17 40  ]  -226.122  1552.036   3.011   -226.122 [ 1  1  1]   0  0.053  0.162  2.953
  1   21   Random    [    17 40  ]  -233.883  1552.036   3.011   -233.883 [ 1  1  1]   0  0.224  0.162  1.850
  1   22   Random    [    17 40  ]  -203.340  1552.036   3.011   -203.340 [ 1  1  1]   0  0.000  0.161  5.494
  1   23   Random    [    17 40  ]  -226.087  1552.036   3.011   -226.087 [ 1  1  1]   0  0.109  0.162  3.528
  1   24   Random    [    17 40  ]  -223.060  1552.036   3.011   -223.060 [ 1  1  1]   0  0.000  0.161  4.654
  1   25   Random    [    17 40  ]  -219.414  1552.036   3.011   -219.414 [ 1  1  1]   0  0.252  0.162  2.262
  1   26   Random    [    17 40  ]  -212.793  1552.036   3.011   -212.793 [ 1  1  1]   0  0.215  0.161  2.284
  1   27   Random    [    17 40  ]  -230.095  1552.036   3.011   -230.095 [ 1  1  1]   0  0.162  0.162  2.482
  1   28   Random    [    17 40  ]  -230.147  1552.036   3.011   -230.147 [ 1  1  1]   0  0.204  0.162  1.934
  1   29   Random    [    17 40  ]  -236.143  1552.036   3.011   -236.143 [ 1  1  1]   0  0.145  0.162  2.318
  1   30   Random    [    17 40  ]  -222.500  1552.036   3.011   -222.500 [ 1  1  1]   0  0.210  0.162  1.819
  1   31   Random    [    17 40  ]  -220.451  1552.036   3.011   -220.451 [ 1  1  1]   0  0.200  0.162  1.865
  1   32   Random    [    17 40  ]  -231.617  1552.036   3.011   -231.617 [ 1  1  1]   0  0.099  0.162  2.665
  1   33   Random    [    17 40  ]  -235.278  1552.036   3.011   -235.278 [ 1  1  1]   0  0.130  0.162  3.247
  1   34   Random    [    17 40  ]  -230.003  1552.036   3.011   -230.003 [ 1  1  1]   0  0.149  0.162  2.946
  1   35   Random    [    17 40  ]  -227.087  1552.036   3.011   -227.087 [ 1  1  1]   0  0.123  0.162  3.008
  1   36   Random    [    17 40  ]  -222.362  1552.036   3.011   -222.362 [ 1  1  1]   0  0.172  0.163  4.045
  1   37   Random    [    17 40  ]  -225.389  1552.036   3.011   -225.389 [ 1  1  1]   0  0.089  0.161  2.838
  1   38   Random    [    17 40  ]  -229.986  1552.036   3.011   -229.986 [ 1  1  1]   0  0.212  0.163  2.039
  1   39   Random    [    17 40  ]  -222.424  1552.036   3.011   -222.424 [ 1  1  1]   0  0.216  0.162  4.417
  1   40   Random    [    17 40  ]  -219.375  1552.036   3.011   -219.375 [ 1  1  1]   0  0.121  0.163  2.897
  1   41   Seeds     [    17 40  ]  -240.014  1198.050   3.900   -240.014 [ 1  1  1]   0  0.054  0.162  1.917
  1   42   Seeds     [    17 40  ]  -237.361  1393.436   3.353   -237.361 [ 1  1  1]   0  0.091  0.162 71.084
  1   43   Seeds     [    17 40  ]  -234.408  1056.521   4.423   -234.408 [ 1  1  1]   0  0.164  0.163  2.095
  1   44   Seeds     [    17 40  ]  -236.919  1120.322   4.171   -236.919 [ 1  1  1]   0  0.043  0.163  2.445
  2   45 Heredity    [    17 40  ]  -223.577  1552.036   3.011   -223.577 [ 1  1  1]   0  0.206  0.162  2.316
  2   46 Heredity    [    17 40  ]  -221.050  1552.036   3.011   -221.050 [ 1  1  1]   0  0.266  0.162  2.438
  2   47 Heredity    [    17 40  ]  -225.673  1552.036   3.011   -225.673 [ 1  1  1]   0  0.235  0.162  2.547
  2   48 Heredity    [    17 40  ]  -228.046  1552.036   3.011   -228.046 [ 1  1  1]   0  0.217  0.162  2.291
  2   49 Heredity    [    17 40  ]  -227.929  1552.036   3.011   -227.929 [ 1  1  1]   0  0.253  0.162  2.471
  2   50 Heredity    [    17 40  ]  -228.376  1552.036   3.011   -228.376 [ 1  1  1]   0  0.223  0.162  1.892
  2   51 Heredity    [    17 40  ]  -233.016  1552.036   3.011   -233.016 [ 1  1  1]   0  0.249  0.162  1.921
  2   52 Heredity    [    17 40  ]  -233.138  1552.036   3.011   -233.138 [ 1  1  1]   0  0.218  0.162  2.117
  2   53 Heredity    [    17 40  ]  -230.374  1552.036   3.011   -230.374 [ 1  1  1]   0  0.192  0.162  1.902
  2   54 Heredity    [    17 40  ]  -229.870  1552.036   3.011   -229.870 [ 1  1  1]   0  0.198  0.162  1.728
  2   55 Heredity    [    17 40  ]  -217.002  1552.036   3.011   -217.002 [ 1  1  1]   0  0.214  0.162  1.791
  2   56 Heredity    [    17 40  ]  -221.727  1552.036   3.011   -221.668 [ 1  1  1]   0  0.231  0.163  2.126
  2   57 Heredity    [    17 40  ]  -232.387  1552.036   3.011   -232.387 [ 1  1  1]   0  0.243  0.162  1.983
  2   58 Heredity    [    17 40  ]  -223.419  1552.036   3.011   -223.419 [ 1  1  1]   0  0.223  0.162  2.135
  2   59 Heredity    [    17 40  ]  -233.763  1552.036   3.011   -233.763 [ 1  1  1]   0  0.150  0.162  2.835
  2   60 Heredity    [    17 40  ]  -228.114  1552.036   3.011   -228.114 [ 1  1  1]   0  0.200  0.161  1.968
  2   61 Heredity    [    17 40  ]  -230.468  1552.036   3.011   -230.468 [ 1  1  1]   0  0.241  0.162  1.878
  2   62 Heredity    [    17 40  ]  -221.278  1552.036   3.011   -221.278 [ 1  1  1]   0  0.240  0.162  2.401
  2   63 Heredity    [    17 40  ]  -228.576  1552.036   3.011   -228.576 [ 1  1  1]   0  0.206  0.162  2.103
  2   64 Heredity    [    17 40  ]  -227.066  1552.036   3.011   -227.066 [ 1  1  1]   0  0.228  0.162  3.032
  2   65   Random    [    17 40  ]  -219.894  1552.036   3.011   -219.894 [ 1  1  1]   0  0.187  0.162  2.919
  2   66   Random    [    17 40  ]  -229.950  1552.036   3.011   -229.950 [ 1  1  1]   0  0.195  0.162  3.178
  2   67   Random    [    17 40  ]  -216.111  1552.036   3.011   -216.111 [ 1  1  1]   0  0.197  0.162  2.136
  2   68   Random    [    17 40  ]  -207.788  1552.036   3.011   -207.788 [ 1  1  1]   0  0.000  0.162  4.977
  2   69   Random    [    17 40  ]  -229.464  1552.036   3.011   -229.464 [ 1  1  1]   0  0.205  0.163  3.350
  2   70   Random    [    17 40  ]  -215.824  1552.036   3.011   -215.824 [ 1  1  1]   0  0.217  0.161  5.879
  2   71   Random    [    17 40  ]  -232.271  1552.036   3.011   -232.271 [ 1  1  1]   0  0.110  0.161  2.769
  2   72   Random    [    17 40  ]  -210.255  1552.036   3.011   -210.255 [ 1  1  1]   0  0.161  0.161  2.539
  2   73 Permutate   [    17 40  ]  -231.617  1552.036   3.011   -231.537 [ 1  1  1]   0  0.099  0.162  2.665
  2   74 Permutate   [    17 40  ]  -226.277  1252.311   3.731   -226.211 [ 1  1  1]   0  0.164  0.162 71.209
  2   75 Permutate   [    17 40  ]  -225.091  1552.036   3.011   -225.091 [ 1  1  1]   0  0.230  0.162  1.943
  2   76 Permutate   [    17 40  ]  -227.613  1552.036   3.011   -227.533 [ 1  1  1]   0  0.144  0.163  3.025
  2   77 softmutate  [    17 40  ]  -220.192  1552.036   3.011   -220.192 [ 1  1  1]   0  0.158  0.162  2.395
  2   78 softmutate  [    17 40  ]  -227.154  1552.036   3.011   -227.154 [ 1  1  1]   0  0.195  0.163  2.326
  2   79 softmutate  [    17 40  ]  -224.944  1252.311   3.731   -224.944 [ 1  1  1]   0  0.096  0.162 45.122
  2   80 softmutate  [    17 40  ]  -222.198  1252.311   3.731   -222.198 [ 1  1  1]   0  0.101  0.163  3.734
  2   81 softmutate  [    17 40  ]  -218.758  1552.036   3.011   -218.758 [ 1  1  1]   0  0.244  0.162  2.581
  2   82 softmutate  [    17 40  ]  -224.787  1552.036   3.011   -224.787 [ 1  1  1]   0  0.221  0.162  1.930
  2   83 softmutate  [    17 40  ]  -214.285  1552.036   3.011   -214.285 [ 1  1  1]   0  0.151  0.162  3.209
  2   84 softmutate  [    17 40  ]  -203.856  1135.520   4.115   -203.856 [ 1  1  1]   0  0.187  0.163  2.059
  2   85 Transmutate [    17 40  ]  -227.142  1552.036   3.011   -227.142 [ 1  1  1]   0  0.226  0.162  2.030
  2   86 Transmutate [    17 40  ]  -234.727  1552.036   3.011   -234.727 [ 1  1  1]   0  0.230  0.162  2.031
  2   87 Transmutate [    17 40  ]  -236.407  1552.036   3.011   -236.407 [ 1  1  1]   0  0.236  0.162  2.433
  2   88 Transmutate [    17 40  ]  -232.214  1552.036   3.011   -232.214 [ 1  1  1]   0  0.225  0.163  1.936
  2   89 keptBest    [    17 40  ]  -240.014  1198.050   3.900   -239.935 [ 1  1  1]   0  0.054  0.162  1.917
  2   90 keptBest    [    17 40  ]  -237.361  1393.436   3.353   -237.281 [ 1  1  1]   0  0.091  0.162 71.084
  2   91 keptBest    [    17 40  ]  -236.919  1120.322   4.171   -236.839 [ 1  1  1]   0  0.043  0.163  2.445
  2   92 keptBest    [    17 40  ]  -236.143  1552.036   3.011   -236.063 [ 1  1  1]   0  0.145  0.162  2.318
  3   93 Heredity    [    17 40  ]  -226.787  1552.036   3.011   -226.787 [ 1  1  1]   0  0.216  0.162  1.872
  3   94 Heredity    [    17 40  ]  -230.190  1552.036   3.011   -230.190 [ 1  1  1]   0  0.152  0.162  2.177
  3   95 Heredity    [    17 40  ]  -232.311  1552.036   3.011   -232.311 [ 1  1  1]   0  0.211  0.162  1.824
  3   96 Heredity    [    17 40  ]  -229.317  1552.036   3.011   -229.317 [ 1  1  1]   0  0.226  0.162  2.026
  3   97 Heredity    [    17 40  ]  -226.174  1552.036   3.011   -226.174 [ 1  1  1]   0  0.222  0.161  2.902
  3   98 Heredity    [    17 40  ]  -218.929  1552.036   3.011   -218.929 [ 1  1  1]   0  0.256  0.162  2.495
  3   99 Heredity    [    17 40  ]  -228.673  1552.036   3.011   -228.673 [ 1  1  1]   0  0.236  0.163  2.399
  3  100 Heredity    [    17 40  ]  -225.023  1552.036   3.011   -225.023 [ 1  1  1]   0  0.228  0.162  1.848
  3  101 Heredity    [    17 40  ]  -230.856  1552.036   3.011   -230.856 [ 1  1  1]   0  0.227  0.162  2.101
  3  102 Heredity    [    17 40  ]  -222.448  1552.036   3.011   -222.448 [ 1  1  1]   0  0.237  0.162  2.256
  3  103 Heredity    [    17 40  ]  -228.588  1552.036   3.011   -228.588 [ 1  1  1]   0  0.229  0.162  1.916
  3  104 Heredity    [    17 40  ]  -223.938  1552.036   3.011   -223.938 [ 1  1  1]   0  0.230  0.162  1.914
  3  105 Heredity    [    17 40  ]  -231.683  1552.036   3.011   -231.683 [ 1  1  1]   0  0.243  0.162  1.796
  3  106 Heredity    [    17 40  ]  -229.609  1552.036   3.011   -229.609 [ 1  1  1]   0  0.259  0.162  1.921
  3  107 Heredity    [    17 40  ]  -225.212  1552.036   3.011   -225.212 [ 1  1  1]   0  0.250  0.162  2.197
  3  108 Heredity    [    17 40  ]  -227.305  1552.036   3.011   -227.305 [ 1  1  1]   0  0.254  0.162  2.030
  3  109 Heredity    [    17 40  ]  -224.263  1552.036   3.011   -224.263 [ 1  1  1]   0  0.250  0.162  2.140
  3  110 Heredity    [    17 40  ]  -230.836  1552.036   3.011   -230.836 [ 1  1  1]   0  0.238  0.162  2.537
  3  111 Heredity    [    17 40  ]  -221.062  1552.036   3.011   -221.062 [ 1  1  1]   0  0.247  0.161  2.649
  3  112 Heredity    [    17 40  ]  -225.682  1552.036   3.011   -225.682 [ 1  1  1]   0  0.235  0.162  1.904
  3  113   Random    [    17 40  ]  -227.525  1552.036   3.011   -227.525 [ 1  1  1]   0  0.144  0.163  2.593
  3  114   Random    [    17 40  ]  -227.056  1552.036   3.011   -227.056 [ 1  1  1]   0  0.103  0.163  3.100
  3  115   Random    [    17 40  ]  -209.502  1552.036   3.011   -209.502 [ 1  1  1]   0  0.159  0.162  2.418
  3  116   Random    [    17 40  ]  -228.054  1552.036   3.011   -228.054 [ 1  1  1]   0  0.208  0.162  1.945
  3  117   Random    [    17 40  ]  -227.695  1552.036   3.011   -227.695 [ 1  1  1]   0  0.109  0.162  2.573
  3  118   Random    [    17 40  ]  -232.500  1552.036   3.011   -232.500 [ 1  1  1]   0  0.125  0.162  2.801
  3  119   Random    [    17 40  ]  -219.417  1552.036   3.011   -219.417 [ 1  1  1]   0  0.092  0.162  3.370
  3  120   Random    [    17 40  ]  -234.616  1552.036   3.011   -234.616 [ 1  1  1]   0  0.197  0.162  2.815
  3  121 Permutate   [    17 40  ]  -226.277  1252.311   3.731   -226.078 [ 1  1  1]   0  0.164  0.162 71.209
  3  122 Permutate   [    17 40  ]  -236.407  1552.036   3.011   -236.334 [ 1  1  1]   0  0.236  0.162  2.433
  3  123 Permutate   [    17 40  ]  -226.277  1252.311   3.731   -226.078 [ 1  1  1]   0  0.164  0.162 71.209
  3  124 Permutate   [    17 40  ]  -230.374  1552.036   3.011   -230.301 [ 1  1  1]   0  0.192  0.162  1.902
  3  125 softmutate  [    17 40  ]  -228.184  1552.036   3.011   -228.184 [ 1  1  1]   0  0.236  0.162  1.864
  3  126 softmutate  [    17 40  ]  -232.315  1552.036   3.011   -232.315 [ 1  1  1]   0  0.231  0.162  1.880
  3  127 softmutate  [    17 40  ]  -219.509  1552.036   3.011   -219.509 [ 1  1  1]   0  0.237  0.162  1.846
  3  128 softmutate  [    17 40  ]  -226.173  1552.036   3.011   -226.173 [ 1  1  1]   0  0.197  0.162  1.824
  3  129 softmutate  [    17 40  ]  -223.386  1252.311   3.731   -223.386 [ 1  1  1]   0  0.103  0.162  3.312
  3  130 CoorMutate  [    17 40  ]  -228.919  1552.036   3.011   -228.919 [ 1  1  1]   0  0.180  0.161  1.954
  3  131 softmutate  [    17 40  ]  -231.047  1552.036   3.011   -231.047 [ 1  1  1]   0  0.188  0.162  2.013
  3  132 softmutate  [    17 40  ]  -234.872  1552.036   3.011   -234.872 [ 1  1  1]   0  0.098  0.163  2.599
  3  133 Transmutate [    17 40  ]  -228.038  1552.036   3.011   -228.038 [ 1  1  1]   0  0.220  0.162  2.014
  3  134 Transmutate [    17 40  ]  -228.468  1552.036   3.011   -228.468 [ 1  1  1]   0  0.220  0.162  2.031
  3  135 Transmutate [    17 40  ]  -232.119  1552.036   3.011   -232.119 [ 1  1  1]   0  0.214  0.162  1.861
  3  136 Transmutate [    17 40  ]  -231.270  1552.036   3.011   -231.270 [ 1  1  1]   0  0.178  0.162  1.992
  3  137 keptBest    [    17 40  ]  -240.014  1198.050   3.900   -239.862 [ 1  1  1]   0  0.054  0.162  1.917
  3  138 keptBest    [    17 40  ]  -237.361  1393.436   3.353   -237.149 [ 1  1  1]   0  0.091  0.162 71.084
  3  139 keptBest    [    17 40  ]  -236.919  1120.322   4.171   -236.766 [ 1  1  1]   0  0.043  0.163  2.445
  3  140 keptBest    [    17 40  ]  -236.407  1552.036   3.011   -236.334 [ 1  1  1]   0  0.236  0.162  2.433
