-263.82484254660574
-263.53693576469914
-263.2323159333216
-263.840559242768
-263.4605349638988
-263.418510508394
-263.4001557120824
-263.1105808517156
-263.21238638214965
-263.1803139197524
-263.74654625658485
-262.98215140014486
-263.47231650110757
-263.45055935789105
-263.6938400168399
-263.42561959477234
-263.6042899403969
-263.7705578466443
-263.3041639973814
-263.63380370787445
-262.6507085448979
-263.443071542363
-263.51451946587395
-263.4713752360395
-263.350140576247
-263.55667168351056
-263.4651992603778
-263.5189434349746
-263.4587464169532
-263.5963822635091
-263.4617933154258
-263.5214893224111
-263.72736475821637
-263.5730480696905
-263.4134485899195
-263.6354577449788
-263.2701940916038
-263.55138448258424
-263.4165784141682
-263.39376256235175
-263.7018959055334
-263.7163883678262
-263.45736078139737
-263.5297563376843
-263.6068574349681
-263.2186027543272
-263.6626836999802
-263.53015017461496
-263.55933683360956
-263.5511371337094
-263.5859714408826
-263.55053352539085
-263.5945932450704
-263.527531535919
-263.3370416082797
-263.4470434232712
-263.7007917523818
-263.5146265228958
-263.64803703800317
-263.56032189661755
-263.55096291167314
-262.2539858553132
-263.50378279470976
-263.4647394833462
-263.7550778241866
-263.4393569608154
-263.5910693781269
-263.6246185778883
-263.5467531328666
-263.6062078211091
-263.61045782178303
-263.4617933154258
-263.3819605339854
-263.50981253263024
-263.52564757149264
-263.4357096755475
-263.5499114584294
-263.7741195232582
-263.5557473311085
-263.57132645883866
-263.6929714124629
-263.8140232982913
-263.6989075134634
-263.77857004645784
-263.5076644103518
-263.61540162410756
-263.72929952501676
-263.34316161941206
-263.67051783401615
-263.47708016529197
-263.49513679858444
-263.50157176761513
-263.67111098651947
-263.53477728406233
-263.6099517822167
-263.44160960647076
-263.52686827119703
-263.5288985275232
-263.57924022560655
-263.5208947553856
-263.50290878000783
-263.61598915183947
-263.4723623554449
-263.3174992145542
-263.5802699826392
-263.7712128427776
-263.40050505486846
-263.6730817038274
-263.6698871858004
-263.590487778571
-263.2995668130823
-263.56922707836713
-263.73500468377824
-263.77857004645784
-263.7306493504848
-263.7558209111798
-263.74286310004806
-263.5600412419892
-263.62167372454593
-263.43995106508345
-263.6251593447428
-263.5821708054028
-263.5692603369322
-263.63914005839536
-263.7493690800801
-263.7415086216389
-263.79373551270464
-263.6400350470342
