-250.11583461646694
-248.39716751311866
-255.73375585508157
-258.3666922174536
-248.4747403805062
-249.9671693891312
-250.08036267854814
-258.0220975179865
-238.73699059334763
-234.8924496597748
-252.9231142582539
-254.23326004054735
-253.67350209912735
-240.70826536850612
-254.50170955905145
-252.33914707481543
-214.16988013785044
-247.46956642271323
-253.6453915248019
-247.70295660800724
-251.32138160349538
-249.85409127793218
-246.0384523700484
-241.31497752548538
-258.4597131721858
-252.2731041140239
-249.03508277123024
-256.4477168449866
-243.6970160975155
-243.48039331494616
-257.236465611961
-245.11390728204833
-254.52579690184479
-257.30848632369225
-254.28862657955779
-258.66815820530064
-257.6125542507769
-241.80469207221154
-196.72016089668378
-222.24605860443756
-261.5384099114573
-261.17939523901526
-260.96028860662244
-260.22800802911064
-259.59010335172144
-260.43157520188925
-259.49783139598014
-258.8148169090091
-260.30035036440563
-260.03860041378596
-259.30728060706724
-259.216376764434
-259.90456387151494
-258.83574574209433
-259.0622200267669
-257.7595656324085
-258.14181494319314
-259.3384093623041
-257.91640312609104
-258.5694385742387
-259.29910600570474
-254.665666041358
-255.49040030133034
-251.9206833531858
-258.1997927995336
-242.88837240285005
-257.97577728920464
-254.2506834199161
-248.7214671561582
-252.9811586119075
-254.0879891289266
-249.72499546293142
-260.6138713128796
-257.53170810721326
-242.68074524040384
-252.8190029540648
-253.27652456567597
-252.45849660945234
-257.2927362578581
-257.03952704147343
-244.9783245830405
-253.62177696222668
-254.41628830781733
-253.50485693033963
-262.07686261846186
-238.40841550608366
-257.00241060355364
-240.78584726743588
-259.59010335172144
-255.91816012608174
-258.906031994993
-260.43157520188925
-251.83156152381972
-259.2496346045587
-253.54777159781742
-255.26584822194937
-255.20805473076
-250.56546168205807
-258.28389017271934
-246.8205109772034
-259.41563858645696
-257.6301500495583
-258.06581775101597
-257.7024024909551
-256.2654433365783
-252.5368522021573
-255.15478345174037
-243.65813782766543
-251.9070749765599
-247.75680682895265
-250.6147248170819
-253.01330312757688
-241.97415380730516
-244.7179815553716
-255.94352738884345
-253.7191062825485
-259.2228737367669
-255.98595246010098
-253.86580769279647
-256.6932917652113
-252.30657222037314
-257.8462668483705
-237.17560320779066
-258.760763836954
-253.50048953678834
-254.2103203756594
-236.7207620754317
-260.08912370516043
-234.38561415487428
-256.40841052132754
-257.51302462089814
-257.97935810717166
-257.7329803285061
-260.43157520188925
-256.1746049280106
-258.9520382411705
-251.58152463329134
-258.7948318954799
-252.49610773966955
-257.5837869445517
-260.464257497299
-248.54348821957484
-258.8834338858118
-247.79825957708383
-260.0178265072325
-258.4280671476917
-260.7283409294646
-260.1725498011498
