-216.143922530877
-206.97957196364007
-216.30551029317198
-174.0679845545268
-210.3688457753433
-203.60865468494825
-216.08980751878798
-210.97183761944532
-214.7225683780365
-214.18223551642268
-210.58699667323287
-214.39182451636822
-211.1105535054141
-214.493253895189
-211.98498820167896
-216.37481173830605
-210.24391346636526
-219.32766130605256
-200.18060657630923
-190.66254682904403
-210.19571876877265
-212.0746962247068
-215.05410887554189
-213.92014357122264
-214.67869608818887
-201.0483178074461
-210.69485194918593
-200.95481488058377
-219.05685694944972
-212.13977326496448
-198.4126641805761
-198.57618635682158
-215.67127781933024
-219.8894732528214
-153.90178395215486
-210.8764649372702
-207.1592242539146
-200.78159162792883
-214.99136007835193
-209.75214436951836
-211.3872547971031
-203.8951242223552
-213.06581445903572
-214.18134678365726
-218.5055840779355
-214.2961748357206
-221.4841365039441
-214.62321758297333
-203.68171450203653
-211.8088854038899
-210.58036116567249
-214.71584888487604
-212.86876969937384
-194.25194609600737
-202.86255371278588
-214.20044269079253
-218.64797132943698
-215.6932935350342
-214.57898521758185
-217.8859015110656
-217.26768462508494
-219.28154200464562
-217.0895755742872
-219.7245705425574
-215.43220145691606
-216.51978056521352
-215.65680436471916
-214.7261451727821
-214.97392278157372
-217.4121333348704
-217.51942008789786
-214.6096890408007
-219.95877306848595
-216.00008103851803
-214.78097405855996
-219.51951356640245
-216.80822594187646
-214.55434880910582
-217.92007587006867
-216.71756065488245
-210.92961106369847
-205.00282580509025
-215.70110853415684
-212.43617397047177
-215.16841734046014
-214.40326868374467
-217.21910901433586
-211.95359054542772
-214.38096001742872
-216.2679748528545
-219.31104664700695
-214.75835577979134
-215.05107044928292
-219.4640325879949
-216.07319140950858
-220.42159104235122
-217.40382667063943
-216.51676445500578
-218.9397875587415
-215.05368074049275
-214.48034514282233
-213.5084577630338
-217.70840913726778
-216.1358401873452
-219.3112080427032
-217.87410766920905
-217.54921939856993
-218.83053242041444
-218.9977010964223
-217.31848394303557
-217.42875801926357
-218.90149389647476
-219.0706920864635
-216.39271610846237
-218.99309162405433
-217.4481458253103
-218.5496994384154
-217.14409565879265
-219.3413926017343
-217.4454649674086
-218.2554932477016
-218.475263165383
-219.88496825177447
-218.4463741175439
-218.3291988494029
-218.37479785815094
-220.9492879433098
-215.92496970422908
-218.00486223991325
-217.22739694901128
-218.88158664971252
-217.83836374364074
-218.72411109939878
-207.56643680550118
-203.59641815042008
-213.61277079984015
-209.80995140352752
-209.24987529889302
-218.69221001082911
-218.25460742600418
-219.93774620011575
-220.4306679741145
-217.48958705808212
-219.45016677489198
-216.19012990358567
-219.4621057363075
-217.68837219714453
-218.64856222638213
-217.20172205555198
-216.53701094455363
-216.06466966957427
-218.93900869390697
-217.0495436575951
-219.42996694502665
-218.93639682378478
