-228.45652185446346
-227.6486778113339
-249.00893188338154
-230.66013074104563
-248.8784746847627
-226.93498679212917
-243.70579035284803
-234.3105432989264
-206.63769017835955
-245.66340870194273
-237.35633296756282
-240.6981037617845
-209.8547620683755
-239.8231598210163
-244.58705817264718
-230.08358334482045
-242.46400848810208
-245.27429192259123
-226.25785771067615
-242.3801895039714
-226.99783139894083
-240.95366826622762
-234.98079231403494
-227.60176910745008
-224.25673225360725
-243.61261969977042
-221.2174891904918
-236.31752267168451
-237.30907150868444
-233.8941750152013
-235.19819522102298
-249.0213534684492
-236.02962253834227
-229.2327017537491
-236.1981744193397
-245.09548813363568
-220.9121905482636
-240.49691734455706
-246.55822377790656
-246.60979655794623
-247.46705142905222
-249.19782488160038
-249.2935970826003
-250.31218834596038
-239.5039716137141
-244.41180202656676
-231.8828250807294
-237.66047548037918
-240.7977787356279
-241.49061967992617
-241.52820986512867
-233.92083800651335
-242.38667977079118
-228.72158488203092
-234.72820513557113
-235.29341019576194
-233.2582490800223
-239.20044068500118
-248.10696674963776
-233.3156745857238
-236.78575686890122
-228.90049821374743
-239.17274921579374
-243.65947771499026
-228.92287151995822
-228.33739884540284
-209.69899795975127
-245.64765058764593
-239.71445826076814
-233.65059781753652
-244.03777000898634
-248.4218808036739
-246.55822377790656
-221.54151392433792
-244.2306220737988
-247.59348692233112
-232.3267444273423
-236.3244092200325
-247.45756589865186
-242.5303895994416
-230.21822460887142
-233.67446565055337
-240.28355508048514
-245.84501158785267
-247.76040549327797
-239.25591563752627
-249.79903112191937
-224.9664399446055
-232.49773817427047
-245.66171468212383
-243.12098605325147
-236.38190764259375
-237.8487111527353
-241.1485099122749
-246.51010355293866
-241.8557486342723
-242.8617550517047
-244.2478973386342
-239.41003762302785
-229.90760386259709
-244.0400268617002
-236.75646364393344
-243.18254594835776
-227.42275108817284
-248.30977347977037
-226.96267756954572
-241.16191494783408
-239.0856996486018
-221.48869530829128
-230.17464619193268
-245.04391055603855
-225.56422668058875
-222.84358343055743
-244.94334179459725
-233.70994319782142
-222.15387818640028
-241.04326793460834
-243.65947771499026
-249.386499178494
-227.85478195107498
-233.74039582676352
-225.6119490589071
-245.8503393771054
-243.16611475857354
-243.72259061674342
-241.23173305931053
-228.3482975494644
-244.16089377837514
-248.39274902040313
-229.24160143339157
-238.4150545337977
-242.9307620427998
